0 119.902 -44.9576 6.94993 -0.435692 0.0100173
1 152.579 -54.7562 8.46182 -0.547431 0.0131868
2 148.131 -53.0772 8.05496 -0.507406 0.0118742
3 145.743 -54.2743 8.62917 -0.576299 0.0144614
4 128.674 -41.9326 6.02094 -0.362877 0.00839862
5 97.8864 -29.8805 3.98519 -0.204373 0.00386845
6 -31.0078 34.8599 -7.30872 0.623557 -0.0177632
7 156.348 -58.0375 9.22041 -0.623297 0.0159416
8 125.415 -49.0565 7.8711 -0.519625 0.0127144
9 152.945 -58.3653 9.36209 -0.627103 0.0155927
10 109.555 -36.7766 5.45788 -0.337348 0.007992
11 139.822 -56.2442 9.26497 -0.633794 0.0160709
12 129.81 -47.071 7.16528 -0.44835 0.0103903
13 122.037 -45.6504 7.15909 -0.460866 0.0110307
14 137.615 -47.7434 7.21068 -0.452195 0.0105438
15 125.536 -47.0851 7.51675 -0.501624 0.0125561
16 138.837 -50.5718 8.04675 -0.538812 0.0135063
17 97.4905 -28.2506 3.53722 -0.15782 0.00220748
18 124.894 -44.2102 6.67949 -0.417056 0.00980426
19 135.622 -47.6397 7.27401 -0.464033 0.0111134
20 156.189 -59.3522 9.56716 -0.647762 0.0161907
21 136.424 -51.3255 8.17931 -0.542928 0.013407
22 85.5991 -24.0115 3.06607 -0.151065 0.00298876
23 134.268 -51.1128 8.15808 -0.537506 0.0131096
24 134.644 -51.3983 8.25317 -0.551024 0.0137078
25 138.559 -49.2959 7.53834 -0.477563 0.0113268
26 114.97 -37.3597 5.23616 -0.293554 0.00611704
27 111.74 -34.8781 4.89533 -0.281525 0.0062551
28 130.81 -45.2001 6.86242 -0.437147 0.0105201
29 148.176 -54.0994 8.46321 -0.553061 0.013469
30 118.971 -38.8664 5.53347 -0.318974 0.0069539
31 131.198 -44.4063 6.50688 -0.39297 0.00893
32 154.441 -61.5779 10.1669 -0.695313 0.0176075
33 107.754 -31.9818 4.22506 -0.210089 0.00375031
34 146.543 -51.2158 7.62445 -0.465299 0.0105821
35 122.4 -40.6938 5.94314 -0.353553 0.00793422
36 137.903 -49.8066 7.36016 -0.435377 0.00943273
37 120.255 -38.9422 5.49001 -0.302408 0.00602683
38 129.805 -47.4844 7.04357 -0.415524 0.00894398
39 123.091 -44.7279 6.85079 -0.420567 0.0096379
40 123.694 -42.1751 6.18443 -0.365466 0.00806999
41 147.345 -50.8498 7.67815 -0.480985 0.0112329
42 129.982 -43.3002 6.42804 -0.392895 0.009055
43 154.586 -57.8016 9.21562 -0.610206 0.0150466
44 133.467 -41.8544 5.81266 -0.330198 0.00709591
45 158.161 -52.9233 7.68602 -0.456477 0.00997041
46 111.727 -40.6554 6.3876 -0.406916 0.00970958
47 110.353 -34.7018 4.78498 -0.257383 0.00515245
48 163.989 -60.9994 9.68472 -0.639348 0.0155846
49 124.788 -41.5324 6.06123 -0.363672 0.00831709
50 141.61 -50.1525 7.6879 -0.487452 0.0115417
51 133.01 -42.0714 5.71319 -0.308093 0.0061166
52 125.198 -41.6543 6.1459 -0.371336 0.00843728
53 137.356 -46.8662 6.97381 -0.424302 0.00964381
54 128.927 -46.607 7.29476 -0.469704 0.0113508
55 -47.7213 48.1818 -9.9539 0.836342 -0.0236613
56 180.362 -63.5165 9.7562 -0.628021 0.0149507
57 153.746 -56.7031 8.86042 -0.570604 0.0135601
58 133.392 -49.6106 7.84318 -0.510267 0.0123597
59 164.444 -62.5556 10.0227 -0.66438 0.0162179
60 121.669 -42.7882 6.38967 -0.379365 0.00829153
61 159.646 -58.4137 8.95843 -0.56296 0.0130707
62 153.147 -57.4509 9.03675 -0.580327 0.0136957
63 127.986 -43.1931 6.2003 -0.352802 0.00731617
