0 202.476 -68.4115 9.80144 -0.574796 0.0126534
1 170.04 -54.5245 7.53728 -0.413811 0.00849893
2 155.079 -48.6146 6.65891 -0.361104 0.00748553
3 159.299 -52.428 7.53942 -0.442327 0.00996603
4 111.275 -31.2468 4.01597 -0.197224 0.00401054
5 136.841 -39.2079 5.03642 -0.240556 0.00419604
6 147.337 -45.5872 6.14427 -0.324352 0.00649729
7 205.881 -72.2368 10.5894 -0.642152 0.014629
8 140.462 -41.8109 5.59519 -0.299127 0.00624138
9 144.475 -43.2436 5.84651 -0.313501 0.00651048
10 165.782 -53.8256 7.42924 -0.415246 0.00888569
11 148.456 -44.9956 5.87963 -0.291816 0.00529646
12 266.294 -98.0336 14.7627 -0.933152 0.021935
13 255.94 -92.5422 13.6253 -0.833636 0.018879
14 244.46 -83.145 11.7499 -0.68358 0.0147678
15 145.018 -39.9263 4.8932 -0.226903 0.00394944
16 164.84 -51.934 7.26519 -0.419458 0.00936837
17 135.713 -35.8807 4.20784 -0.173441 0.00241189
18 86.8486 -16.5405 1.33625 0.0117167 -0.0019811
19 198.744 -68.5327 9.92177 -0.590141 0.0131529
20 189.832 -65.2021 9.43505 -0.558796 0.0124913
21 138.898 -39.9894 5.30726 -0.274331 0.00542217
22 175.64 -55.5635 7.618 -0.417236 0.00853401
23 146.894 -47.0741 6.87809 -0.41609 0.00977538
24 148.668 -48.1087 6.88475 -0.401575 0.00905321
25 209.816 -67.9013 9.33778 -0.524602 0.0110705
26 163.441 -47.2419 6.13255 -0.319447 0.00646537
27 146.909 -45.3772 6.24276 -0.346385 0.0074539
28 168.977 -53.746 7.30801 -0.398132 0.00816585
29 120.871 -30.2776 3.71907 -0.175593 0.00346664
30 141.349 -39.8421 5.23516 -0.271611 0.00546779
31 93.4982 -18.4762 1.64265 -0.019988 -0.000730147
32 114.144 -42.217 6.60404 -0.405777 0.00949838
33 123.985 -45.7087 7.2615 -0.463071 0.0112595
34 124.467 -44.5915 6.73525 -0.398145 0.00894286
35 125.197 -47.6443 7.40407 -0.44405 0.00986495
36 132.424 -49.9322 7.77599 -0.473093 0.0106055
37 150.176 -57.7847 9.20357 -0.588212 0.0139793
38 111.873 -40.4388 6.21386 -0.373256 0.00857424
39 121.487 -46.0367 7.41136 -0.476281 0.0116754
40 101.156 -33.1914 4.79731 -0.263923 0.00562928
41 122.273 -43.1728 6.55393 -0.38937 0.0087969
42 122.828 -40.7633 5.82836 -0.317617 0.00649155
43 120.552 -42.5417 6.62876 -0.414031 0.00989802
44 133.196 -48.0134 7.29925 -0.435214 0.00970183
45 111.062 -38.4588 5.85277 -0.348261 0.00793179
46 125.437 -47.8142 7.60404 -0.482405 0.0115353
47 123.827 -46.1017 7.44834 -0.488107 0.01211
48 91.7547 -29.7736 4.45605 -0.253388 0.00553851
49 97.1817 -32.7179 4.95265 -0.290259 0.00666707
50 97.2801 -32.359 4.69691 -0.250038 0.00490255
51 113.614 -37.1039 5.33277 -0.296409 0.00634792
52 117.422 -41.5753 6.47278 -0.403661 0.0095686
53 123.928 -47.2451 7.63754 -0.496259 0.0122052
54 102.867 -35.8037 5.481 -0.327134 0.00751065
55 98.0932 -31.2055 4.37925 -0.224817 0.00438503
56 115.994 -39.6934 5.84344 -0.331231 0.00706327
57 100.592 -33.6047 5.17226 -0.313065 0.00736254
58 105.907 -34.5585 5.12851 -0.29623 0.00660282
59 113.535 -35.3332 4.86301 -0.250893 0.00481892
60 110.697 -36.0603 5.47292 -0.330763 0.00773922
61 88.1829 -27.6356 4.0183 -0.221267 0.004846
62 109.357 -38.7589 5.92898 -0.352644 0.00801497
63 90.4904 -30.0992 4.36792 -0.233957 0.00484165
64 127.757 -37.5109 5.02566 -0.256252 0.00494993
65 174.359 -58.9713 8.73817 -0.534025 0.0123712
66 166.213 -54.918 7.81727 -0.441138 0.00930188
67 131.02 -42.0125 5.98441 -0.33376 0.00704591
68 187.169 -67.423 10.5439 -0.682957 0.0165872
69 187.603 -65.5506 9.93103 -0.618734 0.0144551
70 153.539 -47.9401 6.60757 -0.35566 0.00706496
71 160.289 -55.3745 8.29421 -0.504631 0.0116221
72 148.162 -47.1347 6.72752 -0.38601 0.00837607
73 171.734 -56.6382 8.20776 -0.485167 0.0108771
74 203.345 -71.9902 11.0057 -0.699067 0.0166514
75 179.482 -59.2092 8.69681 -0.524309 0.0119056
76 156.133 -55.1303 8.4874 -0.533954 0.012678
77 146.351 -50.194 7.57664 -0.466338 0.0109396
78 140.104 -43.4644 6.08414 -0.336464 0.00711791
79 162.75 -54.1489 7.95518 -0.474572 0.0106826
80 161.626 -53.9972 7.94399 -0.478697 0.0110003
81 154.656 -57.0793 9.14909 -0.58422 0.0141469
82 170.52 -57.7889 8.80009 -0.557066 0.013309
83 151.484 -49.528 7.15115 -0.415613 0.00906404
84 124.705 -36.6043 5.00166 -0.265658 0.00545912
85 169.773 -60.0443 9.2726 -0.586706 0.0139136
86 155.821 -50.5545 7.46611 -0.446592 0.0100998
87 133.019 -37.2873 4.93526 -0.253701 0.0050567
88 136.979 -45.544 6.66605 -0.387133 0.00853866
89 132.974 -41.8992 6.04789 -0.349461 0.00782197
90 178.013 -63.1724 9.76268 -0.622217 0.0148568
91 190.645 -65.4534 9.88783 -0.617144 0.0144848
92 174.98 -61.8958 9.51252 -0.602949 0.0144156
93 132.258 -38.8082 5.32232 -0.289316 0.00619186
94 132.607 -39.5165 5.43033 -0.29483 0.00619526
