0 177.153 -61.923 9.39477 -0.592393 0.0140882
1 158.921 -54.6689 8.15298 -0.500078 0.0117185
2 132.063 -44.1876 6.29607 -0.356928 0.00777391
3 188.062 -65.806 9.96141 -0.629258 0.0149841
4 233.74 -87.7649 13.7802 -0.908176 0.0221119
5 153.623 -49.6618 7.16997 -0.426512 0.00968371
6 166.597 -52.161 7.30509 -0.419558 0.00921527
7 136.849 -45.1506 6.79962 -0.426188 0.0104226
8 171.8 -58.1117 8.60885 -0.53087 0.0124714
9 165.746 -56.5347 8.49511 -0.536425 0.0129187
10 181.754 -63.5408 9.6446 -0.612305 0.0145802
11 166.901 -55.1203 7.90232 -0.461606 0.0101063
12 28.7321 8.13968 -2.55152 0.258984 -0.00748284
13 164.153 -55.6802 8.2791 -0.508565 0.0117996
14 100.407 -28.2443 3.8656 -0.211782 0.00475977
15 166.471 -58.0295 8.86138 -0.567979 0.0137733
16 142.266 -44.1026 6.1971 -0.356107 0.00786114
17 127.589 -38.8741 5.37415 -0.299877 0.00658025
18 150.792 -48.3584 7.02586 -0.428975 0.0102315
19 122.868 -34.3877 4.58006 -0.244696 0.00525046
20 154.97 -51.6443 7.5775 -0.45598 0.0103046
21 145.086 -45.92 6.44746 -0.366124 0.00796393
22 157.869 -55.1745 8.42511 -0.534713 0.0128411
23 162.284 -56.1967 8.38739 -0.512692 0.01185
24 159.074 -52.1086 7.59931 -0.461149 0.0107416
25 146.474 -46.7005 6.84507 -0.418351 0.00980362
26 124.36 -35.4417 4.60143 -0.229295 0.00432356
27 122.94 -33.0607 4.14306 -0.205845 0.00415833
28 131.485 -36.0652 4.48806 -0.211864 0.00371682
29 160.002 -52.5801 7.70276 -0.466795 0.0107979
30 141.436 -44.8313 6.37019 -0.366474 0.00799723
31 111.605 -25.6899 2.68217 -0.087382 0.000755574
32 83.0505 -25.8421 3.77841 -0.204706 0.00444382
33 120.647 -39.4154 5.6722 -0.314439 0.00657673
34 70.7573 -14.0041 1.27318 -0.0053305 -0.000938436
35 87.9894 -22.184 2.65537 -0.0980292 0.00120572
36 94.6933 -29.0837 4.19391 -0.230932 0.00503265
37 121.013 -39.0208 5.6537 -0.319286 0.0068782
38 88.5554 -22.0815 2.51427 -0.0802141 0.000633446
39 -2.55872 27.8691 -6.59639 0.596669 -0.0169701
40 111.223 -37.5334 5.60917 -0.328665 0.00746012
41 131.825 -44.3433 6.47397 -0.367099 0.0077755
42 87.4851 -24.9181 3.29132 -0.143775 0.00218571
43 89.3613 -26.8546 3.62091 -0.169753 0.00293399
44 132.484 -45.175 6.66047 -0.388625 0.00854165
45 94.0867 -31.1319 4.51657 -0.245 0.00510311
46 88.3373 -25.415 3.4915 -0.179122 0.00368843
47 107.627 -32.7101 4.53301 -0.237211 0.00474492
48 89.1169 -16.2612 1.21916 0.0201777 -0.00205548
49 116.391 -38.6704 5.54151 -0.297888 0.00585161
50 83.4773 -25.3802 3.69246 -0.203246 0.00453572
51 131.514 -45.4106 6.82209 -0.409281 0.00928702
52 65.7027 -17.1359 2.10918 -0.0748432 0.000819347
53 91.0658 -19.9932 2.06606 -0.0444771 -0.000532955
54 99.4305 -30.9882 4.30528 -0.21974 0.00426519
55 85.6336 -20.154 2.18693 -0.065816 0.000545312
56 85.7714 -21.1988 2.4225 -0.0788019 0.00067288
57 111.323 -29.6074 3.72143 -0.172769 0.00309643
58 88.8124 -24.7182 3.39561 -0.176698 0.00384275
59 105.889 -28.5953 3.56278 -0.153225 0.0022737
60 77.4958 -19.7541 2.42472 -0.0907694 0.00110586
61 111.859 -34.1187 5.01637 -0.297911 0.00702917
62 70.791 -15.8929 1.90414 -0.0752661 0.00139113
63 76.1358 -19.4772 2.47065 -0.104584 0.00182096
64 215.258 -71.3467 10.4464 -0.645503 0.015089
65 186.155 -56.8706 7.86628 -0.456327 0.0101991
66 149.6 -46.1623 6.50855 -0.375173 0.00829151
67 209.45 -73.9421 11.539 -0.772136 0.01947
68 207.1 -67.1742 9.76605 -0.598627 0.0139242
69 117.034 -24.5095 2.56014 -0.0915375 0.00119647
70 194.34 -63.6638 9.48912 -0.607088 0.0148024
71 179.175 -55.9495 8.03244 -0.490836 0.0115389
72 195.766 -63.5969 9.24983 -0.570751 0.0133862
73 194.07 -62.3125 9.07646 -0.565634 0.0134771
74 170.462 -53.0533 7.57343 -0.45813 0.0107738
75 193.584 -61.5526 8.68677 -0.505934 0.0110717
76 184.666 -60.7811 9.02637 -0.56466 0.0134058
77 153.414 -44.0071 5.83216 -0.31519 0.00662882
78 185.255 -57.5247 8.08181 -0.478338 0.0108426
79 182.031 -58.6425 8.43139 -0.505097 0.0115048
80 206.695 -66.8832 9.77638 -0.61162 0.0146068
81 188.723 -56.4968 7.53736 -0.406913 0.00815664
82 171.562 -45.5884 5.66024 -0.284937 0.00545228
83 129.363 -30.5845 3.42751 -0.137237 0.00189796
84 182.407 -57.9334 8.38669 -0.513529 0.0120304
85 164.05 -50.5092 7.14497 -0.421177 0.00958817
86 173.831 -54.2577 7.73049 -0.459304 0.0104381
87 163.424 -47.9851 6.48977 -0.358004 0.00755286
88 164.137 -46.5067 6.23806 -0.34936 0.00765944
89 130.039 -30.3796 3.32112 -0.127292 0.00169519
90 134.864 -34.9029 4.17715 -0.183999 0.00297304
91 142.403 -39.5202 5.1687 -0.274814 0.00577385
92 161.02 -44.4048 5.51014 -0.265917 0.00473994
93 172.068 -51.5386 7.12002 -0.407922 0.00896618
94 167.501 -46.2022 5.93213 -0.309251 0.00621376
95 167.501 -46.2022 5.93213 -0.309251 0.00621376
