0 268.572 -95.1454 14.111 -0.889461 0.021109
1 185.333 -57.3035 8.11926 -0.486183 0.0112722
2 150.557 -41.7133 5.16456 -0.248253 0.00456011
3 161.559 -48.7869 6.44892 -0.336907 0.00668027
4 139.18 -40.5026 5.32178 -0.274573 0.00542556
5 174.571 -54.6222 7.62012 -0.434639 0.00947076
6 136.177 -34.7763 4.12481 -0.179514 0.00292813
7 204.868 -67.4209 9.65611 -0.577747 0.0130994
8 186.369 -58.1896 7.89675 -0.440367 0.00939626
9 139.09 -35.8641 4.3039 -0.194756 0.00331703
10 205.455 -64.1649 8.63638 -0.482018 0.0102219
11 205.247 -65.2764 9.04856 -0.514042 0.0108748
12 179.185 -55.6691 7.54738 -0.415311 0.00860198
13 147.158 -40.3831 5.10965 -0.259056 0.00518272
14 215.529 -72.1563 10.355 -0.622751 0.0141228
15 243.085 -82.5522 11.707 -0.688908 0.0150439
16 190.879 -72.7243 12.3279 -0.891925 0.0241141
17 197.937 -65.9413 9.60726 -0.587061 0.0135922
18 156.629 -40.0818 4.60759 -0.195982 0.00291841
19 129.014 -33.8612 3.97427 -0.165714 0.002424
20 132.834 -36.0714 4.50197 -0.222265 0.00437643
21 122.559 -27.9509 2.88524 -0.0954649 0.00102926
22 211.601 -67.8455 9.49351 -0.555251 0.012267
23 139.202 -35.8723 4.32396 -0.199757 0.00353139
24 167.927 -49.0447 6.4204 -0.342306 0.00704552
25 187.977 -57.4461 7.80139 -0.443774 0.00977853
26 133.312 -35.3367 4.29127 -0.200243 0.00363377
27 90.684 -16.6399 1.15926 0.0233171 -0.00199091
28 186.239 -57.5104 7.98289 -0.46701 0.0105331
29 99.8088 -16.822 1.01831 0.0387167 -0.00252239
30 196.717 -56.7996 7.29696 -0.378593 0.00731714
31 170.49 -51.5692 7.04527 -0.395289 0.00848652
32 125.776 -34.3328 4.23967 -0.188798 0.00304824
33 122.511 -32.532 3.88401 -0.161954 0.00233822
34 203.782 -68.356 9.98695 -0.607407 0.0139943
35 145.809 -45.5611 6.2683 -0.341544 0.00707125
36 138.561 -44.5127 6.33896 -0.363348 0.00802081
37 108.764 -26.7779 3.19527 -0.136316 0.00229155
38 114.253 -23.4294 1.87822 0.00732983 -0.00259479
39 198.284 -70.4063 10.6961 -0.671801 0.0157473
40 167.764 -52.0322 6.93806 -0.366384 0.00734471
41 -189.402 115.997 -21.1532 1.5971 -0.0413308
42 150.839 -44.5666 6.0926 -0.342525 0.0076142
43 93.9381 -17.378 1.15087 0.0429515 -0.00303237
44 113.593 -29.5079 3.39922 -0.132511 0.00170589
45 148.636 -48.6934 7.21499 -0.438748 0.0103098
46 156.361 -50.255 7.15695 -0.416529 0.00929632
47 167.759 -56.7621 8.36237 -0.507853 0.0116887
48 152.79 -46.8092 6.54056 -0.365881 0.00776003
49 149.521 -50.2072 7.45358 -0.449841 0.0103376
50 109.951 -22.4911 2.09504 -0.0378692 -0.000646857
51 198.072 -70.4576 10.7693 -0.680654 0.0159237
52 185.252 -66.7959 10.3261 -0.661438 0.015802
53 171.804 -55.3548 7.99642 -0.478078 0.0109293
54 144.305 -41.7548 5.37191 -0.267226 0.00503866
55 176.432 -55.5236 7.78132 -0.447516 0.00984225
56 206.25 -73.2912 11.2715 -0.720242 0.0171761
57 169.445 -59.6889 9.07102 -0.563185 0.0131105
58 126.062 -34.4595 4.38799 -0.21585 0.0042336
59 202.682 -75.4195 11.8104 -0.763858 0.0183103
60 205.701 -71.504 10.6611 -0.65079 0.014705
61 154.006 -50.0998 7.30359 -0.432513 0.00966147
62 181.803 -62.5851 9.41253 -0.581121 0.0133072
63 157.451 -49.6392 7.2036 -0.433803 0.0101131
64 174.71 -58.346 8.43304 -0.501858 0.0113357
65 213.208 -73.8803 10.4749 -0.613941 0.0134865
66 90.9106 -17.1643 1.17352 0.037633 -0.00279874
67 189.473 -62.2756 8.80817 -0.508505 0.0110151
68 168.659 -54.4318 7.64832 -0.438901 0.00966419
69 95.1283 -23.0706 2.452 -0.0722857 0.000382838
70 134.544 -43.3594 6.11684 -0.349692 0.00781069
71 40.7445 5.36039 -2.10374 0.225161 -0.00650338
72 253.617 -91.1362 13.6567 -0.860566 0.0202236
73 151.866 -51.4432 7.78767 -0.490781 0.0118981
74 65.8923 -11.691 0.712529 0.0428392 -0.00236858
75 121.287 -36.1527 4.77397 -0.238318 0.00451179
76 125.024 -35.2946 4.25025 -0.174614 0.00220427
77 189.885 -65.6351 9.81193 -0.608203 0.0140639
78 209.393 -70.6123 10.2262 -0.618789 0.0141183
79 177.979 -54.3996 7.24804 -0.390595 0.00805053
80 190.964 -68.9196 10.7 -0.701271 0.0173522
81 151.835 -48.4463 6.68432 -0.370272 0.0077937
82 169.557 -53.3847 7.64213 -0.454459 0.0103355
83 145.922 -42.1983 5.42541 -0.274764 0.0053355
84 134.474 -39.9194 5.50416 -0.31301 0.00714155
85 135.097 -39.7835 5.39688 -0.291903 0.00609661
86 189.782 -66.697 10.1166 -0.634707 0.0148506
87 127.641 -37.1948 5.05194 -0.274938 0.00590535
88 -185.111 109.836 -19.6883 1.47614 -0.0381259
89 170.291 -53.1897 7.27766 -0.394496 0.00780985
90 158.265 -51.0368 7.30738 -0.428461 0.0096109
91 192.014 -65.7387 9.87092 -0.61833 0.0145852
92 183.886 -59.2599 8.23971 -0.468665 0.0101186
93 155.799 -51.6439 7.25431 -0.399884 0.0081448
94 173.107 -55.7437 7.9517 -0.466041 0.0102986
