0 125.69 -41.5152 5.53009 -0.283225 0.00512763
1 108.262 -31.3287 4.13535 -0.220654 0.00457219
2 124.438 -46.5849 7.13278 -0.438865 0.00990272
4 59.9636 -10.1784 0.563474 0.0404781 -0.00232813
5 69.754 -20.6632 2.91892 -0.161471 0.00359134
6 27.2759 -3.10397 0.376067 0.00718956 -0.000756064
7 103.257 -34.36 4.69549 -0.240608 0.00425491
32 54.5138 -23.5388 3.4607 -0.170432 0.00267118
33 48.8688 -16.3193 2.11547 -0.0832125 0.000877818
34 34.1422 -14.3896 2.1034 -0.0961608 0.00145989
35 101.473 -42.3222 6.77512 -0.437341 0.010383
36 36.3864 -12.8145 2.01664 -0.113315 0.00249624
37 184.576 -80.1375 12.519 -0.798883 0.0186357
38 100.045 -38.63 5.42291 -0.299318 0.00625678
