0 117.381 -40.8829 6.25084 -0.386992 0.00903518
1 31.7694 8.67208 -2.97541 0.321467 -0.0101801
2 152.719 -57.5143 9.19843 -0.610115 0.0149858
3 98.741 -28.3937 3.81071 -0.192437 0.00354852
4 93.5437 -23.9885 2.86069 -0.11567 0.00145715
5 137.57 -50.1262 7.91092 -0.512041 0.0122422
6 160.673 -59.5031 9.40228 -0.615992 0.0149062
7 128.985 -43.3202 6.44754 -0.387627 0.00866354
8 147.26 -51.2161 7.58893 -0.444727 0.00913044
9 147.68 -54.3083 8.57781 -0.560445 0.0135967
10 143.499 -52.7723 8.14559 -0.515203 0.012143
11 124.81 -41.9308 6.22832 -0.374415 0.00847268
12 143.481 -49.728 7.45505 -0.459467 0.0105302
13 140.568 -51.7899 8.17622 -0.531326 0.012892
14 151.052 -55.1267 8.53276 -0.544258 0.0128813
15 135.346 -47.1236 7.09812 -0.434219 0.00982095
16 108.059 -34.2563 5.00053 -0.288976 0.00628801
17 108.525 -34.2834 4.88632 -0.272026 0.00562694
18 116.057 -40.0198 6.20577 -0.395288 0.00951652
19 123.28 -38.2392 5.44476 -0.312197 0.00675734
20 148.013 -48.232 7.08795 -0.430595 0.00977254
21 149.091 -51.1797 7.95079 -0.5207 0.0128592
22 136.17 -44.6546 6.60735 -0.400908 0.00907678
23 124.951 -45.0768 7.09361 -0.455655 0.01095
24 142.05 -48.1847 7.2587 -0.448371 0.0103949
25 111.293 -36.5491 5.26952 -0.296819 0.00614986
26 127.97 -42.3487 6.30997 -0.382668 0.00871539
27 166.022 -60.1718 9.5193 -0.633903 0.0157105
28 138.285 -47.2119 7.06032 -0.432495 0.00995828
29 137.135 -46.2778 6.94373 -0.427617 0.00985607
30 129.878 -41.382 5.77482 -0.31003 0.00590637
31 116.392 -38.7451 5.75736 -0.346705 0.00790975
32 63.8602 -23.6849 3.84165 -0.232292 0.00526804
33 90.184 -35.5348 5.92673 -0.387816 0.00942437
34 68.1411 -23.9546 3.69961 -0.208916 0.00438592
35 32.0159 -9.01599 1.22135 -0.0314725 -0.000219096
36 60.8693 -15.6077 1.80931 -0.0474664 -0.000307837
37 68.3269 -23.2098 3.40573 -0.172207 0.00298111
38 81.3138 -24.9723 3.48013 -0.175235 0.00318499
39 85.1583 -29.8608 4.70632 -0.290997 0.00691999
40 60.4187 -21.0098 3.55047 -0.237661 0.00638813
41 56.254 -23.0233 4.00741 -0.261255 0.00647988
42 79.5179 -27.5814 4.36622 -0.265758 0.00603414
43 68.9445 -26.4988 4.58064 -0.310398 0.00799149
44 60.6088 -18.5476 2.37687 -0.0903396 0.000741431
45 51.9271 -9.15953 0.430246 0.0689309 -0.00379631
46 38.107 -10.8163 1.55242 -0.0674481 0.00119362
47 52.3027 -11.1024 1.05924 0.000956946 -0.00136075
48 39.1186 -9.29555 1.01239 -0.00356928 -0.0011969
49 61.113 -20.1459 2.87701 -0.136068 0.00208719
50 41.6794 -10.3755 1.40147 -0.0525106 0.000622648
51 42.3824 -6.66117 0.265529 0.0585196 -0.00283462
52 48.8389 -12.855 1.69095 -0.0653788 0.000797913
53 55.9698 -15.5971 2.13359 -0.0956213 0.00145754
54 49.2734 -14.1083 1.8127 -0.0626197 0.00045352
55 64.845 -16.6991 2.01878 -0.0690451 0.00044126
56 115.979 -46.2711 7.62695 -0.508408 0.0125801
57 17.8655 2.18866 -1.14152 0.162624 -0.00565589
58 51.6428 -12.1156 1.27715 -0.0102295 -0.00137237
59 88.3896 -28.8662 4.09162 -0.218053 0.00431479
60 55.6932 -15.0263 1.96737 -0.0808281 0.0011266
61 75.1202 -23.2487 3.31255 -0.173855 0.00339577
62 104.86 -38.4278 5.99096 -0.372155 0.00874482
63 101.303 -35.5605 5.39396 -0.323284 0.0072638
