0 158.367 -57.0749 8.62147 -0.528124 0.0121415
1 128.492 -39.9979 5.6666 -0.32577 0.00734732
2 95.6451 -28.4116 3.88844 -0.205583 0.00443089
3 98.637 -31.1099 4.46245 -0.250707 0.00563893
4 138.736 -48.5881 7.37761 -0.459291 0.0108994
5 178.264 -66.6558 10.5949 -0.697493 0.0170828
6 112.237 -29.7162 3.67665 -0.170284 0.00317625
7 -70.7509 67.6801 -14.4588 1.23777 -0.0351365
8 154.823 -56.1269 8.63416 -0.542721 0.0129224
9 150.597 -52.5012 8.00252 -0.500431 0.0118884
10 115.675 -34.7078 4.77406 -0.259706 0.0055861
11 126.618 -43.1753 6.56965 -0.410334 0.00985266
12 139.992 -47.1066 7.08875 -0.440907 0.0105605
13 137.878 -47.8451 7.11671 -0.422904 0.00944104
14 166.524 -62.6837 9.98969 -0.658627 0.0161428
15 142.396 -48.4873 7.30449 -0.450251 0.0105912
16 136.39 -43.9953 6.21767 -0.350173 0.00753394
17 99.7112 -26.8032 3.47827 -0.173839 0.00349918
18 149.34 -47.7159 6.8132 -0.395021 0.00873798
19 106.728 -28.8831 3.62716 -0.165848 0.00285696
20 127.687 -42.4197 6.34792 -0.390012 0.00927324
21 153.402 -54.3393 8.33798 -0.527441 0.0125986
22 138.382 -46.9853 6.90783 -0.405846 0.00898288
23 186.754 -65.6884 9.94668 -0.626241 0.0148071
24 150.908 -48.7326 6.8544 -0.38554 0.0081497
25 124.827 -44.1105 6.80459 -0.425961 0.0101961
26 119.452 -33.5297 4.32635 -0.209813 0.00382656
27 166.628 -58.7496 8.94431 -0.560461 0.0132324
28 111.836 -31.8639 4.11613 -0.198441 0.00366913
29 119.158 -35.7259 5.17497 -0.308047 0.00727627
30 135.639 -45.7419 6.87861 -0.421686 0.00996553
31 159.186 -53.1592 7.88827 -0.480004 0.0110778
32 91.9517 -31.1068 4.67746 -0.266616 0.00585071
33 121.667 -43.6235 6.6865 -0.407991 0.00951744
34 89.636 -32.5539 5.16147 -0.316213 0.00751183
35 95.2233 -33.6603 5.13174 -0.29609 0.00657425
36 86.2119 -29.8702 4.56811 -0.262588 0.00586841
37 52.9271 -14.0117 1.67675 -0.0424836 -2.91863e-05
38 97.4922 -36.5595 6.0103 -0.392979 0.00991457
39 100.354 -38.0857 6.30364 -0.417009 0.0105938
40 63.9384 -13.9596 1.39422 -0.0150772 -0.000859919
41 108.218 -38.4868 5.91645 -0.354686 0.00817787
42 115.688 -43.5021 6.88229 -0.432889 0.0103844
43 93.3589 -32.6509 5.08058 -0.30685 0.00721967
44 121.874 -42.0002 6.1777 -0.357396 0.00795134
45 64.6787 -16.8761 2.16399 -0.0886342 0.00152714
46 47.6077 -11.7957 1.39456 -0.0336039 6.12567e-05
47 114.621 -38.7555 5.7488 -0.332321 0.00732277
48 115.805 -42.8379 6.78986 -0.42879 0.0102937
49 100.732 -34.0693 5.1535 -0.305777 0.00693152
50 80.1605 -23.2463 3.27288 -0.172073 0.00372278
51 124.166 -43.3778 6.5636 -0.398419 0.00929251
52 79.5008 -29.8745 4.8072 -0.297241 0.00714808
53 106.071 -37.9013 5.83213 -0.352565 0.00818574
54 114.356 -41.04 6.26965 -0.375488 0.00853484
55 93.5285 -33.0956 4.97484 -0.279536 0.00589349
56 74.8793 -17.9336 2.10075 -0.0782655 0.00131548
57 78.0375 -26.9749 4.13077 -0.239814 0.00561651
58 62.9073 -16.3098 2.00595 -0.0693544 0.000787511
59 76.2961 -20.984 2.60659 -0.0981309 0.0012011
60 91.0779 -29.325 4.16332 -0.216965 0.00437204
61 71.0669 -21.9034 3.2564 -0.180117 0.00414445
62 78.7593 -24.2351 3.43256 -0.175608 0.0036492
63 106.645 -34.3238 5.02512 -0.286958 0.00633958
64 96.5895 -26.9941 3.47535 -0.169112 0.00330379
65 107.355 -31.9366 4.63609 -0.285671 0.00712185
66 99.6886 -20.8877 1.99074 -0.0422032 -0.000387511
67 56.2689 -6.54791 -0.102865 0.0929612 -0.00350999
68 99.1091 -20.5396 1.85652 -0.0280952 -0.000715078
69 77.4883 -17.7757 2.0311 -0.0793725 0.00147124
70 84.8719 -17.4868 1.67887 -0.0355679 -0.000108276
71 103.525 -29.1002 4.04052 -0.230299 0.00536687
72 105.655 -26.8467 3.29798 -0.15581 0.00309207
73 76.2694 -13.8527 1.07239 0.00717432 -0.00120391
74 102.131 -29.3999 4.0968 -0.232247 0.00534467
75 90.0954 -16.864 1.4108 -0.0121191 -0.000724004
76 68.415 -10.0344 0.441127 0.0478737 -0.00205717
77 101.696 -21.4033 1.9446 -0.0331865 -0.000659058
78 102.771 -26.4383 3.46626 -0.188908 0.00446687
79 90.4148 -20.0521 2.04043 -0.0598801 0.000544365
80 112.662 -33.3221 4.95 -0.318193 0.00822269
81 92.8935 -23.2392 2.89152 -0.137977 0.00283631
82 62.0759 -8.43159 0.155723 0.0737012 -0.00292687
83 109.985 -27.5296 3.34143 -0.158504 0.0031494
84 125.638 -34.0414 4.13919 -0.186158 0.00311692
85 64.2075 -5.08869 -0.514515 0.123523 -0.00419029
86 107.825 -28.5962 3.67474 -0.186467 0.0039401
87 98.1426 -22.7282 2.54041 -0.0955813 0.00137496
88 -43.177 47.8879 -9.92803 0.827436 -0.0228392
89 82.788 -17.1136 1.67371 -0.0360692 -0.000118505
90 100.092 -28.025 3.79548 -0.203239 0.00446894
91 96.6662 -19.478 1.67049 -0.0119007 -0.00129077
92 100.271 -23.2212 2.51689 -0.0860358 0.000888153
93 77.216 -10.3715 0.32479 0.0610697 -0.00241817
94 86.7088 -14.6412 0.861739 0.0445291 -0.0027676
