0 163.674 -55.7205 8.34874 -0.514799 0.0115998
1 141.683 -46.6802 6.91657 -0.424159 0.00973887
2 171.778 -61.4764 9.43257 -0.598793 0.0139895
3 142.678 -41.2174 5.47985 -0.292617 0.00573739
4 180.925 -54.2737 7.50331 -0.446161 0.00998963
5 121.987 -36.4613 5.18523 -0.307021 0.00710809
6 174.352 -58.1364 8.58712 -0.527676 0.0119604
7 166.516 -51.0767 7.20657 -0.425342 0.00944736
8 143.302 -42.1507 5.62905 -0.300923 0.00591799
9 198.109 -65.4206 9.31208 -0.557363 0.0124706
10 134.16 -43.7756 6.4049 -0.385521 0.00870059
11 141.958 -47.6438 7.05832 -0.430502 0.0097676
12 131.614 -34.5481 4.13661 -0.186995 0.00299747
13 141.142 -42.5615 6.00523 -0.354997 0.00811603
14 120.175 -31.0737 3.69729 -0.161163 0.00232386
15 155.201 -46.8328 6.47065 -0.367634 0.00775574
16 129.271 -36.5875 4.78792 -0.25134 0.00501127
17 104.856 -24.5738 2.66957 -0.093974 0.000785676
18 165.72 -55.1648 8.38652 -0.54544 0.013362
19 142.013 -39.285 5.06876 -0.262653 0.00498119
20 200.227 -68.9003 10.1773 -0.637712 0.0149462
21 120.427 -32.449 4.12623 -0.203527 0.00361461
22 193.362 -64.521 9.33665 -0.570819 0.013062
23 166.269 -45.6803 5.82257 -0.301763 0.00568558
24 121.639 -30.3534 3.60358 -0.164517 0.00277529
25 117.316 -28.0897 3.10498 -0.115949 0.00115475
26 150.996 -43.6216 5.99174 -0.346174 0.0076468
27 147.31 -43.3854 5.93004 -0.337948 0.00730896
28 144.078 -42.7745 5.96471 -0.34882 0.00780655
29 138.061 -34.9204 4.16366 -0.187925 0.00282685
30 120.71 -34.7307 4.82083 -0.278433 0.00627791
31 166.553 -50.9157 7.20492 -0.426114 0.00934494
32 137.794 -53.1634 8.26427 -0.519115 0.0118909
33 61.6794 -19.5397 2.6421 -0.113984 0.00143799
34 136.188 -50.5492 7.70585 -0.479084 0.0111539
35 176.294 -75.9956 12.3468 -0.819532 0.0197095
36 149.506 -58.349 9.00039 -0.568502 0.0132195
37 121.2 -45.5101 6.85361 -0.413306 0.00921008
38 135.231 -53.2964 8.43665 -0.547635 0.0132314
39 169.853 -69.0424 10.908 -0.709282 0.0169564
40 130.238 -51.8487 7.9463 -0.488594 0.0110317
41 147.794 -57.592 8.76631 -0.542396 0.0124158
42 95.8606 -39.006 6.20386 -0.391577 0.00924304
43 82.6074 -28.0025 4.09591 -0.234768 0.0052192
44 176.323 -73.59 11.7462 -0.77668 0.0189595
45 101.432 -37.2019 5.56443 -0.333017 0.00758274
46 180.654 -77.0221 12.393 -0.823129 0.0200587
47 306.696 -131.129 21.0395 -1.41701 0.0347949
48 125.026 -48.0117 7.52893 -0.482132 0.0115299
49 104.766 -42.0229 6.85611 -0.458743 0.0116107
50 179.847 -72.299 11.4374 -0.752011 0.0182442
51 138.387 -49.36 7.22349 -0.429776 0.00946505
52 202.033 -84.2396 13.5414 -0.909077 0.0223945
53 107.315 -38.745 5.66412 -0.321848 0.00664342
54 133.466 -54.9419 8.68903 -0.552786 0.0128222
55 177.438 -69.0351 10.762 -0.697346 0.0166913
56 182.588 -76.2138 12.0739 -0.789183 0.0189262
57 75.1329 -27.8028 4.39799 -0.272251 0.00641494
58 116.893 -41.6516 6.1474 -0.363593 0.00801778
59 200.536 -79.1534 12.293 -0.797096 0.0190682
60 83.7674 -29.7608 4.6146 -0.288238 0.00700151
61 81.4294 -28.6606 4.45904 -0.273552 0.00634084
62 83.3541 -33.238 5.32319 -0.33454 0.00785682
63 50.2025 -13.801 1.78293 -0.0663472 0.000513297
