0 100.176 -29.0308 3.79715 -0.176992 0.00307792
1 97.2816 -26.0424 3.09959 -0.116379 0.00141349
2 134.065 -40.5063 5.47506 -0.291152 0.00604566
3 100.652 -26.8051 3.3778 -0.154941 0.00285038
4 172.878 -58.7566 8.32834 -0.478168 0.0104235
5 127.736 -39.8945 5.57051 -0.308156 0.0066237
6 153.92 -51.0914 7.30778 -0.420953 0.00929801
7 92.2678 -21.2522 2.23134 -0.0619494 0.000270084
8 98.1982 -26.9265 3.46352 -0.161765 0.00301644
9 121.025 -32.3641 3.94712 -0.17401 0.00296833
10 85.88 -21.0007 2.34898 -0.0707407 0.000310961
11 99.946 -23.8026 2.61786 -0.0898115 0.000998631
12 87.5986 -17.6472 1.51729 -0.00601065 -0.00124258
13 150.387 -45.0829 5.83667 -0.28924 0.0052773
14 212.322 -77.5857 11.9041 -0.763645 0.018437
15 152.355 -50.7203 7.50626 -0.453563 0.0104681
16 127.773 -34.7357 4.36736 -0.208237 0.00381806
17 120.637 -35.9253 4.87972 -0.259076 0.0054265
18 97.094 -23.4306 2.9041 -0.133765 0.00261792
19 128.741 -37.6211 4.97584 -0.259544 0.00537715
20 154.263 -51.2866 7.22364 -0.40616 0.00858133
21 134.832 -40.5322 5.42772 -0.281366 0.00554859
22 117.9 -30.7747 3.59357 -0.142623 0.0019318
23 79.2687 -16.5992 1.46721 0.00225688 -0.00176707
24 109.74 -24.7587 2.47426 -0.0643706 0.000105779
25 186.006 -68.3175 10.2654 -0.623901 0.0139567
26 122.759 -34.2488 4.55173 -0.237253 0.00495219
27 169.887 -54.4026 7.71198 -0.445677 0.00980345
28 126.909 -36.4679 4.77572 -0.24061 0.00466354
29 119.354 -34.4608 4.72999 -0.260436 0.00576757
30 116.017 -31.0733 4.1769 -0.224971 0.0050242
31 124.601 -37.9407 5.15605 -0.271611 0.00552703
32 129.984 -39.219 5.5403 -0.323088 0.00755648
33 104.29 -25.4261 2.75108 -0.0820018 0.000239261
34 120.298 -35.5113 4.83055 -0.253646 0.00514256
35 109.431 -27.8474 3.26465 -0.130125 0.00178357
36 125.538 -36.7042 5.01181 -0.276861 0.00619466
37 167.148 -55.9355 7.94015 -0.454407 0.00978317
38 119.403 -32.4695 4.1213 -0.19868 0.00380283
39 99.5643 -24.8157 2.9846 -0.128324 0.00227091
40 142.561 -44.7617 6.27745 -0.352624 0.00758329
41 131.472 -39.4384 5.28887 -0.278565 0.00569404
42 72.0438 -12.1821 0.677918 0.0479743 -0.00256266
43 90.1767 -20.422 2.14842 -0.0593689 0.000199208
44 135.855 -43.0464 5.95138 -0.325865 0.00677608
45 121.837 -32.0581 4.05435 -0.196092 0.00362875
46 122.044 -32.1975 3.78793 -0.158504 0.00235719
47 156.557 -46.6191 6.18154 -0.326521 0.00658006
48 120.075 -35.1922 4.69765 -0.247167 0.00519185
49 117.278 -28.795 3.32702 -0.134454 0.00195342
50 88.3675 -18.0029 1.6581 -0.0267934 -0.00043459
51 197.639 -65.7064 9.15993 -0.521184 0.0110792
52 108.322 -23.9074 2.11696 -0.0175671 -0.00176584
53 153.116 -46.1732 6.12487 -0.318681 0.00612469
54 159.654 -49.5805 6.89795 -0.3903 0.00845992
55 130.709 -30.9786 2.99451 -0.0592743 -0.0012149
56 134.061 -34.0702 3.89665 -0.156216 0.00211969
57 119.555 -30.879 3.71861 -0.164538 0.0027511
58 172.758 -55.4993 7.68482 -0.428952 0.00904021
59 178.345 -57.4403 7.97821 -0.448632 0.0094165
60 139.106 -40.3874 5.40382 -0.288404 0.00596545
61 132.203 -34.5308 4.00952 -0.153198 0.00141729
62 155.252 -48.1961 6.66306 -0.375924 0.00815221
63 135.256 -39.5895 5.28026 -0.281804 0.00588025
64 147.277 -45.6858 6.04529 -0.316464 0.00632638
65 83.9513 -24.9793 3.45617 -0.190114 0.00450897
66 164.83 -55.5871 7.75466 -0.435169 0.00923253
67 130.883 -44.0833 6.18262 -0.34599 0.0074131
68 129.303 -43.7837 6.18819 -0.348838 0.00763369
69 186.924 -67.1305 9.77391 -0.583563 0.0130438
70 99.6275 -25.3903 2.80552 -0.0985022 0.00115732
71 -369.506 189.291 -32.1069 2.2917 -0.0572437
72 171.483 -54.8866 7.1613 -0.367716 0.00701844
73 130.443 -42.8806 6.04851 -0.345408 0.00768536
74 182.708 -68.3365 10.2039 -0.625743 0.0143961
75 190.419 -69.1221 10.1839 -0.614595 0.0138474
76 235.005 -86.5271 12.8602 -0.79919 0.0186206
77 49.9707 -5.44345 -0.310333 0.11708 -0.00435458
78 135.321 -41.7355 5.47054 -0.282521 0.00568217
79 87.1588 -21.7879 2.47433 -0.0900007 0.00109532
80 179.917 -62.9611 9.14973 -0.556517 0.012948
81 169.084 -56.5259 7.827 -0.4434 0.00953153
82 194.874 -66.3015 9.28399 -0.536473 0.0116994
83 113.967 -32.5314 3.86579 -0.160031 0.00236601
84 211.719 -77.7602 11.4896 -0.699203 0.0158754
85 105.591 -24.2551 2.32437 -0.0486966 -0.000459612
86 186.752 -63.4154 8.72405 -0.481566 0.00988536
87 78.6297 -20.8102 2.49826 -0.100167 0.00163444
88 207.423 -76.0925 11.1584 -0.674321 0.0151977
89 146.535 -47.1277 6.27997 -0.328404 0.00647812
90 180.195 -58.3697 7.74854 -0.410124 0.00806735
91 179.827 -62.5494 9.05164 -0.540428 0.0122549
92 224.065 -82.1872 12.1742 -0.745742 0.0169541
93 136.294 -44.2095 5.97529 -0.318917 0.00656037
94 168.135 -59.1834 8.4144 -0.476369 0.0100228
