0 154.432 -59.7643 9.61898 -0.630373 0.0155452
1 167.528 -60.6137 9.22767 -0.572702 0.0134282
2 86.9281 -26.5671 3.66495 -0.184329 0.00365031
3 131.972 -48.859 7.61689 -0.473991 0.0111374
4 159.563 -61.5 9.74107 -0.626574 0.0150449
5 146.412 -54.83 8.78346 -0.575357 0.0143219
6 40.7687 6.79131 -3.06484 0.348855 -0.0107959
7 91.934 -22.4445 2.50808 -0.0824016 0.000737197
8 105.976 -37.2057 5.5225 -0.315682 0.00697076
9 129.954 -44.1468 6.47479 -0.375136 0.00822625
10 156.24 -56.9281 8.78831 -0.558214 0.0133701
11 90.7426 -24.1025 3.03427 -0.128943 0.00199134
12 88.1049 -22.0948 2.56924 -0.0951953 0.00126793
13 122.968 -40.5715 5.78144 -0.318516 0.0066624
14 146.594 -53.653 8.3308 -0.524829 0.0125103
15 145.596 -46.4924 6.51612 -0.363053 0.00762592
16 119.552 -38.0419 5.43326 -0.3061 0.00667482
17 67.5972 -11.0082 0.673427 0.0410573 -0.00221434
18 103.024 -31.7944 4.38602 -0.230995 0.00484086
19 167.332 -58.8528 8.87268 -0.546004 0.0126536
20 137.614 -46.1355 6.82647 -0.406583 0.00916238
21 110.577 -35.1754 4.88989 -0.258631 0.00528338
22 108.694 -35.7057 5.23912 -0.305458 0.0070156
23 148.09 -54.6293 8.38828 -0.516626 0.0119089
24 167.58 -63.8273 10.3826 -0.703681 0.0178525
25 125.888 -40.0357 5.70615 -0.323261 0.0071518
26 142.607 -51.3895 7.96965 -0.502673 0.0120823
27 94.5591 -24.9334 3.16318 -0.148982 0.00292799
28 135.265 -41.524 5.74274 -0.319049 0.00698244
29 141.048 -48.0229 7.11404 -0.422159 0.00950984
30 143.044 -53.8134 8.60527 -0.55737 0.0135304
31 -4.44966 28.4745 -6.87404 0.635511 -0.0185356
32 128.842 -44.6768 6.63677 -0.388943 0.00861469
33 150.745 -57.8692 9.12732 -0.581047 0.0137613
34 101.081 -31.6513 4.48149 -0.242178 0.00507701
35 96.9865 -30.3522 4.48534 -0.268737 0.00663048
36 84.7917 -27.3072 4.01606 -0.223775 0.00495342
37 94.1839 -27.1998 3.63279 -0.182223 0.00372196
38 57.493 -10.0205 0.836175 0.0104203 -0.00106239
39 152.413 -58.7325 9.36191 -0.606792 0.0147116
40 127.767 -44.5784 6.7831 -0.418496 0.00985962
41 119.805 -40.9449 6.02784 -0.351058 0.00783764
42 152.681 -60.7794 9.92189 -0.660827 0.0163494
43 130.666 -46.3184 7.25307 -0.466431 0.0114104
44 100.3 -31.2839 4.49443 -0.258646 0.00606185
45 92.6998 -31.8283 4.80013 -0.27807 0.00623142
46 128.613 -44.9873 6.7343 -0.403847 0.00924132
47 94.7772 -27.1102 3.49881 -0.160273 0.00280856
48 108.811 -39.5268 6.10391 -0.373272 0.00868601
49 97.1622 -29.8039 4.17275 -0.221971 0.00463808
50 101.437 -35.9828 5.48228 -0.327882 0.00761305
51 100.921 -30.7576 4.15426 -0.21222 0.00427399
52 99.1508 -30.4468 4.19414 -0.215636 0.00420457
53 159.217 -55.2459 8.2819 -0.503389 0.011491
54 99.1401 -34.7165 5.44374 -0.343697 0.00851416
55 105.691 -35.1061 5.26122 -0.313501 0.00734008
56 133.424 -46.4672 7.00129 -0.422083 0.00965322
57 113.34 -38.6951 5.84986 -0.355442 0.00837904
58 161.684 -58.4313 9.07323 -0.581724 0.014014
59 103.114 -35.5882 5.27843 -0.303687 0.0066722
60 132.396 -45.1964 6.7454 -0.40985 0.00970325
61 112.402 -34.2285 4.61764 -0.232631 0.00437545
62 160.12 -61.9596 10.0649 -0.67116 0.0166182
63 140.2 -49.644 7.55801 -0.469534 0.011061
64 178.094 -68.9276 11.2006 -0.749899 0.0186674
65 182.504 -64.2868 9.92835 -0.642073 0.0157105
66 134.032 -41.5934 5.80504 -0.315731 0.00645652
67 108.228 -30.9811 4.19789 -0.21983 0.00458129
68 120.472 -35.4135 4.75114 -0.243053 0.00477926
69 95.8017 -22.0883 2.32862 -0.0658286 0.000227839
70 142.167 -49.7199 7.89589 -0.525171 0.013357
71 84.1499 -9.78979 -0.367849 0.16036 -0.00611148
72 118.2 -32.7924 4.26081 -0.21269 0.00417058
73 153.637 -51.2688 7.79312 -0.492386 0.0118981
74 160.499 -51.0523 7.257 -0.420246 0.00929752
75 130.016 -39.6648 5.58288 -0.311864 0.00678987
76 102.536 -27.9438 3.59606 -0.165407 0.00286493
77 95.025 -22.4175 2.71897 -0.127456 0.00272979
78 113.833 -34.1803 4.70425 -0.24987 0.00507668
79 98.2176 -26.501 3.5084 -0.179788 0.00379861
80 108.063 -31.8873 4.20713 -0.203363 0.00369138
81 108.624 -29.8723 3.84337 -0.183943 0.00347344
82 113.021 -33.4674 4.64523 -0.250379 0.00532042
83 193.941 -65.3948 9.62138 -0.585495 0.0133601
84 156.996 -46.9804 6.36198 -0.342553 0.00701322
85 152.485 -55.3301 8.82153 -0.579121 0.0142884
86 176.408 -62.8336 9.69823 -0.621693 0.0149584
87 115.735 -36.4227 5.41308 -0.32555 0.00764344
88 164.61 -53.0414 7.80425 -0.47644 0.011111
89 99.4484 -23.2793 2.51236 -0.0730075 0.000207095
90 130.64 -36.3602 4.75567 -0.241322 0.00472411
91 45.8262 5.68242 -2.72537 0.313794 -0.0097644
92 94.7526 -22.5414 2.41399 -0.0685416 0.000233167
93 131.46 -43.0434 6.35667 -0.376697 0.008611
94 153.515 -46.5175 6.50661 -0.368276 0.00796228
95 153.515 -46.5175 6.50661 -0.368276 0.00796228
