0 168.36 -49.9992 6.80081 -0.376224 0.00805496
1 180.386 -59.0293 8.59279 -0.513352 0.0116564
2 167.377 -54.0618 7.88281 -0.471653 0.0106809
3 167.993 -52.6039 7.36425 -0.406613 0.008328
4 183.566 -56.1044 7.79117 -0.446538 0.00982024
5 141.722 -36.6852 4.41832 -0.195181 0.00316907
6 174.428 -56.3109 8.18536 -0.491265 0.0111689
7 183.485 -60.246 8.80654 -0.527197 0.0119123
8 169.934 -46.6144 6.01246 -0.317515 0.00660389
9 144.75 -43.0424 5.87697 -0.316853 0.00647234
10 198.326 -67.2545 10.089 -0.636916 0.0152623
11 192.106 -61.5109 8.85902 -0.52675 0.0118465
12 182.225 -58.6932 8.33953 -0.482525 0.0104569
13 183.695 -58.6178 8.4225 -0.500228 0.0113256
14 196.568 -62.2675 8.90147 -0.529491 0.0119647
15 210.852 -70.6275 10.4662 -0.647833 0.0150688
16 166.995 -50.334 7.11906 -0.421345 0.00964598
17 169.143 -50.887 7.11774 -0.41261 0.00931022
18 125.626 -29.8516 3.26634 -0.113762 0.00100662
19 166.93 -51.4322 7.24841 -0.415376 0.00898468
20 133.992 -34.6768 4.25221 -0.199372 0.00361598
21 178.562 -53.2112 7.36886 -0.42013 0.00918244
22 175.29 -51.3981 7.01108 -0.396676 0.0086828
23 175.56 -51.9154 7.2831 -0.432552 0.00999827
24 130.225 -30.5881 3.43605 -0.137242 0.00207437
25 204.05 -66.8527 10.0038 -0.633974 0.0151901
26 162.645 -41.8982 5.01536 -0.228344 0.00382032
27 139.483 -30.4192 3.07051 -0.0952593 0.000707673
28 183.067 -53.5119 7.11602 -0.384697 0.00787551
29 130.167 -36.3086 4.86007 -0.262044 0.00570185
30 166.898 -53.2683 7.75805 -0.46512 0.0106086
31 152.664 -42.6851 5.82944 -0.335061 0.0077216
32 26.6763 23.023 -6.24821 0.592105 -0.0173551
33 161.189 -46.0957 5.85696 -0.290632 0.00537246
34 204.896 -66.2138 9.35849 -0.556086 0.0126422
35 115.798 -20.8657 1.63377 -0.0108558 -0.00102212
36 181.882 -53.0892 6.97229 -0.374776 0.00777299
37 237.524 -83.0968 12.2185 -0.753748 0.0174645
38 185.483 -55.208 7.46949 -0.419749 0.00910094
39 79.0026 -6.2985 -0.332532 0.0973059 -0.00298548
40 157.13 -44.293 5.84285 -0.320666 0.007089
41 90.7602 -8.06683 -0.577589 0.151072 -0.00516576
42 35.5322 16.583 -4.794 0.461666 -0.0133976
43 167.416 -51.8359 7.26714 -0.423681 0.00964631
44 -70.7928 66.6376 -13.1625 1.04174 -0.0274891
45 96.7223 -6.26884 -1.67634 0.292492 -0.0105004
46 12.2138 26.3432 -6.09455 0.526526 -0.0143524
47 193.915 -61.0424 8.53444 -0.498061 0.0110648
48 65.8537 -0.187897 -1.29167 0.161376 -0.00465922
49 57.0614 9.24334 -3.85671 0.410909 -0.012501
50 152.141 -43.2321 6.04147 -0.362361 0.00872228
51 169.02 -46.5219 5.7966 -0.287005 0.00530251
52 160.349 -44.6088 5.87784 -0.322899 0.00705752
53 128.094 -28.4735 3.08815 -0.11527 0.00152422
54 189.673 -59.3382 8.53389 -0.522474 0.0123195
55 172.128 -50.4259 6.87833 -0.397546 0.00911427
56 196.93 -60.0263 8.35633 -0.493334 0.0112332
57 200.975 -60.489 8.31101 -0.48272 0.0108427
58 178.995 -53.0844 7.30513 -0.422041 0.00948767
59 -56.8724 63.2455 -13.0322 1.0786 -0.0299178
60 205.571 -65.2125 9.30364 -0.5586 0.0127243
61 17.1269 25.3423 -6.22266 0.563549 -0.0161238
62 184.488 -53.9352 7.54339 -0.457602 0.010906
63 220.189 -75.1618 11.3674 -0.73797 0.0181881
64 153.692 -54.7319 8.13862 -0.493576 0.0113502
65 -229.769 131.719 -24.4221 1.912 -0.0520297
66 131.905 -45.4716 6.57734 -0.372569 0.00794687
67 207.819 -78.3268 11.7912 -0.737664 0.0173274
68 132.724 -45.3256 6.75984 -0.411633 0.00975317
69 55.4521 -13.1986 1.24044 0.00288001 -0.00148978
70 -182.929 107.855 -19.5727 1.48477 -0.0387398
71 135.034 -51.194 8.15717 -0.531802 0.0131855
72 121.855 -40.6486 5.84014 -0.33282 0.00733181
73 139.082 -51.2803 7.95289 -0.500991 0.0119326
74 126.472 -41.745 5.70289 -0.290728 0.0054202
75 170.956 -62.7675 9.79054 -0.63303 0.015477
76 123.963 -42.2788 6.28795 -0.378724 0.00890192
77 136.375 -45.9111 6.76708 -0.407883 0.00944287
78 22.0729 11.3359 -3.19105 0.314406 -0.00905384
79 151.363 -57.2157 9.19623 -0.610174 0.0151693
80 132.061 -43.9645 6.43141 -0.378442 0.00843689
81 138.153 -54.1124 8.69899 -0.566258 0.0137234
82 72.0406 -13.7509 1.21988 -0.00567536 -0.00086515
83 127.239 -43.0189 6.2176 -0.360786 0.00810717
84 118.644 -40.2765 6.08376 -0.37024 0.00874444
85 134.816 -45.7184 6.83623 -0.411693 0.00942048
86 142.023 -52.6567 8.37495 -0.542885 0.0132889
87 156.261 -56.0616 8.79143 -0.573454 0.0142102
88 92.4754 -27.2466 3.50537 -0.149775 0.00216631
89 87.7106 -27.7224 4.01665 -0.221939 0.0049568
90 127.423 -42.1527 6.01908 -0.336386 0.0071821
91 110.075 -34.9117 5.052 -0.287291 0.00638995
92 111.433 -35.2273 5.02146 -0.283646 0.00628637
93 124.297 -42.039 6.11512 -0.34958 0.00761899
94 99.6678 -30.8924 4.2909 -0.224111 0.00452882
