0 190.03 -63.2133 9.37419 -0.585609 0.014012
1 219.429 -78.9113 12.2827 -0.809474 0.0200444
2 157.001 -52.9586 7.78522 -0.464238 0.010473
3 170.97 -54.2517 7.65784 -0.442313 0.00977669
4 178.973 -66.6107 10.682 -0.722048 0.0184098
5 155.605 -50.6147 7.37193 -0.440823 0.0101571
6 166.044 -55.232 8.11884 -0.490752 0.0113319
7 173.065 -53.8765 7.57843 -0.437763 0.0096587
8 185.699 -65.9279 10.0419 -0.632696 0.0149161
9 134.888 -31.2926 3.48053 -0.141308 0.00219045
10 188.107 -62.2695 8.87263 -0.511243 0.0109118
11 136.759 -44.5678 6.66606 -0.41172 0.009805
12 143.483 -43.5199 5.93286 -0.325247 0.00686637
13 169.687 -55.4637 8.1031 -0.488885 0.0111916
14 137.646 -43.8109 6.25072 -0.358275 0.00791495
15 164.895 -56.951 8.59751 -0.535814 0.0126397
16 147.125 -44.8011 6.2621 -0.360045 0.00814712
17 136.712 -40.7349 5.56043 -0.300713 0.00625049
18 165.466 -52.6031 7.42509 -0.42881 0.00941089
19 184.677 -64.8756 9.86222 -0.622405 0.0147278
20 145.625 -46.5504 6.84136 -0.417177 0.00981814
21 24.0977 18.5231 -5.02259 0.477518 -0.013822
22 176.099 -58.3926 8.58268 -0.522922 0.012014
23 145.051 -40.3802 5.03494 -0.233803 0.00382244
24 163.444 -53.994 7.98138 -0.485195 0.0111375
25 178.373 -58.4925 8.55551 -0.520888 0.0120165
26 157.974 -50.0823 7.05007 -0.40309 0.00881642
27 167.481 -56.1752 8.37468 -0.516537 0.0120607
28 174.61 -58.8648 8.90256 -0.57039 0.013929
29 147.065 -45.5762 6.40413 -0.363512 0.00785015
30 200.291 -69.8541 10.7786 -0.704017 0.0167923
31 170.963 -50.3542 6.99707 -0.409952 0.00933163
32 202.932 -73.6764 11.4593 -0.741176 0.017847
33 220.1 -77.8625 11.8362 -0.749497 0.0176673
34 204.205 -73.2405 11.2025 -0.707774 0.0166467
35 188.059 -66.187 10.0514 -0.62502 0.0145136
36 176.351 -64.1623 10.1493 -0.670922 0.016689
37 180.654 -63.2204 9.6258 -0.604755 0.0142959
38 166.669 -58.1142 8.86537 -0.556526 0.0131297
39 176.794 -59.6312 8.97458 -0.566167 0.0136557
40 157.464 -54.3436 8.57515 -0.572421 0.0145748
41 157.972 -55.7681 8.38668 -0.503654 0.0111949
42 153.367 -48.6237 6.90412 -0.398175 0.00884852
43 165.7 -55.0573 8.07484 -0.484301 0.0109575
44 144.681 -46.1892 6.51669 -0.368012 0.00782711
45 176.823 -58.7405 8.57536 -0.513225 0.0116311
46 167.504 -55.8041 8.36639 -0.527261 0.0128
47 192.31 -68.2208 10.5199 -0.679098 0.0164955
48 130.103 -37.157 5.03961 -0.274838 0.0059838
49 192.615 -68.074 10.6701 -0.710743 0.0179704
50 154.843 -52.2046 7.97615 -0.507678 0.0124004
51 149.534 -47.0019 6.68054 -0.388191 0.00865213
52 129.141 -37.6739 4.93479 -0.242325 0.00438399
53 160.494 -55.7972 8.52422 -0.540661 0.0130264
54 141.069 -47.0026 6.97505 -0.422249 0.00978368
55 146.803 -43.4207 6.09376 -0.351514 0.00790569
56 169.981 -55.6928 8.11876 -0.489771 0.0112216
57 149.005 -51.9786 7.98076 -0.503236 0.0120001
58 147.604 -49.5405 7.5473 -0.478248 0.011667
59 152.576 -50.9446 7.50114 -0.449075 0.0102181
60 148.109 -46.2844 6.55918 -0.375952 0.00824517
61 185.314 -59.3401 8.44337 -0.49298 0.0109408
62 178.043 -61.5809 9.55533 -0.625214 0.0155456
63 148.837 -45.8107 6.41534 -0.366037 0.00807164
64 175.362 -62.533 8.88574 -0.507121 0.0108038
65 -177.3 102.497 -18.3964 1.37609 -0.0353343
66 57.1931 -10.2088 0.468862 0.0630897 -0.00283378
67 205.587 -80.1482 12.3163 -0.789438 0.0189799
68 161.507 -56.9207 8.16729 -0.474717 0.0104254
69 141.224 -45.9786 6.1553 -0.32564 0.00665875
70 142.96 -49.4455 7.01634 -0.400672 0.00876289
71 88.6037 -25.699 3.35184 -0.158748 0.00289422
72 -110.964 73.2127 -13.8167 1.08531 -0.0289379
73 192.408 -73.4375 11.1668 -0.701068 0.0163963
74 167.038 -57.5498 8.13599 -0.46809 0.0101828
75 102.224 -28.2614 3.39492 -0.136312 0.00181922
76 103.618 -32.4381 4.63485 -0.267836 0.00622527
77 120.203 -41.3059 6.14947 -0.374643 0.00891358
78 39.5669 -4.40658 -0.0430285 0.0676674 -0.00240616
79 116.804 -34.8322 4.24575 -0.180415 0.00255746
80 127.395 -39.7144 5.44241 -0.297911 0.00636433
81 135.079 -42.2917 5.60999 -0.292707 0.0058155
82 144.871 -52.959 7.88292 -0.474489 0.0107635
83 167.612 -63.6387 9.67655 -0.605179 0.0142053
84 113.977 -41.7415 6.28838 -0.374211 0.0084568
85 127.05 -45.2824 6.93098 -0.42804 0.0100892
86 100.979 -34.6453 5.16569 -0.305009 0.00700508
87 144.464 -51.9774 7.90652 -0.488373 0.0114221
88 148.996 -53.4556 8.40453 -0.55316 0.0138746
89 93.7235 -27.3097 3.46624 -0.158488 0.00275496
90 121.181 -38.243 5.26344 -0.283829 0.00590852
91 82.0626 -25.7199 3.62082 -0.193884 0.00422949
92 53.3699 -8.22155 0.38064 0.0545642 -0.00251409
93 109.792 -38.1418 5.69329 -0.334675 0.00754406
94 139.847 -51.4902 7.95129 -0.498973 0.0117506
95 136.799 -51.8174 7.91616 -0.502744 0.0113457
