0 121.63 -36.657 5.09674 -0.284669 0.00634377
1 118.849 -32.3655 3.83983 -0.155125 0.00199363
2 144.8 -49.4087 7.16237 -0.424122 0.00974386
3 165.977 -61.6282 9.54092 -0.602653 0.0143069
4 200.721 -77.0435 12.289 -0.81704 0.0201673
5 172.203 -62.595 9.70381 -0.621799 0.0149562
6 157.093 -54.2025 8.21711 -0.519039 0.0125911
7 -158.817 97.5061 -17.7516 1.3495 -0.0350525
8 100.812 -25.7317 3.17566 -0.143497 0.00265943
9 -42.9434 46.5303 -9.6922 0.817052 -0.0227359
10 161.085 -50.5735 6.94237 -0.390492 0.00847025
11 236.737 -88.1521 13.6467 -0.892456 0.0218131
12 -169.274 102.855 -18.9084 1.45569 -0.0386666
13 165.858 -58.0862 8.79488 -0.555975 0.0134325
14 161.022 -54.2964 8.23832 -0.524861 0.0128182
15 159.057 -57.8685 8.8284 -0.550145 0.0128603
16 143.23 -43.4149 5.91197 -0.31783 0.00648217
17 152.621 -48.2354 6.69076 -0.369499 0.00763825
18 103.49 -28.6376 3.88951 -0.214004 0.00484113
19 143.453 -46.3726 6.81659 -0.417525 0.0100118
20 159.879 -53.8822 8.2219 -0.533839 0.0134068
21 182.336 -62.9053 9.42627 -0.58758 0.0138811
22 124.941 -38.4876 5.36678 -0.299764 0.0065164
23 151.253 -52.0068 7.7902 -0.482808 0.0114149
24 186.223 -63.1546 9.47993 -0.596608 0.0141417
25 115.082 -29.6436 3.35072 -0.119861 0.00110442
26 156.662 -56.6402 8.79761 -0.562225 0.0135488
27 125.938 -37.1185 5.03971 -0.270964 0.005673
28 150.028 -51.0187 7.41553 -0.434274 0.00957097
29 116.93 -33.0898 4.47769 -0.242695 0.00536325
30 133.069 -42.8686 6.14572 -0.35361 0.00781955
31 153.251 -51.9291 7.54029 -0.438032 0.00950187
32 145.097 -48.513 6.97502 -0.394277 0.00830962
33 133.719 -41.8315 5.65041 -0.289583 0.00549899
34 75.4418 -9.7903 -0.464372 0.201017 -0.00846024
35 138.217 -48.9485 7.59789 -0.482326 0.0116991
36 142.151 -53.3756 8.41253 -0.535835 0.0128514
37 150.295 -58.1458 9.31611 -0.607501 0.0147958
38 170.641 -63.07 10.0123 -0.658569 0.0162692
39 134.304 -48.4205 7.47578 -0.460181 0.0105432
40 153.213 -56.2119 8.81578 -0.567529 0.0138187
41 154.108 -56.3438 8.81153 -0.563569 0.0135747
42 -54.0801 48.0321 -9.51487 0.774332 -0.0208406
43 184.231 -65.0155 9.99405 -0.636188 0.0151831
44 137.267 -47.7366 7.17172 -0.436916 0.0101442
45 116.315 -37.1644 5.15783 -0.270052 0.00525602
46 144.498 -50.7314 7.7468 -0.485575 0.0116784
47 124.051 -44.0434 6.71086 -0.407965 0.00946027
48 85.6098 -24.1797 3.28437 -0.164648 0.00337211
49 131.12 -45.3087 6.82061 -0.413141 0.0095685
50 123.497 -34.6818 4.4034 -0.206786 0.003597
51 100.941 -27.0876 3.3887 -0.153965 0.00271727
52 114.331 -33.8352 4.65995 -0.254307 0.00556865
53 132.98 -40.048 5.42244 -0.281164 0.00532841
54 107.361 -31.7446 4.33469 -0.226571 0.0046133
55 93.4737 -27.2435 3.72371 -0.19204 0.0039874
56 98.9331 -26.8459 3.20663 -0.126624 0.00154605
57 111.811 -33.661 4.56365 -0.233087 0.00452174
58 138.112 -47.4538 7.14274 -0.43578 0.0100837
59 139.771 -44.7497 6.48719 -0.384547 0.00880982
60 110.742 -26.4821 2.65792 -0.058059 -0.000737746
61 84.8616 -17.1371 1.55723 -0.0170212 -0.000809114
62 92.8739 -21.4337 2.42317 -0.0860436 0.000999198
63 126.787 -39.5645 5.71035 -0.337566 0.007923
64 100.875 -27.0618 3.19047 -0.122967 0.00166968
65 79.8564 -18.1566 1.74312 -0.0210895 -0.0010239
66 102.297 -33.0136 4.80647 -0.267903 0.00581177
67 92.7024 -28.488 3.81775 -0.176884 0.00289677
68 126.865 -42.1862 6.02157 -0.326495 0.00658276
69 37.9038 0.987244 -1.57302 0.224642 -0.00747091
70 68.8896 -19.8817 2.61265 -0.113775 0.00201807
71 81.3536 -19.3696 2.12225 -0.0668449 0.000783549
72 115.449 -37.1512 5.26535 -0.29879 0.0068683
73 109.4 -35.1197 4.75106 -0.242945 0.00481284
74 77.4628 -19.7798 2.24769 -0.0658609 0.000183529
75 94.5497 -29.0431 4.15289 -0.226092 0.00494452
76 101.758 -33.6442 4.71836 -0.243435 0.00470573
77 59.7944 -11.0511 0.823949 0.0229169 -0.00161516
78 85.9868 -24.7392 3.0489 -0.112557 0.00104896
79 66.0723 -15.0873 1.55785 -0.0312794 -0.000162026
80 68.6081 -16.8086 2.08229 -0.0859699 0.00168215
81 97.7127 -28.5974 3.9728 -0.215735 0.00478968
82 107.251 -38.6363 6.13344 -0.390754 0.00961875
83 108.254 -28.6549 3.4818 -0.156146 0.00284884
84 136.425 -46.5747 7.01596 -0.423927 0.00973234
85 122.472 -42.3755 6.35742 -0.373147 0.00834398
86 123.969 -46.3074 7.31013 -0.461342 0.0109924
87 104.55 -33.5623 4.79161 -0.259178 0.00539323
88 126.05 -43.927 6.5425 -0.387084 0.00868032
89 -174.202 102.557 -17.9216 1.30804 -0.0328006
90 78.5083 -18.3058 2.05728 -0.0628589 0.000513545
91 102.379 -30.472 4.32652 -0.243275 0.00560393
92 88.0436 -24.9622 3.11441 -0.127803 0.00185203
93 141.137 -48.3755 7.24432 -0.441249 0.0102846
94 112.727 -36.0966 5.11695 -0.279787 0.00592974
