0 80.4758 -22.6054 2.89048 -0.125458 0.00213768
1 113.056 -41.6784 6.51459 -0.399543 0.00927968
2 100.649 -35.4577 5.40709 -0.319341 0.00725712
3 114.264 -44.0006 7.14523 -0.466129 0.0115619
4 168.445 -66.6678 10.9708 -0.746148 0.0188761
5 85.7614 -23.029 2.75067 -0.100165 0.00112659
6 108.202 -37.8904 5.82281 -0.354626 0.00837773
7 79.0895 -23.9957 3.4912 -0.189924 0.00418375
8 60.0282 -13.1395 1.335 -0.017183 -0.000515713
9 69.3663 -18.6718 2.39145 -0.0977203 0.00150103
10 111.747 -41.9662 6.73842 -0.43627 0.0107963
11 31.2621 -0.888654 -0.750974 0.144825 -0.0052146
12 76.2947 -22.8008 3.10776 -0.155228 0.00324217
13 94.5933 -27.8974 3.71994 -0.178841 0.00326166
14 88.5285 -23.1779 2.77148 -0.102549 0.00106919
15 95.7476 -29.1671 4.0489 -0.212745 0.0044338
16 84.6531 -23.0659 2.86134 -0.120114 0.00187387
17 87.434 -20.3785 2.21207 -0.0656786 0.000378551
18 83.7911 -23.022 2.98847 -0.13564 0.00237766
19 63.8868 -18.2596 2.59701 -0.133944 0.00303313
20 77.0611 -16.8949 1.58164 -0.0147729 -0.00116941
21 98.0711 -32.4548 4.865 -0.285255 0.00651066
22 78.6134 -25.4649 3.86009 -0.218681 0.00477121
23 86.7422 -26.7026 3.8055 -0.203505 0.00433743
24 54.8402 -7.56124 0.108483 0.0895036 -0.00379288
25 114.966 -40.5745 6.44552 -0.413349 0.0101817
26 92.5126 -26.3858 3.51685 -0.170723 0.0032761
27 117.329 -38.9799 5.75074 -0.332074 0.00724836
28 127.816 -37.3226 4.70666 -0.213516 0.00333039
29 93.2544 -29.4741 4.22334 -0.226636 0.00470807
30 81.7709 -23.8105 3.22559 -0.153886 0.00287786
31 95.6009 -28.9426 4.03559 -0.219519 0.00485683
32 153.119 -53.6008 8.05015 -0.488208 0.0111909
33 173.056 -69.0867 11.3384 -0.764289 0.0190608
34 122.443 -38.1352 5.25068 -0.27827 0.00566922
35 170.658 -60.8193 9.25063 -0.57048 0.0130865
36 139.336 -51.0557 7.96227 -0.503802 0.0121177
37 148.644 -52.2347 7.8969 -0.484264 0.0112055
38 114.267 -37.3165 5.45595 -0.315649 0.00711964
39 114.599 -34.5037 4.6619 -0.236259 0.0045119
40 123.411 -40.5272 5.65477 -0.299786 0.00597699
41 89.1287 -26.1633 3.58585 -0.181995 0.00368099
42 108.499 -34.4301 5.05262 -0.291765 0.00660336
43 156.813 -55.0948 8.34584 -0.517098 0.012112
44 162.631 -61.9759 9.87644 -0.648753 0.0159269
45 129.523 -42.4412 6.03942 -0.336886 0.00709798
46 154.041 -51.4068 7.50919 -0.446205 0.0100795
47 105.153 -26.77 3.09092 -0.124627 0.00195804
48 102.28 -29.0513 3.73011 -0.174247 0.00315082
49 128.923 -43.0832 6.37027 -0.373187 0.00820935
50 111.967 -36.6571 5.40665 -0.319847 0.00732595
51 122 -44.554 7.08809 -0.462043 0.0114691
52 78.9627 -12.8424 0.604375 0.0656154 -0.00324235
53 80.6622 -19.0943 2.12715 -0.064158 0.000439132
54 112.861 -34.174 4.83249 -0.271851 0.00606583
55 131.263 -39.6699 5.6551 -0.334264 0.00786109
56 99.8956 -22.4165 2.29529 -0.0642494 0.00029027
57 108.071 -28.114 3.20096 -0.111977 0.000931291
58 106.279 -33.2569 4.59824 -0.237947 0.0046993
59 111.098 -30.1129 3.82128 -0.183789 0.00359659
60 100.291 -32.3194 4.6976 -0.264291 0.00591459
61 101.903 -27.9691 3.53727 -0.162546 0.00292016
62 70.7623 -14.46 1.27621 -0.00103028 -0.00120054
63 130.112 -36.9531 4.75849 -0.238791 0.00470896
64 98.4497 -30.6572 4.34585 -0.242248 0.00541359
65 23.5121 4.68803 -1.75293 0.205463 -0.00629772
66 111.202 -35.7966 5.09341 -0.284008 0.00622757
67 106.974 -35.6192 5.12771 -0.286218 0.0061699
68 207.185 -80.1339 12.2168 -0.76454 0.0177773
69 96.7915 -31.9521 4.74035 -0.277238 0.00636767
70 76.282 -19.3993 2.45499 -0.106519 0.00190145
71 111.634 -33.1995 4.30475 -0.20509 0.00359628
72 119.48 -39.6705 5.39167 -0.279356 0.00546302
73 87.445 -22.5379 2.6793 -0.105855 0.00160556
74 213.994 -78.6774 11.4377 -0.670259 0.0144267
75 195.892 -69.1292 9.86366 -0.569252 0.0121443
76 134.021 -41.5396 5.17818 -0.219272 0.002628
77 137.565 -44.0413 6.4078 -0.386816 0.00907199
78 167.264 -54.4224 7.46357 -0.410063 0.00843669
79 114.819 -38.6029 5.41819 -0.298171 0.0064153
80 245.441 -93.6868 14.0299 -0.869559 0.0199488
81 76.5648 -20.5457 2.38346 -0.0801642 0.000758695
82 132.996 -41.7749 5.4996 -0.283462 0.00562085
83 188.299 -66.9219 9.66698 -0.571129 0.012606
84 118.323 -36.7574 4.95891 -0.258892 0.00521907
85 153.296 -49.2982 6.91666 -0.397903 0.00888032
86 154.873 -55.0032 7.84759 -0.441951 0.00927032
87 155.958 -53.545 7.78277 -0.464489 0.0106167
88 194.866 -73.1209 11.1133 -0.692535 0.0160913
89 100.109 -29.9401 3.85935 -0.176192 0.0029552
90 157.204 -58.4825 8.80762 -0.534925 0.0121524
91 192.038 -65.721 9.23723 -0.523191 0.0109781
92 214.326 -80.0108 11.9401 -0.734804 0.0168065
93 120.557 -35.5676 4.63245 -0.226796 0.0042158
94 171.978 -62.3964 9.22334 -0.554086 0.0124465
