0 255.087 -82.1386 10.5704 -0.565745 0.0111916
1 316.878 -112.763 16.0062 -0.964966 0.0215654
2 523.967 -184.247 24.7798 -1.43152 0.030674
3 108.121 -18.0182 0.574075 0.0953168 -0.00463015
4 347.38 -121.673 16.6772 -0.96571 0.0205552
5 143.944 -35.7179 3.55895 -0.107744 0.000264334
6 290.956 -94.8522 12.0624 -0.628548 0.0118078
7 372.97 -132.995 18.5847 -1.11149 0.0247082
8 405.632 -147.243 20.8012 -1.25811 0.0282273
9 342.135 -116.395 15.5556 -0.888193 0.019017
10 337.807 -115.84 15.606 -0.892255 0.0189019
11 312.192 -106.158 14.2127 -0.800615 0.016655
12 421.529 -142.969 18.6156 -1.02756 0.0208811
13 343.948 -119.906 16.3818 -0.951061 0.020487
14 287.664 -97.465 13.1894 -0.756659 0.0162045
15 303.491 -103.856 14.0617 -0.800072 0.0167754
16 404.829 -143.043 19.5666 -1.13996 0.0245609
17 332.808 -110.836 14.4819 -0.805896 0.0167782
18 268.125 -86.0395 10.8329 -0.558152 0.0104636
19 223.679 -68.9302 8.51582 -0.428765 0.00789606
20 300.076 -98.7127 12.8529 -0.705985 0.0143964
21 270.794 -88.3623 11.4299 -0.618081 0.0123533
22 212.918 -63.1579 7.4968 -0.361832 0.00647581
23 342.498 -120.713 16.7165 -0.984296 0.0214918
24 397.692 -140.996 19.4261 -1.13853 0.0246861
25 309.013 -102.911 13.3862 -0.724018 0.0143254
26 396.595 -129.91 16.3662 -0.870755 0.0170461
27 354.632 -122.822 16.6412 -0.959532 0.0205635
28 259.093 -85.923 11.4208 -0.633513 0.0129807
29 295.894 -101.33 13.7776 -0.796009 0.0172596
30 511.051 -181.542 24.6231 -1.42357 0.0302896
31 444.963 -157.032 21.2545 -1.21693 0.0255592
32 242.664 -83.7131 11.8395 -0.702833 0.0154401
33 295.406 -106.755 15.5626 -0.96591 0.0221826
34 337.504 -123.643 17.9825 -1.11171 0.0252672
35 267.705 -93.3934 13.2405 -0.79123 0.0174583
36 299.002 -107.822 15.6185 -0.961232 0.0218353
37 332.349 -124.621 18.5961 -1.17787 0.0273533
38 280.626 -101.45 14.8974 -0.926072 0.0212218
39 405.68 -149.314 21.3874 -1.30467 0.029293
40 284.687 -103.736 15.3268 -0.966433 0.0226137
41 348.825 -124.267 17.4398 -1.04153 0.0229487
42 280.964 -97.6563 13.6321 -0.801892 0.0173439
43 205.349 -68.8345 9.84436 -0.595502 0.0135025
44 265.569 -91.224 12.693 -0.748557 0.0163379
45 217.806 -73.5265 10.3568 -0.615439 0.0136129
46 359.719 -128.509 18.0623 -1.08392 0.0240569
47 209.491 -68.754 9.54235 -0.558352 0.0122255
48 303.643 -109.689 15.8518 -0.971382 0.0219261
49 223.385 -76.1964 10.8668 -0.657303 0.0148404
50 255.138 -90.0549 13.059 -0.804251 0.0183132
51 211.307 -68.6132 9.29817 -0.528813 0.0111755
52 240.634 -82.7394 11.7641 -0.704397 0.0155446
53 266.476 -96.4728 14.3666 -0.91018 0.0213115
54 274.021 -98.1509 14.2758 -0.882315 0.0202125
55 263.897 -93.5457 13.5307 -0.829237 0.0188035
56 228.256 -74.7336 10.0211 -0.558684 0.0114173
57 278.605 -97.0579 13.627 -0.811043 0.0179007
58 280.091 -93.9034 12.5392 -0.699197 0.0143007
59 200.757 -65.5958 9.14212 -0.538533 0.0118339
60 173.446 -54.6645 7.69879 -0.46131 0.0105425
61 225.058 -74.1715 10.0413 -0.561283 0.0114121
62 255.645 -89.9839 13.0031 -0.795962 0.0180284
63 241.939 -83.2947 11.8246 -0.705473 0.0155434
64 501.625 -167.734 21.4931 -1.18627 0.0244268
65 504.12 -168.137 21.4894 -1.18292 0.0242529
66 283.306 -84.7049 9.85263 -0.472492 0.00828245
67 501.059 -171.873 22.511 -1.26321 0.0262563
68 521.409 -175.038 22.4422 -1.23549 0.0252874
69 289.278 -91.9176 11.4634 -0.597779 0.0115526
70 313.183 -103.756 13.4752 -0.743749 0.0153471
71 -441.5 166.114 -22.0352 1.28996 -0.0274646
72 260.382 -81.01 10.0281 -0.527167 0.0105561
73 254.788 -80.0988 10.0619 -0.533571 0.010678
74 247.478 -79.1723 10.088 -0.540976 0.0107842
75 366.636 -117.641 14.6334 -0.773541 0.0152559
76 505.786 -171.156 22.1024 -1.22158 0.0249887
77 334.538 -105.252 12.8462 -0.661952 0.0127267
78 384.705 -128.575 16.6522 -0.923069 0.0190526
79 440.055 -149.385 19.3861 -1.06643 0.021576
80 289.18 -83.0064 8.97078 -0.37723 0.00525532
81 675.195 -244.495 33.6416 -2.00429 0.0443221
82 324.561 -104.929 13.3146 -0.719335 0.0145577
83 99.1613 -9.34961 -1.46261 0.259385 -0.00887391
84 214.414 -64.0472 7.661 -0.371311 0.00652329
85 462.194 -158.009 20.6566 -1.15242 0.023744
86 588.262 -200.337 25.8741 -1.43444 0.0295151
87 356.557 -112.561 13.7057 -0.703805 0.0133379
88 427.85 -147.115 19.4926 -1.10079 0.0229866
89 164.076 -38.3462 3.29421 -0.075682 -0.000344281
90 356.161 -111.97 13.4583 -0.668416 0.0119429
91 355.34 -111.615 13.4433 -0.673264 0.0122424
92 789.566 -289.599 39.9971 -2.38032 0.0521263
93 641.369 -233.701 32.2728 -1.91723 0.0420775
94 437.404 -151.615 20.3015 -1.16666 0.024824
95 531.025 -186.44 24.9987 -1.4385 0.0306324
