0 131.073 -42.2724 6.08229 -0.35032 0.00776915
1 162.789 -54.1134 7.85651 -0.465771 0.010475
2 176.84 -60.4596 8.98861 -0.548545 0.0125699
3 170.617 -58.3347 8.7506 -0.539876 0.0126036
4 169.76 -56.6501 8.42433 -0.519278 0.0121777
5 148.836 -50.8949 7.61008 -0.460274 0.0104749
6 168.95 -57.6782 8.57696 -0.521083 0.0119276
7 173.798 -62.1893 9.75623 -0.643425 0.0160359
8 152.277 -47.8848 6.79199 -0.39417 0.00881835
9 147.077 -48.5093 7.12943 -0.428674 0.00989988
10 178.201 -60.1543 8.83736 -0.536808 0.0123315
11 187.219 -67.7375 10.5809 -0.690134 0.0167955
12 162.64 -57.6448 8.83773 -0.557468 0.0131665
13 89.6224 -17.7425 1.45729 0.00081896 -0.00150381
14 -210.237 134.639 -25.7806 2.0264 -0.0544133
15 154.207 -46.2055 6.3627 -0.360311 0.00796837
16 145.017 -39.7155 4.86415 -0.22147 0.00357321
17 182.949 -60.1886 8.82922 -0.540396 0.0125168
18 160 -50.2701 7.24996 -0.437498 0.0102572
19 174.086 -57.7536 8.53044 -0.520166 0.0119129
20 136.072 -37.7691 4.94204 -0.262762 0.00556968
21 169.463 -56.4889 8.32614 -0.508855 0.0118094
22 150.821 -49.5171 7.10969 -0.409639 0.00889163
23 131.32 -38.7848 5.36479 -0.297797 0.00647345
24 97.1593 -21.8951 2.30258 -0.0668205 0.000320756
25 116.634 -27.8133 2.95344 -0.0871435 0.000109628
26 150.716 -50.7412 7.54548 -0.459106 0.0106114
27 138.692 -41.8762 5.72402 -0.311358 0.0064682
28 170.148 -53.828 7.74584 -0.464111 0.0106215
29 119.227 -34.1723 4.40657 -0.20909 0.00370502
30 153.202 -45.4902 6.19675 -0.343354 0.00739765
31 165.586 -52.8738 7.77398 -0.48086 0.0113925
32 79.6722 -15.487 1.25745 0.0155712 -0.00199899
33 108.587 -25.7338 2.89129 -0.103501 0.00117898
34 148.046 -45.6725 6.36293 -0.354162 0.0075386
35 70.411 -11.1829 0.649528 0.0485126 -0.00253115
36 -20.7142 39.7284 -9.29748 0.847455 -0.0248873
37 120.163 -33.2182 4.32128 -0.217581 0.00436128
38 135.536 -41.0192 5.64608 -0.305053 0.00631449
39 133.403 -39.0322 5.52566 -0.327046 0.00790162
40 119.889 -31.3087 3.87038 -0.180742 0.00334321
41 128.92 -38.0655 5.20614 -0.277772 0.00564054
42 138.337 -41.5747 5.85483 -0.330125 0.00719954
43 156.231 -51.887 7.74904 -0.470908 0.0108154
44 131.761 -39.6976 5.34683 -0.278188 0.00544045
45 120.117 -33.6947 4.3991 -0.216833 0.00409149
46 111.343 -30.5601 3.96948 -0.189817 0.00339126
47 124.181 -31.2791 3.66188 -0.148715 0.00205561
48 113.512 -27.592 3.28517 -0.144573 0.00258242
49 122.978 -32.3978 3.9207 -0.164732 0.002353
50 143.005 -40.4257 5.43462 -0.296785 0.00644933
51 179.648 -57.4113 8.21879 -0.485113 0.0107744
52 102.285 -25.985 2.94235 -0.0955341 0.000507584
53 142.966 -47.6284 7.31123 -0.466136 0.0113692
54 106.404 -27.96 3.57635 -0.172052 0.0033568
55 152.193 -50.0125 7.52455 -0.474686 0.0116048
56 80.6837 -12.6981 0.766329 0.0358925 -0.00200814
57 118.063 -30.5428 3.70299 -0.156762 0.00224247
58 92.1971 -18.0635 1.54714 -0.012589 -0.000860848
59 117.624 -32.0281 3.89786 -0.16126 0.0021796
60 101.419 -22.9533 2.39533 -0.0616646 -0.000159357
61 123.159 -34.56 4.63776 -0.241268 0.00490816
62 145.075 -46.604 6.89805 -0.422434 0.0100616
63 116.51 -30.0621 3.72865 -0.175006 0.00328677
64 124.07 -46.4836 7.49631 -0.495206 0.0124045
65 120.103 -38.6535 5.30569 -0.280006 0.00562423
66 131.973 -51.9433 8.44364 -0.554238 0.0136836
67 70.8608 -19.0819 2.24689 -0.073501 0.000643914
68 107.244 -36.5978 5.14796 -0.267983 0.00502922
69 84.6926 -24.6178 3.13377 -0.138659 0.00231209
70 111.497 -40.8193 6.2625 -0.378051 0.00864283
71 115.56 -42.0215 6.37494 -0.378462 0.00850941
72 83.2004 -27.7914 4.10955 -0.233253 0.00524217
73 143.863 -56.7518 9.13115 -0.598079 0.0146739
74 68.9948 -20.6564 2.85324 -0.140046 0.00276079
75 129.989 -51.4522 8.3555 -0.544231 0.0132499
76 153.58 -59.876 9.69688 -0.645877 0.0160226
77 121.371 -45.1083 7.10579 -0.452867 0.0109686
78 53.092 -11.4811 1.1702 -0.0126668 -0.000604094
79 118.466 -39.4959 5.69318 -0.320821 0.00688838
80 93.9456 -30.9786 4.42731 -0.241391 0.00513313
81 88.0071 -30.7022 4.62063 -0.272127 0.00631837
82 129.518 -47.6648 7.32347 -0.44915 0.0103795
83 98.2066 -32.2483 4.6959 -0.269452 0.00616221
84 93.8084 -31.5846 4.55741 -0.246327 0.00514562
85 115.964 -41.9497 6.51292 -0.405233 0.00960506
86 119.23 -42.3654 6.58729 -0.41358 0.00994389
87 98.6014 -33.9709 5.08942 -0.292509 0.00642154
88 134.437 -48.6107 7.50325 -0.467778 0.0109688
89 109.053 -36.6863 5.34946 -0.304007 0.00663545
90 113.252 -41.9126 6.55274 -0.40695 0.00958678
91 150.193 -57.8733 9.35304 -0.614488 0.0149907
92 113.616 -38.7569 5.58945 -0.312529 0.00660521
93 86.4102 -24.5388 3.17838 -0.144665 0.00257069
94 72.5739 -20.5622 2.76553 -0.138282 0.00301936
95 72.5739 -20.5622 2.76553 -0.138282 0.00301936
