0 117.386 -34.84 4.57286 -0.231212 0.00451283
1 147.732 -50.6953 7.4175 -0.439295 0.00981035
2 117.78 -38.0258 5.46366 -0.311011 0.00677499
3 159.042 -58.2056 9.12076 -0.590846 0.0143562
4 118.816 -36.7516 4.79964 -0.235863 0.00436481
5 89.4415 -22.2163 2.51208 -0.0871019 0.000940606
6 104.909 -25.8261 2.82395 -0.091347 0.000592051
7 169.331 -67.363 11.4554 -0.805314 0.020551
8 100.532 -25.2299 2.86595 -0.108233 0.00139832
9 139.967 -44.6606 6.22264 -0.351703 0.00775732
10 209.885 -73.489 10.5902 -0.635445 0.0143311
11 99.4366 -27.1304 3.31636 -0.143532 0.00228356
12 95.5963 -23.9814 2.71796 -0.0994825 0.00116401
13 128.647 -41.7859 5.69065 -0.298609 0.00583454
14 164.405 -56.5577 8.04634 -0.464767 0.0101518
15 161.922 -55.4565 8.05978 -0.479556 0.0107491
16 199.739 -70.8458 10.3264 -0.618992 0.0138184
17 98.5548 -26.4077 3.42093 -0.170342 0.00342742
18 181.264 -63.4455 9.08684 -0.528696 0.0114835
19 114.406 -37.8161 5.54881 -0.328051 0.00752349
20 121.532 -35.0424 4.58555 -0.23488 0.00467773
21 104.584 -29.889 3.91626 -0.197142 0.00391777
22 106.48 -27.282 3.20521 -0.135745 0.00220535
23 115.237 -32.836 4.09085 -0.187821 0.0031813
24 179.929 -60.2424 8.38885 -0.475853 0.0101671
25 101.829 -29.3803 3.73345 -0.17555 0.0031976
26 190.754 -64.1537 8.91679 -0.508607 0.0109355
27 106.451 -28.8653 3.47804 -0.146933 0.00217824
28 147.377 -46.801 6.47458 -0.367022 0.00810339
29 70.1371 -15.7051 1.71586 -0.0489502 0.000272366
30 95.2228 -26.0345 2.99747 -0.106527 0.00104867
31 132.156 -41.2402 5.55889 -0.292559 0.00578314
32 193.775 -71.0782 10.7228 -0.662571 0.0153503
33 85.985 -20.9351 2.33124 -0.0633948 -6.18302e-05
34 121.123 -31.3299 3.62939 -0.143769 0.00195687
35 103.765 -32.2403 4.59035 -0.251869 0.00541381
36 132.664 -35.6984 4.01739 -0.13677 0.000707698
37 129.824 -37.6461 4.79448 -0.226027 0.00390658
38 105.564 -29.1303 3.71549 -0.172032 0.00313248
39 170.001 -59.2177 8.75012 -0.530266 0.0122932
40 144.702 -45.9124 6.23696 -0.330854 0.0065042
41 85.1535 -16.478 1.43291 -0.00518528 -0.00119591
42 142.905 -44.4989 6.14068 -0.334454 0.00693504
43 103.634 -28.426 3.57483 -0.157679 0.00252036
44 146.28 -44.2098 5.67895 -0.278376 0.00508947
45 129.234 -40.9856 5.90532 -0.342164 0.00773175
46 113.078 -29.6601 3.17801 -0.091473 -2.06583e-05
47 187.52 -80.2014 14.2634 -1.05029 0.0278902
48 151.74 -46.1996 6.01468 -0.30333 0.0056613
49 100.687 -28.4561 3.84881 -0.204814 0.00444415
50 128.18 -40.4618 5.82398 -0.334431 0.0073421
51 133.633 -40.8175 5.44792 -0.285799 0.00578025
52 150.637 -47.2972 6.411 -0.348358 0.00728271
53 191.665 -63.7507 9.01222 -0.514352 0.0108674
54 189.031 -62.6102 8.97053 -0.531166 0.011936
55 138.513 -40.8134 5.36136 -0.272365 0.00524742
56 176.249 -56.494 7.78017 -0.435686 0.00927748
57 132.443 -40.4085 5.55833 -0.302495 0.00628905
58 168.527 -51.6915 6.99759 -0.377881 0.00763472
59 202.115 -70.5841 10.3368 -0.624722 0.0141855
60 150.293 -42.275 5.2915 -0.248353 0.00417891
61 142.425 -44.3451 5.90056 -0.301659 0.00575514
62 252.572 -89.0614 13.0356 -0.796111 0.01816
63 138.32 -39.2722 5.0452 -0.252684 0.00487603
64 67.9865 -16.6713 1.75675 -0.0366533 -0.000331323
65 111.315 -33.8322 4.36819 -0.20941 0.00371076
66 68.332 -17.5286 2.1038 -0.07318 0.000878985
67 -341.436 163.519 -26.4944 1.83453 -0.0447331
68 203.483 -80.755 12.3276 -0.766633 0.0175338
69 173.89 -65.0623 9.59302 -0.573352 0.0127603
70 209.89 -85.5061 13.4026 -0.862941 0.0204325
71 157.522 -55.7195 7.9231 -0.443101 0.00907751
72 158.258 -59.0928 8.67623 -0.512502 0.011354
73 81.1205 -21.0688 2.45059 -0.0931887 0.00134782
74 92.135 -34.6574 5.38282 -0.323617 0.00743369
75 92.019 -32.8923 4.89571 -0.276048 0.00590834
76 52.8343 -12.3497 1.23692 -0.0103195 -0.000796653
77 90.676 -23.4404 2.70776 -0.103106 0.00143269
78 39.7564 -6.687 0.350792 0.0435302 -0.00192193
79 91.7491 -25.3187 3.10345 -0.134342 0.00223492
80 114.795 -37.6181 5.22685 -0.283759 0.00588639
81 88.2009 -25.0362 3.09286 -0.129741 0.00195824
82 136.628 -45.8038 6.39029 -0.352883 0.00736005
83 114.654 -38.4978 5.54345 -0.310702 0.00664501
84 95.6178 -28.3198 3.74763 -0.181752 0.00339483
85 115.499 -42.3694 6.46399 -0.390695 0.00897979
86 76.0199 -20.2771 2.53848 -0.100621 0.00140527
87 111.069 -35.1588 5.05429 -0.294817 0.00689552
88 113.991 -37.3896 5.13191 -0.26663 0.00519396
89 92.4123 -21.9211 2.28419 -0.0609609 -9.36551e-06
90 165.202 -60.6162 9.12437 -0.564385 0.0132136
91 133.959 -48.5056 7.1021 -0.413 0.00906172
92 172.927 -70.0007 10.9158 -0.691389 0.0162703
93 77.9236 -22.5462 3.0668 -0.160297 0.00358587
94 171.81 -64.2722 9.64104 -0.588101 0.0133801
