0 169.138 -53.6959 7.41006 -0.413093 0.00868011
1 166.983 -51.4629 7.40979 -0.451814 0.0107802
2 166.418 -49.3534 6.48297 -0.344066 0.0070705
3 131.791 -37.8524 4.96987 -0.254263 0.00498232
4 178.027 -55.9869 7.5771 -0.4139 0.00858331
5 149.189 -40.562 5.06881 -0.244051 0.00432961
6 143.117 -39.0514 4.95429 -0.24812 0.00484314
7 99.775 -20.6981 1.94074 -0.035385 -0.000493857
8 135.864 -35.1144 4.30536 -0.205625 0.00385704
9 113.58 -26.3441 2.80072 -0.0892502 0.000619325
10 145.729 -41.8248 5.28975 -0.260742 0.00487196
11 144.018 -41.2761 5.30473 -0.267624 0.00515463
12 169.199 -52.482 7.51777 -0.45467 0.0106417
13 132.327 -33.9393 3.87014 -0.153946 0.00206531
14 158.024 -46.6186 6.25334 -0.342906 0.00735391
15 137.998 -37.0132 4.62968 -0.222328 0.0040179
16 176.001 -56.9747 7.98715 -0.45395 0.00965909
17 97.9833 -18.3473 1.32821 0.0257538 -0.00252581
18 112.972 -25.7576 2.74839 -0.0967316 0.00115618
19 156.886 -44.2538 5.68628 -0.295216 0.00600048
20 169.687 -51.9741 7.10043 -0.394784 0.00826077
21 120.429 -31.4088 4.10166 -0.215838 0.00465916
22 158.605 -45.5381 5.93832 -0.309584 0.00617853
23 181.145 -55.4838 7.64335 -0.433555 0.00929261
24 140.75 -40.2123 5.36863 -0.28769 0.0059932
25 139.893 -37.4655 4.72238 -0.238352 0.00483814
26 119.588 -26.3466 2.85239 -0.110819 0.00173364
27 148.682 -36.1243 3.90024 -0.13737 0.00121297
28 156.073 -42.0385 5.04407 -0.225967 0.00357007
29 123.818 -33.8286 4.3716 -0.217267 0.00414346
30 125.649 -30.2818 3.63318 -0.173472 0.00347739
31 110.705 -24.0325 2.60463 -0.0936169 0.00114536
32 160.72 -47.7454 6.45562 -0.348764 0.00717077
33 131.759 -41.5252 5.90782 -0.335693 0.00750558
34 133.98 -38.0546 4.98137 -0.251025 0.00480763
35 182.758 -64.5121 9.94723 -0.633485 0.0151295
36 136.292 -43.0374 6.10208 -0.343026 0.00738169
37 132.285 -38.5425 5.23863 -0.28503 0.00615652
38 131.523 -35.2677 4.46887 -0.219424 0.00426462
39 130.327 -42.1193 6.15771 -0.357707 0.00788355
40 115.466 -30.2791 3.76314 -0.178752 0.00354639
41 109.612 -23.0782 2.1605 -0.035095 -0.00089819
42 101.127 -20.7545 1.71195 0.00805636 -0.00247371
43 116.088 -31.1 3.989 -0.197 0.00390344
44 152.361 -43.4658 5.6005 -0.290042 0.00592227
45 150.411 -44.2057 5.87431 -0.314224 0.00656593
46 115.635 -27.2721 2.99329 -0.112381 0.00153751
47 145.422 -47.284 6.91045 -0.414384 0.00963124
48 140.842 -38.1052 4.81122 -0.23622 0.0043922
49 92.5316 -18.0431 1.57968 -0.0180859 -0.00064499
50 119.9 -28.9537 3.51635 -0.169988 0.00352747
51 130.711 -38.4013 5.24273 -0.286788 0.00614811
52 105.448 -25.4893 2.95499 -0.127972 0.00243337
53 135.199 -34.5875 4.12956 -0.184941 0.00315365
54 103.85 -21.236 1.67318 0.0237788 -0.00326178
55 129.006 -35.3829 4.45262 -0.212805 0.00393217
56 119.383 -28.2975 2.95555 -0.0877405 0.000357174
57 116.037 -27.7583 3.16527 -0.122344 0.00161735
58 152.481 -41.4907 5.30016 -0.268041 0.00523481
59 118.876 -32.0383 3.96332 -0.172638 0.00266578
60 112.934 -26.2029 2.63003 -0.062703 -0.000414943
61 159.741 -47.3503 6.41303 -0.353142 0.00754082
62 111.313 -27.5156 3.12811 -0.111636 0.00109204
63 136.846 -39.4805 5.37856 -0.296805 0.00646088
64 159.055 -54.3647 8.1785 -0.513683 0.0123143
65 166.354 -53.3072 7.56234 -0.444276 0.00998175
66 136.129 -44.1802 6.41881 -0.377058 0.00848794
67 103.706 -25.3277 3.0361 -0.133115 0.00233139
68 127.025 -38.1906 5.2754 -0.28776 0.00597234
69 95.6671 -22.9206 2.49264 -0.0793817 0.000585366
70 174.894 -62.4428 9.54743 -0.608408 0.0146869
71 118.948 -29.3294 3.36033 -0.138907 0.0021677
72 90.4562 -17.3717 1.63154 -0.035445 3.328e-05
73 99.9568 -26.8608 3.37031 -0.157771 0.00299149
74 131.901 -37.7215 5.20588 -0.305397 0.00736876
75 166.932 -56.9111 8.54645 -0.53523 0.012758
76 125.439 -32.4786 3.87903 -0.177904 0.00325005
77 79.2367 -13.276 0.723451 0.0446531 -0.0023521
78 205.77 -67.5319 9.52786 -0.564529 0.0127373
79 162.448 -57.8026 8.98014 -0.587406 0.0145834
80 144.887 -43.1003 5.99284 -0.351466 0.00823724
81 119.393 -32.2407 4.09644 -0.200845 0.00378231
82 125.874 -38.5895 5.35655 -0.300538 0.00668
83 104.616 -26.6258 3.34565 -0.164032 0.00333604
84 158.251 -47.0732 6.23998 -0.336751 0.00708692
85 121.514 -31.3078 3.65672 -0.151621 0.00221981
86 110.35 -27.3555 3.04138 -0.111054 0.00133122
87 133.576 -32.6573 3.58272 -0.13043 0.00136185
88 145.689 -39.0338 4.78759 -0.230033 0.00427046
89 112.709 -27.0425 3.06475 -0.123206 0.00186692
90 122.153 -33.2968 4.07292 -0.180509 0.0028916
91 100.141 -25.2335 3.06721 -0.134885 0.00239415
92 128.985 -32.7932 3.90987 -0.180828 0.00339568
93 137.94 -41.387 5.60749 -0.305159 0.00647575
94 138.61 -40.0727 5.29692 -0.288735 0.00634543
