0 184.057 -64.8997 9.84335 -0.621153 0.0148599
1 175.837 -65.3763 10.4483 -0.694715 0.0172961
2 186.509 -67.4742 10.5729 -0.693499 0.0171023
3 141.618 -47.5284 6.89995 -0.394772 0.00837904
4 160.583 -54.5267 8.27616 -0.527579 0.0128081
5 132.746 -41.1083 5.8925 -0.343495 0.00777741
6 116.225 -34.4912 4.5708 -0.227012 0.00426599
7 132.034 -40.8657 5.63627 -0.302905 0.00619851
8 144.955 -45.8574 6.53414 -0.381577 0.00864804
9 123.516 -35.5799 4.60041 -0.222735 0.00399623
10 100.418 -24.0149 2.73442 -0.104765 0.00143649
11 142.858 -48.0825 7.2085 -0.442612 0.0103741
12 159.037 -51.8439 7.59815 -0.465381 0.0110355
13 110.68 -27.6235 3.16768 -0.125533 0.00186459
14 92.084 -19.2728 1.69176 -0.0104013 -0.00138376
15 115.706 -29.8587 3.6208 -0.166731 0.00305308
16 99.8283 -22.4004 2.33602 -0.0707496 0.000530562
17 131.063 -36.1763 4.52061 -0.213178 0.00382862
18 108.777 -29.3632 3.73601 -0.181368 0.00353407
19 127.637 -33.7019 4.101 -0.192293 0.00358362
20 115.268 -28.1202 3.01104 -0.0935307 0.000315464
21 119.145 -29.9157 3.36491 -0.120014 0.00114821
22 149.735 -47.0967 6.69605 -0.391467 0.00884089
23 141.715 -38.5408 4.86799 -0.239304 0.00445173
24 120.592 -31.0492 3.57616 -0.142033 0.00188472
25 156.638 -46.4894 5.96247 -0.298905 0.00560557
26 83.9856 -13.2618 0.584716 0.0682294 -0.0033607
27 100.937 -23.5532 2.35793 -0.0555924 -0.000310918
28 116.367 -27.6767 2.95149 -0.0986504 0.000927223
29 112.871 -26.5238 2.80644 -0.0892452 0.00059794
30 109.273 -27.6404 3.24876 -0.134729 0.00210837
31 98.1238 -22.5813 2.21534 -0.0427029 -0.000842002
32 147.317 -45.3179 6.45082 -0.379182 0.00867586
33 152.907 -46.4089 6.55199 -0.378682 0.00845976
34 113.766 -32.5414 4.42954 -0.24051 0.00529214
35 113.95 -27.3982 3.04933 -0.108623 0.00114903
36 114.494 -32.0776 4.10763 -0.195402 0.00357934
37 107.305 -25.567 2.90252 -0.114836 0.00180148
38 120.376 -30.6538 3.67306 -0.160272 0.00262516
39 90.2151 -19.0647 2.00933 -0.0629151 0.000728553
40 112.03 -26.2009 3.05243 -0.134239 0.00252546
41 123.629 -33.149 4.22335 -0.206309 0.0038936
42 153.494 -44.4645 6.09538 -0.343844 0.0074895
43 131.969 -38.1765 5.38393 -0.318996 0.00755159
44 120.54 -31.4896 3.87823 -0.186216 0.00362462
45 117.704 -26.0294 2.65704 -0.0792972 0.000346572
46 105.542 -21.3964 2.05835 -0.0526161 0.000164491
47 127.5 -35.4798 4.70444 -0.246599 0.00506893
48 127.355 -33.4858 4.22414 -0.211876 0.00432989
49 93.1771 -19.6407 1.95218 -0.0488502 7.07265e-05
50 126.634 -35.5069 4.69337 -0.24912 0.0052567
51 102.359 -22.4592 2.32631 -0.069925 0.000401195
52 118.851 -24.7335 2.24847 -0.0405622 -0.000818453
53 112.123 -30.7952 4.2238 -0.23576 0.00540531
54 115.952 -28.4263 3.37086 -0.150657 0.00275011
55 106.927 -27.2181 3.44575 -0.168209 0.00333729
56 87.8216 -16.5026 1.32456 -0.00349108 -0.000991336
57 146.488 -40.2047 4.87499 -0.216426 0.00328578
58 96.0179 -21.3063 2.22382 -0.0620616 9.04383e-05
59 134.777 -39.5264 5.24429 -0.277694 0.00568804
60 147.74 -42.9997 5.81389 -0.318595 0.006732
61 202.916 -68.0806 10.0989 -0.632327 0.0149577
62 128.681 -36.9682 4.80766 -0.237068 0.004357
63 141.353 -42.7433 5.88995 -0.329103 0.00708313
64 136.453 -36.8829 4.41232 -0.195293 0.00322065
65 111.966 -25.1093 2.46503 -0.0567237 -0.000418926
66 185.821 -60.547 8.69046 -0.515654 0.0116051
67 270.53 -98.7937 14.822 -0.92674 0.0213435
68 249.973 -88.5445 13.1482 -0.825656 0.0195501
69 151.217 -43.6628 5.67822 -0.292577 0.00582917
70 173.754 -55.2789 7.7859 -0.454576 0.0102204
71 165.088 -50.0226 6.7839 -0.374337 0.00797939
72 145.224 -41.5224 5.538 -0.304266 0.00667544
73 151.683 -46.9316 6.33554 -0.340044 0.00689581
74 153.454 -46.2954 6.30051 -0.352524 0.00772116
75 182.072 -59.8611 8.6295 -0.509425 0.0113344
76 54.7658 3.61554 -2.21309 0.255973 -0.0078139
77 -142.978 98.6639 -18.5936 1.44905 -0.0388212
78 180.177 -54.4575 7.38449 -0.414431 0.00888758
79 137.116 -37.8852 4.89946 -0.255667 0.00533583
80 164.155 -47.1713 6.09464 -0.317849 0.0063932
81 163.887 -51.63 7.31538 -0.424656 0.00933896
82 154.607 -45.0089 6.03394 -0.324097 0.00667272
83 124.041 -34.2347 4.27518 -0.198053 0.00340106
84 208.406 -71.7712 10.7217 -0.665889 0.0154632
85 181.88 -59.283 8.28396 -0.461875 0.00949965
86 152.995 -48.0363 6.86596 -0.401147 0.00894179
87 177.102 -57.8166 8.43159 -0.510216 0.0117229
88 169.032 -51.2726 7.03696 -0.393957 0.00843298
89 155.284 -43.5753 5.70947 -0.303777 0.00628958
90 208.455 -72.554 10.951 -0.690007 0.0162037
91 169.739 -53.861 7.70977 -0.454768 0.0102153
92 146.081 -43.3939 5.87833 -0.320923 0.00681271
93 185.697 -61.9153 9.01721 -0.536677 0.0119199
94 184.703 -61.0568 8.99109 -0.55302 0.0128934
