0 138.442 -49.4973 7.56463 -0.469398 0.0106921
1 132.421 -46.0626 6.97509 -0.428612 0.00972742
2 110.633 -38.7009 5.88715 -0.360529 0.00832988
3 91.0652 -31.4424 4.81439 -0.291154 0.00667887
4 137.017 -46.4033 6.84749 -0.409258 0.0090327
5 122.7 -39.4634 5.5889 -0.320083 0.0068848
6 94.0836 -29.4843 4.23673 -0.238415 0.00508095
7 114.519 -37.219 5.46888 -0.324751 0.00724488
8 130.898 -45.5048 7.21298 -0.482769 0.0123323
9 128.985 -43.1298 6.36808 -0.380441 0.00838097
10 114.312 -37.0632 5.26395 -0.297592 0.00623824
11 100.153 -30.2458 4.17302 -0.219925 0.0041774
12 126.429 -44.6386 6.72378 -0.411674 0.00939061
13 114.049 -35.2953 4.92824 -0.272652 0.00564547
14 115.433 -35.8432 5.09917 -0.292586 0.00633981
15 127.319 -49.3094 7.99579 -0.527999 0.0128718
16 68.254 -15.6942 1.81158 -0.0598156 0.000304824
17 61.2705 -15.3419 1.84742 -0.0656213 0.000605462
18 92.8204 -28.4645 4.07142 -0.230458 0.00500819
19 97.1397 -30.9831 4.55234 -0.26353 0.00569828
20 132.173 -41.7549 6.13189 -0.377841 0.00890787
21 95.5676 -24.7468 3.0174 -0.132441 0.00204134
22 107.852 -32.01 4.42472 -0.241513 0.00494591
23 78.7572 -16.1769 1.46596 -0.0170264 -0.000975924
24 69.5493 -18.8412 2.50006 -0.119019 0.00210897
25 108.095 -38.6238 6.0072 -0.377784 0.00890819
26 140.161 -48.3092 7.19142 -0.433949 0.00960348
27 119.55 -38.2758 5.54296 -0.321891 0.00696149
28 140.372 -43.7105 6.12468 -0.34771 0.00729514
29 61.462 -7.63236 -0.120095 0.108894 -0.00455738
30 126.145 -42.7342 6.49312 -0.407846 0.00970122
31 81.6034 -22.9133 3.08124 -0.15324 0.00284282
32 89.4427 -30.4486 4.59998 -0.272898 0.00611777
33 112.829 -44.6389 7.25577 -0.47868 0.011786
34 116.231 -43.7508 6.91973 -0.444504 0.0107304
35 139.749 -54.4502 8.88464 -0.59926 0.0149831
36 97.1213 -34.4716 5.289 -0.319122 0.00718787
37 141.694 -54.0358 8.73424 -0.585783 0.0145301
38 155.279 -58.5395 9.2672 -0.606567 0.0147136
39 124.04 -48.1328 7.82542 -0.518116 0.0127677
40 67.4878 -21.4718 3.04011 -0.153895 0.00288468
41 105.162 -35.4159 5.35534 -0.326866 0.00756922
42 117.058 -42.06 6.591 -0.42143 0.0100924
43 116.623 -42.6385 6.71037 -0.431718 0.0104975
44 70.6108 -18.3743 2.23115 -0.0851677 0.00085576
45 107.814 -40.2774 6.56183 -0.440089 0.0110702
46 71.2273 -22.5817 3.1852 -0.165303 0.00313727
47 75.2149 -25.1247 3.96434 -0.250222 0.00612078
48 84.652 -24.6649 3.43664 -0.184993 0.00385134
49 76.2484 -24.526 3.49862 -0.184576 0.00354481
50 140.481 -51.426 7.89542 -0.498959 0.01176
51 57.729 -17.4683 2.40086 -0.113451 0.00197997
52 135.696 -47.6046 6.99101 -0.413664 0.00896771
53 63.9265 -15.2693 1.55639 -0.0225657 -0.00107914
54 97.2726 -32.7753 4.98767 -0.305498 0.00711804
55 70.2564 -23.9624 3.64511 -0.209838 0.00461813
56 109.018 -36.1252 4.95967 -0.257767 0.00473163
57 108.993 -33.3111 4.52836 -0.240284 0.00471447
58 118.243 -36.8165 5.1617 -0.290045 0.00614108
59 66.4271 -21.9744 3.27123 -0.179978 0.00371628
60 122.111 -41.2013 5.80621 -0.321231 0.00646194
61 101.666 -37.3783 5.6599 -0.340303 0.00764327
62 139.449 -52.866 8.18407 -0.522804 0.0124932
63 135.595 -47.8203 7.10832 -0.434596 0.00998869
