0 150.018 -48.2003 6.86641 -0.395413 0.00870767
1 123.841 -37.5508 5.32273 -0.305448 0.00695075
2 101.616 -28.1726 3.70209 -0.183474 0.00359086
3 132.529 -39.5699 5.2022 -0.256963 0.00465579
4 172.234 -56.4925 8.17953 -0.492717 0.0114214
5 136.819 -47.4745 7.18603 -0.437226 0.0101035
6 150.415 -51.7307 7.69301 -0.465497 0.0107056
7 119.68 -33.5224 4.36847 -0.220802 0.00445554
8 129.723 -36.833 4.77428 -0.241449 0.00477366
9 160.276 -54.4966 8.17265 -0.503168 0.0117073
10 121.445 -33.2559 4.13941 -0.188026 0.0031215
11 129.721 -37.8947 4.91726 -0.24073 0.0043916
12 107.79 -27.2838 3.08663 -0.115211 0.00136577
13 159.815 -56.2882 8.64321 -0.552839 0.0134432
14 123.823 -36.5509 4.85074 -0.245467 0.00462522
15 107.441 -31.1689 4.15809 -0.211743 0.00422889
16 111.081 -34.1017 4.84635 -0.27273 0.00600962
17 182.719 -57.6084 7.74048 -0.411685 0.00797243
18 133.844 -38.8517 5.12269 -0.261819 0.00509462
19 92.8571 -20.7709 2.21396 -0.0706971 0.000734074
20 125.813 -35.1262 4.42216 -0.213065 0.00397945
21 110.556 -30.337 3.72183 -0.159313 0.00242402
22 102.088 -25.3937 2.84779 -0.0985183 0.000966021
23 119.71 -32.4983 4.00599 -0.181832 0.0030778
24 151.857 -46.4498 6.17737 -0.326928 0.00657919
25 122.085 -33.4813 4.18037 -0.19004 0.0030758
26 112.791 -27.7382 3.08301 -0.104361 0.000811229
27 148.657 -51.1834 7.85899 -0.498007 0.0119604
28 101.808 -23.7154 2.36418 -0.0476449 -0.000822419
29 150.014 -52.8122 8.0758 -0.504775 0.0119557
30 114.697 -30.1017 3.58894 -0.147011 0.00202612
31 135.161 -41.292 5.65081 -0.301974 0.00607776
32 149.305 -55.1704 8.53873 -0.536716 0.0127544
33 -181.042 108.337 -19.5893 1.48293 -0.0385522
34 142.073 -50.3366 7.6515 -0.472394 0.011139
35 160.42 -59.5293 9.36591 -0.601487 0.0144751
36 173.453 -65.8825 10.587 -0.7062 0.0174977
37 122.163 -37.163 4.95628 -0.244953 0.00447113
38 106.514 -34.9382 5.07536 -0.282411 0.00592774
39 121.427 -36.6871 4.97472 -0.258483 0.00510191
40 -0.0110838 25.0796 -5.70791 0.499946 -0.0137834
41 153.69 -57.9368 9.1176 -0.584059 0.0140179
42 105.183 -36.1951 5.31247 -0.300487 0.00653667
43 124.528 -37.5403 4.97536 -0.246761 0.00453738
44 156.691 -58.7658 9.48469 -0.639036 0.0161708
45 134.285 -47.1048 7.3361 -0.471166 0.011525
46 108.566 -32.5464 4.52437 -0.251631 0.00562317
47 143.062 -64.8173 12.0025 -0.916745 0.0255493
48 137.271 -44.5437 6.49884 -0.386661 0.0088847
49 159.482 -56.6641 8.84494 -0.574684 0.0141398
50 130.808 -38.979 5.24142 -0.273847 0.00543533
51 169.473 -61.2344 9.38521 -0.596674 0.0143172
52 100.173 -27.185 3.23841 -0.128755 0.00170658
53 117.481 -34.3665 4.55488 -0.236799 0.00486194
54 97.8375 -25.1648 2.97186 -0.119454 0.0017453
55 152.895 -50.4345 7.28196 -0.423054 0.00926571
56 136.76 -49.5092 7.76469 -0.496849 0.011998
57 76.1704 -19.9685 2.48188 -0.107203 0.00193154
58 99.7143 -27.9035 3.59443 -0.171017 0.00318068
59 123.448 -40.5086 5.77291 -0.321341 0.00674887
60 118.557 -34.7691 4.50303 -0.22136 0.00417382
61 119.223 -39.016 5.72473 -0.339304 0.00786304
62 138.709 -49.8722 7.80667 -0.502198 0.0122063
63 111.667 -36.1521 5.28445 -0.309351 0.00701802
64 89.8009 -33.4359 5.11822 -0.29756 0.00663349
65 110.739 -40.6446 6.15493 -0.368371 0.00852987
66 90.5305 -35.7779 5.60595 -0.332916 0.00748048
67 96.6462 -33.9915 4.88174 -0.262551 0.00540746
68 117.1 -42.6507 6.38135 -0.375646 0.00841455
69 81.5193 -30.137 4.671 -0.277666 0.00645616
70 101.076 -36.7486 5.5402 -0.321365 0.00709496
71 111.515 -41.0565 6.36763 -0.394465 0.00944697
72 127.096 -48.4708 7.65375 -0.481769 0.0113089
73 95.2709 -35.6852 5.52757 -0.332291 0.00770843
74 125.828 -52.693 8.84901 -0.600637 0.0152153
75 116.018 -44.8853 7.1954 -0.458239 0.0110066
76 126.684 -46.9478 7.3055 -0.457356 0.0108648
77 110.414 -42.0178 6.82079 -0.451476 0.011379
78 101.848 -41.4458 6.65128 -0.416588 0.00980697
79 88.0098 -33.0107 5.26323 -0.330718 0.00805217
80 102.898 -37.0088 5.65135 -0.33743 0.00771928
81 110.988 -48.1861 8.20989 -0.558964 0.0141323
82 134.562 -48.8943 7.58947 -0.479299 0.0114375
83 90.3076 -30.2359 4.1796 -0.201157 0.00343868
84 64.2268 -16.8651 2.00093 -0.0668602 0.00075521
85 117.604 -43.5051 6.80363 -0.422537 0.00996097
86 81.4675 -31.5897 5.22168 -0.336335 0.00836006
87 98.7397 -32.3243 4.74992 -0.274319 0.00624376
88 111.631 -40.5852 6.33537 -0.395829 0.00940488
89 80.4977 -27.5946 4.09603 -0.225982 0.00482747
90 50.8229 -10.6062 0.885139 0.020353 -0.00166578
91 84.2377 -29.1494 4.44351 -0.26034 0.00604536
92 66.418 -18.2552 2.41264 -0.107152 0.00193731
93 70.1278 -25.2889 3.95523 -0.234557 0.00550451
94 72.4542 -23.8681 3.39158 -0.168798 0.00315278
95 72.4542 -23.8681 3.39158 -0.168798 0.00315278
