0 160.572 -61.805 9.68044 -0.61438 0.0145477
1 159.034 -58.732 9.29023 -0.601609 0.0145252
2 111.197 -37.4974 5.57543 -0.328913 0.00749283
3 135.85 -52.7609 8.55666 -0.563898 0.0139604
4 128.276 -45.3158 6.83408 -0.410161 0.0092599
5 156.798 -56.9167 8.53041 -0.509383 0.0112654
6 120.158 -43.0715 6.60741 -0.40448 0.00943884
7 148.891 -50.1432 7.39563 -0.439999 0.00987901
8 90.6429 -22.9697 2.54333 -0.0784196 0.000470464
9 130.021 -45.5487 6.78941 -0.397714 0.0087423
10 115.009 -41.0494 6.16877 -0.365277 0.00826542
11 132.712 -48.6127 7.63893 -0.493262 0.0122203
12 90.0245 -25.574 3.22999 -0.137551 0.00205467
13 142.343 -42.8517 5.70749 -0.295379 0.00573497
14 142.082 -50.4681 7.79134 -0.493861 0.0118953
15 148.405 -52.3846 8.05773 -0.513411 0.0124763
16 103.612 -29.9984 4.10307 -0.219625 0.00471055
17 163.894 -57.5443 8.69579 -0.53895 0.0125934
18 108.401 -30.9444 3.94668 -0.186118 0.0033823
19 116.284 -32.1785 3.9356 -0.166421 0.0023342
20 94.0654 -28.0256 3.75427 -0.182871 0.00332514
21 132.376 -43.4718 6.34436 -0.37359 0.00842522
22 115.676 -31.3588 3.63913 -0.139802 0.00166895
23 132.967 -47.123 7.21795 -0.4466 0.0105467
24 73.3471 -16.8227 1.74791 -0.0424432 5.191e-05
25 135.821 -45.6079 6.72751 -0.401975 0.00920937
26 144.59 -49.8428 7.50105 -0.462619 0.0109102
27 161.281 -58.5319 9.08399 -0.581097 0.0139893
28 88.7873 -20.5341 2.24359 -0.0739337 0.000751587
29 121.883 -44.8877 7.10384 -0.456084 0.0110877
30 139.244 -47.9394 7.17984 -0.441482 0.0104748
31 108.881 -30.3362 3.92367 -0.191473 0.00369153
32 75.4108 -17.6061 1.89935 -0.0456283 -0.000250068
33 79.9839 -18.889 1.90221 -0.0256415 -0.0011432
34 62.2636 -12.4738 0.999344 0.0247255 -0.00210507
35 111.999 -38.2988 5.78103 -0.339472 0.00759773
36 115.036 -34.5241 4.49666 -0.216294 0.00391557
37 71.405 -21.9125 3.17648 -0.163475 0.00336131
38 126.046 -43.8256 6.66732 -0.408199 0.00952251
39 98.8302 -32.5717 4.82708 -0.273109 0.00598961
40 67.7778 -15.1265 1.21149 0.0261765 -0.0026068
41 167.682 -59.3292 8.68531 -0.517621 0.0116556
42 99.6904 -28.1961 3.56839 -0.15929 0.00261494
43 81.722 -22.2864 2.84162 -0.126321 0.00226692
44 165.08 -55.5532 7.81597 -0.440917 0.00929266
45 62.656 -10.6447 0.591245 0.0498354 -0.00251343
46 103.781 -28.3831 3.37961 -0.135564 0.00187121
47 87.5051 -21.8898 2.41543 -0.0720761 0.000366619
48 153.657 -53.0784 7.95122 -0.488763 0.0114401
49 100.715 -28.4647 3.58576 -0.151183 0.00202763
50 124.155 -41.5684 6.03676 -0.346792 0.00764727
51 158.178 -57.7192 8.73638 -0.543909 0.0128349
52 134.283 -43.6875 6.24167 -0.360018 0.0079816
53 133.541 -48.9642 7.41582 -0.446459 0.0100602
54 101.105 -26.6067 3.17201 -0.130761 0.00204188
55 119.935 -34.9438 4.72173 -0.251018 0.00522471
56 101.614 -28.8865 3.81962 -0.192661 0.00383852
57 97.4369 -26.9338 3.28679 -0.134787 0.00191879
58 86.6092 -22.1793 2.66715 -0.106897 0.00168056
59 124.526 -36.8872 4.90248 -0.251527 0.00490292
60 105.943 -29.5946 3.6197 -0.144106 0.00153577
61 104.892 -29.5715 3.59636 -0.146647 0.00194972
62 109.712 -30.6237 4.14024 -0.223531 0.00499028
63 170.13 -56.4268 7.91792 -0.449815 0.00961483
64 159.305 -55.8724 8.44802 -0.52456 0.0118346
65 149.65 -54.6693 8.41031 -0.526453 0.0124439
66 149.702 -56.7574 9.11617 -0.60494 0.0151986
67 123.285 -42.0919 6.19047 -0.360668 0.00807169
68 138.148 -46.0923 6.68377 -0.385516 0.00850727
69 160.036 -68.3462 12.0362 -0.880438 0.0236172
70 136.664 -49.4255 7.65821 -0.491385 0.0121227
71 159.071 -53.0429 7.86164 -0.486114 0.0115612
72 132.325 -45.9959 6.9587 -0.426288 0.00997415
73 104.055 -31.8307 4.26114 -0.211959 0.00408048
74 113.45 -37.0527 5.43719 -0.316029 0.00710616
75 140.03 -51.5212 8.18002 -0.52979 0.0129634
76 98.8337 -27.8693 3.48374 -0.146576 0.00211175
77 127.786 -43.2343 6.32161 -0.367341 0.00812631
78 149.816 -49.9469 7.31654 -0.43932 0.0101273
79 155.08 -56.6475 8.70829 -0.540595 0.0125509
80 100.098 -27.9402 3.55684 -0.159714 0.00260192
81 104.544 -29.1922 3.72474 -0.177399 0.00333286
82 159.367 -56.3131 8.33231 -0.499052 0.011228
83 133.194 -45.5244 6.79625 -0.406312 0.00924347
84 85.1148 -20.7875 2.22967 -0.0584961 -2.10207e-05
85 61.896 -14.4073 1.49677 -0.020293 -0.00080259
86 128.08 -39.3704 5.27049 -0.269794 0.00516191
87 113.766 -37.9703 5.59582 -0.322637 0.00717778
88 110.086 -36.5163 5.4778 -0.33135 0.00789418
89 125.387 -41.7895 6.14075 -0.36177 0.00824831
90 119.108 -39.2762 5.77805 -0.338163 0.00771482
91 84.9211 -26.9747 3.90811 -0.217637 0.0049484
92 98.1424 -24.7583 2.94164 -0.124641 0.00213697
93 111.918 -32.5619 4.30006 -0.211273 0.00394086
94 83.8747 -18.1136 1.81198 -0.0385761 -0.000205308
95 83.8747 -18.1136 1.81198 -0.0385761 -0.000205308
