0 156.062 -49.7302 7.13541 -0.42311 0.00977951
1 173.752 -61.0583 9.46424 -0.616725 0.0152056
2 177.278 -61.8008 9.29125 -0.574425 0.0132117
3 160.32 -55.7589 8.43273 -0.521561 0.0121267
4 173.084 -59.0813 9.03634 -0.584544 0.0144371
5 162.887 -54.2821 8.09135 -0.498678 0.0117323
6 155.484 -51.3658 7.47635 -0.444712 0.0100948
7 106.655 -28.274 3.41214 -0.138365 0.00189938
8 141.586 -42.8251 5.98002 -0.343386 0.00775797
9 162.987 -51.2996 7.08639 -0.399943 0.00865503
10 151.588 -46.9581 6.64191 -0.388923 0.00892302
11 204.352 -74.2872 11.6997 -0.779181 0.0194981
12 155.868 -47.0377 6.63603 -0.395917 0.00929416
13 160.829 -54.4149 8.14621 -0.506373 0.011979
14 78.4704 -12.6774 0.695665 0.0481258 -0.00247835
15 135.593 -39.9581 5.441 -0.292441 0.0060022
16 176.747 -61.8192 9.4812 -0.606275 0.0146129
17 167.031 -52.5984 7.35121 -0.415393 0.00888874
18 143.26 -43.6747 6.1869 -0.361995 0.00834285
19 166.576 -52.267 7.28299 -0.408197 0.00864743
20 112.013 -30.5739 3.91802 -0.194757 0.00393236
21 125.773 -33.8429 4.36859 -0.223489 0.00451957
22 134.678 -39.5858 5.45529 -0.304501 0.00666725
23 142.371 -44.3899 6.25702 -0.352594 0.00753582
24 126.431 -33.0939 4.03598 -0.181654 0.00299711
25 142.932 -42.6372 5.77923 -0.30795 0.00615711
26 159.104 -51.5614 7.5225 -0.449469 0.0101871
27 152.53 -47.0584 6.59454 -0.377597 0.00833419
28 148.447 -42.5597 5.79224 -0.327056 0.00731201
29 142.504 -42.0772 5.84306 -0.331348 0.00738599
30 158.334 -51.5565 7.48173 -0.441433 0.00986855
31 176.338 -58.5578 8.57534 -0.516849 0.0117464
32 90.8726 -27.0916 3.8074 -0.201286 0.0041868
33 129.427 -59.6535 11.2143 -0.863372 0.024346
34 127.995 -45.9384 7.05699 -0.432481 0.00998846
35 108.768 -39.6061 6.16582 -0.375771 0.00871482
36 75.6098 -23.0152 3.32419 -0.17752 0.00386682
37 128.512 -44.1862 6.67919 -0.406697 0.00947551
38 142.509 -51.7556 8.09856 -0.514314 0.0122774
39 109.124 -35.7273 5.24389 -0.294306 0.00617675
40 110.744 -34.8951 5.17116 -0.311477 0.00742122
41 102.22 -36.3918 5.86101 -0.377269 0.00935483
42 119.335 -38.9959 5.78006 -0.341004 0.00769372
43 103.41 -30.3515 4.04355 -0.194631 0.00344494
44 77.3166 -21.7321 2.9754 -0.150021 0.00315488
45 94.3477 -28.2957 3.91698 -0.202375 0.00409742
46 62.0346 -15.1799 1.74746 -0.0499784 0.000270465
47 78.0938 -22.5474 3.15404 -0.160666 0.00326406
48 96.6154 -29.4531 4.06874 -0.21267 0.00438604
49 65.3233 -13.3903 1.42894 -0.0350353 0.000185284
50 41.1858 -4.5365 -0.0117401 0.0696529 -0.00253891
51 104.413 -31.8925 4.43006 -0.233187 0.00468963
52 101.082 -25.4526 3.02566 -0.120583 0.0016344
53 71.3667 -20.0457 2.73122 -0.131763 0.0026298
54 89.221 -25.9881 3.4471 -0.165043 0.00308636
55 84.9426 -28.8983 4.55153 -0.277663 0.00658557
56 83.0037 -21.2998 2.5057 -0.0850796 0.00060748
57 112.541 -35.7249 5.37063 -0.328788 0.00799064
58 76.486 -20.7769 2.72575 -0.122817 0.00212249
59 72.3191 -16.6134 1.69475 -0.024326 -0.000970405
60 100.669 -32.4859 4.83979 -0.289052 0.00681789
61 101.117 -30.7095 4.30835 -0.231817 0.00485747
62 73.2023 -14.641 1.40253 -0.0166075 -0.000723002
63 82.2963 -21.3051 2.65519 -0.11186 0.00183111
64 45.8806 -14.8894 2.34392 -0.133547 0.00336604
65 51.6221 -15.6039 2.17801 -0.0999667 0.00200616
66 38.7067 -9.80765 1.20604 -0.0268699 4.26372e-05
67 68.304 -22.7602 3.31551 -0.169979 0.00337832
68 63.1336 -19.4785 2.74813 -0.132146 0.00249473
69 33.1403 -10.7391 1.50232 -0.0485844 0.000310968
70 30.7075 -4.53165 -0.0584142 0.0922166 -0.00381467
71 51.6113 -19.5189 3.23629 -0.1957 0.00478028
72 41.0632 -12.8484 1.94172 -0.0944589 0.00206789
73 38.7498 -14.9278 2.44329 -0.131478 0.00286217
74 41.1887 -10.6207 1.28997 -0.0299229 -4.98507e-05
75 60.2818 -16.9677 2.31361 -0.10673 0.0021395
76 -10.8775 10.5747 -2.17015 0.208114 -0.0058019
77 46.687 -14.1153 1.98927 -0.0871883 0.00158434
78 23.1877 -4.24948 0.253995 0.0483402 -0.0022312
79 47.3983 -14.5719 2.16823 -0.108677 0.00231819
80 18.1557 1.18536 -0.736359 0.110963 -0.00341738
81 49.4514 -11.3385 1.14204 -0.0109564 -0.000580516
82 39.3639 -9.66555 1.13672 -0.0156667 -0.000603693
83 55.163 -17.3526 2.42745 -0.109908 0.0019289
84 54.3961 -20.6653 3.42821 -0.203821 0.00479731
85 75.6371 -24.4812 3.59673 -0.196418 0.00426036
86 64.1148 -20.8627 3.13194 -0.1683 0.00364208
87 42.4698 -13.7049 2.14867 -0.111503 0.00244869
88 30.915 -7.28088 0.741992 0.011564 -0.00114542
89 57.4565 -18.5431 2.72304 -0.138469 0.00283376
90 29.3485 -6.25356 0.623007 0.0157841 -0.00113018
91 -0.12492 7.17947 -1.74934 0.193268 -0.00583889
92 39.1598 -14.4461 2.39462 -0.127268 0.00269349
93 36.5496 -8.72019 0.926662 0.00674055 -0.00134291
94 39.9976 -11.1177 1.44477 -0.044196 0.000434268
