0 141.989 -55.5727 8.98063 -0.588461 0.0145124
1 108.76 -38.5838 5.85575 -0.345538 0.00769575
2 127.234 -48.0071 7.60498 -0.484989 0.0118359
3 172.628 -69.0482 11.3718 -0.769403 0.0192986
4 137.921 -51.824 8.19049 -0.524856 0.0127573
5 81.4492 -21.6519 2.7283 -0.111105 0.00155989
6 113.127 -44.2959 7.14716 -0.456364 0.0109852
7 22.4698 11.3934 -3.71637 0.401681 -0.0123918
8 118.408 -50.6699 8.48787 -0.559871 0.0136765
9 126.24 -48.7278 7.83531 -0.506328 0.0123287
10 141.294 -54.1681 8.65391 -0.561358 0.013592
11 138.79 -48.9436 7.36505 -0.440948 0.00991123
12 151.194 -53.4717 8.06829 -0.497111 0.0115565
13 112.025 -39.1087 5.81856 -0.334427 0.00722729
14 127.327 -45.7439 6.90268 -0.409915 0.00918258
15 107.759 -41.2927 6.4683 -0.392307 0.0088896
16 99.6388 -33.2073 4.89805 -0.279966 0.00625478
17 128.874 -49.0806 7.80969 -0.497774 0.0119249
18 84.106 -25.746 3.51057 -0.165483 0.00285273
19 139.992 -52.5896 8.20294 -0.511343 0.0119197
20 118.777 -40.7547 6.07102 -0.359572 0.00818762
21 127.433 -45.0327 6.76069 -0.398491 0.00878139
22 142.889 -55.8356 9.01836 -0.590307 0.0144063
23 119.098 -39.3907 5.91978 -0.359405 0.00843454
24 101.149 -32.0512 4.47935 -0.230778 0.00444939
25 105.857 -31.9364 4.29087 -0.212155 0.00392037
26 107.769 -38.4393 5.88027 -0.353348 0.00822611
27 108.333 -36.016 5.31642 -0.30905 0.00697014
28 126.126 -42.8486 6.29502 -0.361987 0.0077562
29 141.514 -53.8052 8.52421 -0.542164 0.0128405
30 140.172 -54.018 8.71004 -0.569109 0.0139021
31 106.773 -33.8498 4.59663 -0.226782 0.00411697
32 149.043 -53.2232 8.16179 -0.512513 0.0122035
33 132.153 -43.2317 6.18085 -0.34848 0.00753926
34 126.904 -41.2125 6.06797 -0.359796 0.00830048
35 148.411 -51.9223 7.87711 -0.488332 0.0114515
36 130.533 -39.8992 5.32292 -0.267943 0.00496529
37 154.784 -53.5627 8.15879 -0.514994 0.0123644
38 108.644 -31.0711 4.12463 -0.210382 0.00423582
39 103.926 -28.3793 3.54446 -0.155888 0.00247477
40 110.896 -37.0826 5.79588 -0.381231 0.00982406
41 92.3049 -21.9322 2.4241 -0.080355 0.000796048
42 168.508 -59.9607 9.28611 -0.600567 0.0146802
43 133.398 -45.1264 6.77307 -0.416627 0.00993985
44 94.5636 -23.6111 2.6867 -0.101939 0.00143564
45 148.303 -47.4444 6.79456 -0.399541 0.00898569
46 136.833 -45.9197 6.71752 -0.396763 0.00891598
47 110.761 -28.656 3.43092 -0.15165 0.00266606
48 163.644 -59.3593 9.22235 -0.59138 0.0142442
49 138.094 -48.2889 7.45439 -0.473071 0.0114237
50 135.587 -41.0141 5.56291 -0.297955 0.0061375
51 88.0096 -19.9806 1.96091 -0.0387012 -0.000524393
52 107.568 -31.8451 4.25585 -0.219583 0.00453363
53 153.198 -51.7306 7.63795 -0.456634 0.0102912
54 92.9469 -26.016 3.28376 -0.143776 0.00232726
55 133.411 -40.1969 5.43645 -0.296315 0.00632613
56 106.486 -26.035 3.04045 -0.132167 0.00242888
57 87.1407 -15.9908 1.14609 0.0201369 -0.00189404
58 99.5727 -23.116 2.44026 -0.0690546 2.86206e-05
59 168.839 -59.1961 8.80319 -0.54696 0.0128891
60 106.218 -31.4917 4.38233 -0.242076 0.00536787
61 130.716 -41.7983 6.03595 -0.356647 0.00814205
62 103.708 -27.9338 3.53963 -0.166195 0.00302545
63 100.784 -25.9415 3.09387 -0.127964 0.00192664
64 137.314 -41.4941 5.58598 -0.295141 0.00592925
65 165.556 -56.5403 8.25592 -0.494345 0.0111738
66 149.244 -45.5893 6.22221 -0.343245 0.00740193
67 147.073 -45.359 6.06492 -0.316295 0.00608298
68 135.392 -42.8245 5.99833 -0.33654 0.00733414
69 92.7304 -21.6454 2.37547 -0.0774544 0.000702538
70 155.731 -50.7987 7.37735 -0.441734 0.0101096
71 164.462 -52.4535 7.2663 -0.401444 0.00820724
72 127.608 -37.731 5.04604 -0.268589 0.00563466
73 110.029 -23.8391 2.33213 -0.0583797 -8.97096e-05
74 168.504 -53.7429 7.67333 -0.453816 0.0102278
75 178.026 -61.0474 9.37902 -0.610047 0.0150564
76 -63.0106 59.531 -12.1272 0.99266 -0.0270622
77 137.677 -40.8543 5.59094 -0.316091 0.0070778
78 170.537 -56.4534 8.10431 -0.473663 0.0103478
79 107.785 -28.2774 3.6445 -0.186862 0.00396147
80 194.18 -69.2593 10.6309 -0.683105 0.0163779
81 122.613 -34.0527 4.31565 -0.207018 0.00369808
82 171.702 -57.1969 8.44481 -0.524394 0.0124269
83 147.004 -41.1261 5.16552 -0.254168 0.00480125
84 113.73 -27.795 3.27408 -0.139652 0.00224301
85 120.227 -37.8674 5.55105 -0.336464 0.00804187
86 144.051 -38.3151 4.59497 -0.207216 0.0034038
87 119.733 -27.6623 3.06549 -0.119965 0.00175067
88 134.746 -37.4343 4.71054 -0.226537 0.00412957
89 97.4269 -23.4595 2.57712 -0.0853744 0.000679749
90 155.069 -46.8841 6.38824 -0.351569 0.00737058
91 141.977 -42.366 5.87087 -0.336986 0.00763543
92 176.672 -60.2288 9.1136 -0.579922 0.0139716
93 133.06 -41.426 5.89039 -0.339724 0.0075922
94 115.628 -24.3461 2.20359 -0.0321697 -0.00123138
95 115.628 -24.3461 2.20359 -0.0321697 -0.00123138
