0 93.4737 -27.321 3.63397 -0.184068 0.00355213
1 136.826 -43.4549 6.12744 -0.352645 0.00765603
2 93.4767 -25.0868 3.23862 -0.159899 0.00304257
3 110.772 -36.3643 5.26379 -0.304669 0.00664637
4 96.6399 -24.9385 2.97511 -0.129294 0.0020471
5 101.899 -31.7766 4.52317 -0.257176 0.00554985
6 94.6306 -23.5023 2.72202 -0.106683 0.00121516
7 74.9441 -15.2148 1.28656 0.00566454 -0.00201133
8 111.877 -30.2544 3.77682 -0.181351 0.00328014
9 200.896 -72.911 10.9055 -0.68155 0.0157063
10 63.178 -6.476 -0.369345 0.123705 -0.00474793
11 106.513 -32.1492 4.51442 -0.256777 0.00569405
12 189.096 -71.9959 10.9408 -0.694828 0.0162905
13 183.932 -59.5937 8.47095 -0.511022 0.0115844
14 142.762 -47.4529 6.59834 -0.369641 0.00759593
15 55.0274 -5.47126 -0.245823 0.0994848 -0.00388294
16 163.291 -54.995 8.04374 -0.492868 0.0113632
17 115.613 -33.3351 4.39666 -0.22693 0.00434267
18 91.1394 -19.9859 2.02663 -0.058429 0.00012362
19 149.733 -52.1749 7.63443 -0.460929 0.0104272
20 -407.894 201.503 -33.7796 2.41355 -0.0611577
21 35.4975 4.18122 -1.87639 0.213276 -0.00665752
22 84.4745 -20.1139 2.20662 -0.0731468 0.000421571
23 117.783 -34.4274 4.62435 -0.248814 0.00505829
24 -414.572 201.769 -33.2029 2.33474 -0.0585534
25 52.9394 -5.03036 -0.406842 0.124704 -0.0049082
26 83.0051 -16.9228 1.6613 -0.0400038 -0.000174528
27 80.883 -16.6864 1.67454 -0.0451313 3.32351e-05
28 66.1739 -10.0739 0.404613 0.0589493 -0.00292514
29 174.672 -62.7761 9.37507 -0.583732 0.0135493
30 81.5625 -15.5798 1.24425 0.00816884 -0.00198667
31 116.424 -30.3247 3.63507 -0.164441 0.00265582
32 104.801 -29.5873 3.73232 -0.173539 0.00281006
33 113.042 -34.6138 4.74609 -0.253962 0.00496502
34 119.297 -38.2054 5.47501 -0.320697 0.007189
35 66.8346 -11.7385 0.625548 0.0584063 -0.00340808
36 106.228 -34.4142 4.79382 -0.260347 0.00522973
37 209.82 -83.1084 12.9678 -0.843028 0.0201242
38 141.965 -50.7328 7.73733 -0.489446 0.0116249
39 141.456 -47.5797 7.04706 -0.430679 0.0098471
40 165.765 -58.2063 8.73039 -0.547822 0.0127967
41 117.444 -37.2969 5.36135 -0.317686 0.00730216
42 139.261 -44.2327 6.12087 -0.342209 0.00704525
43 119.383 -38.1905 5.48614 -0.322604 0.00720086
44 150.79 -50.7528 7.13936 -0.407176 0.00851199
45 119.998 -36.8065 4.9614 -0.264345 0.00515312
46 185.602 -69.7127 10.6859 -0.688109 0.0165021
47 182.198 -64.7475 9.61666 -0.598585 0.013843
48 103.896 -30.4978 3.92922 -0.187382 0.00294084
49 101.11 -28.9918 3.51656 -0.145023 0.00168249
50 103.757 -28.1056 3.50029 -0.165166 0.00287833
51 197.771 -68.01 9.77818 -0.58794 0.0130531
52 155.917 -52.341 7.66846 -0.465783 0.0103945
53 161.765 -54.9607 8.06741 -0.498991 0.0116966
54 147.933 -48.9379 7.04619 -0.421006 0.0094747
55 184.343 -69.1302 10.7707 -0.708187 0.0172548
56 94.0566 -27.4672 3.62855 -0.183528 0.00349034
57 97.1511 -24.5771 2.83342 -0.105503 0.000836432
58 102.74 -29.5122 3.81712 -0.187251 0.00334506
59 119.153 -35.9921 4.72652 -0.237343 0.00415034
60 82.3441 -24.2315 3.44139 -0.195787 0.00438231
61 94.841 -30.1168 4.28772 -0.234086 0.00466452
62 99.9221 -30.2802 4.23143 -0.234021 0.00486699
63 104.258 -29.6915 4.01795 -0.219201 0.00467066
