0 133.596 -39.2102 5.22345 -0.265273 0.00500015
1 192.151 -69.2293 10.7 -0.684292 0.0163925
2 165.255 -57.2999 8.57659 -0.524054 0.0121548
3 130.227 -41.6121 6.10135 -0.357536 0.00805014
4 209.069 -75.8378 11.6837 -0.746944 0.0177933
5 182.184 -59.086 8.45708 -0.49368 0.0108379
6 158.945 -52.4073 7.41457 -0.412765 0.00860204
7 180.245 -67.4688 10.6093 -0.682048 0.0163072
8 185.637 -63.4261 9.64487 -0.616953 0.014994
9 149.329 -49.6524 7.39262 -0.449175 0.0104869
10 184.212 -63.3341 9.2769 -0.549298 0.0121504
11 144.996 -48.2804 7.2892 -0.453615 0.0109062
12 181.416 -61.6903 9.26443 -0.58178 0.0138697
13 158.646 -50.1873 7.07803 -0.400453 0.00857653
14 133.257 -38.5519 5.13019 -0.267494 0.00544562
15 156.462 -49.0307 6.88657 -0.388655 0.00840291
16 138.589 -41.5496 5.77972 -0.325035 0.00719168
17 158.543 -53.3895 8.1533 -0.517492 0.0124915
18 176.824 -59.3098 8.77297 -0.534955 0.0123919
19 190.135 -66.9716 10.2457 -0.648035 0.0153801
20 170.061 -58.0997 8.74194 -0.541599 0.0126238
21 186.54 -61.5063 9.01157 -0.542349 0.0122247
22 176.024 -57.3066 8.347 -0.500307 0.0113114
23 146.256 -44.589 6.20732 -0.350785 0.00778069
24 164.154 -51.3387 7.17485 -0.406585 0.00880473
25 133.133 -41.7165 5.8242 -0.313805 0.00635662
26 149.539 -42.0399 5.42154 -0.272621 0.00526387
27 125.136 -37.274 5.16 -0.28257 0.00606213
28 160.692 -51.9844 7.48889 -0.443404 0.0101072
29 122.189 -37.0022 5.24297 -0.296821 0.00659182
30 152.907 -50.7726 7.5084 -0.454177 0.0105196
31 158.221 -50.1501 7.29994 -0.442164 0.010403
32 168.134 -65.2806 10.6738 -0.721086 0.0181872
33 167.782 -62.6414 9.69472 -0.605561 0.0140049
34 122.45 -38.6103 5.32522 -0.278541 0.00539089
35 158.298 -55.6542 8.33794 -0.508734 0.0117887
36 161.814 -55.4385 8.21746 -0.49124 0.0110323
37 146.972 -49.6533 7.27842 -0.42483 0.00926422
38 110.422 -35.5265 5.1006 -0.28301 0.00605707
39 108.778 -30.3904 4.00439 -0.198392 0.0038028
40 128.824 -46.9792 7.45959 -0.483105 0.0119291
41 135.344 -47.8033 7.31143 -0.451138 0.0106087
42 149.196 -52.8199 8.03236 -0.495737 0.0116058
43 151.801 -49.3737 7.22476 -0.436445 0.0101358
44 143.115 -46.1656 6.49776 -0.363621 0.00770425
45 141.647 -49.5659 7.68368 -0.489734 0.0118394
46 135.204 -46.482 6.98923 -0.426011 0.00991534
47 140.786 -46.311 6.69701 -0.388446 0.00858118
48 135.842 -46.6907 7.00915 -0.419117 0.00941797
49 154.081 -54.3929 8.34543 -0.525846 0.0125579
50 128.914 -43.6758 6.70567 -0.423776 0.0103379
51 148.271 -49.662 7.41253 -0.454567 0.0106163
52 99.8963 -29.1414 4.02756 -0.212924 0.00443577
53 159.77 -56.4634 8.63967 -0.544571 0.012996
54 153.315 -50.5885 7.36212 -0.428053 0.00934215
55 133.055 -45.0354 6.64487 -0.391488 0.0087492
56 183.319 -66.2351 10.5704 -0.716858 0.0183861
57 122.138 -39.2571 5.72371 -0.336584 0.00776222
58 166.404 -61.186 9.56099 -0.610886 0.0145552
59 133.535 -42.4855 6.03184 -0.344738 0.00758682
60 153.521 -53.1721 8.02153 -0.494009 0.0115086
61 139.711 -49.5607 7.50387 -0.45409 0.0103465
62 131.854 -43.6596 6.51368 -0.394267 0.00915621
63 146.6 -51.5343 7.81501 -0.479543 0.0110882
64 93.9253 -29.3603 4.19526 -0.222019 0.00452374
65 160.641 -61.1852 9.68603 -0.623661 0.0149787
66 100.685 -29.7745 4.11695 -0.21732 0.00455892
67 143.95 -51.0799 7.76169 -0.479982 0.0113104
68 76.3509 -16.9174 1.65569 -0.0201766 -0.00086951
69 88.9081 -24.9126 3.15067 -0.141547 0.00261554
70 97.9247 -27.81 3.51296 -0.155283 0.00259473
71 127.71 -43.7776 6.76361 -0.428219 0.0105297
72 89.5898 -25.5053 3.5334 -0.186916 0.00406342
73 146.466 -49.9721 7.48216 -0.454888 0.0105027
74 102.428 -30.5819 4.13224 -0.210038 0.00420109
75 111.052 -33.748 4.87596 -0.281972 0.00655104
76 67.6688 -13.9888 1.16947 0.0150802 -0.00182509
77 120.941 -37.7086 5.10766 -0.264522 0.00519958
78 95.7266 -24.2792 2.87186 -0.114167 0.00171087
79 115.533 -31.8382 4.02584 -0.189302 0.00345876
80 144.274 -47.1067 6.79032 -0.399244 0.00903087
81 108.826 -31.6762 4.16799 -0.203924 0.00381348
82 130.217 -40.5885 5.77431 -0.330731 0.00742802
83 88.9766 -25.7214 3.38337 -0.163159 0.00318057
84 112.36 -34.2634 4.96051 -0.291892 0.00695269
85 110.29 -36.1874 5.08726 -0.271164 0.00554036
86 151.602 -54.6926 8.38519 -0.515582 0.0118126
87 143.327 -48.4392 7.03614 -0.402899 0.00856819
88 99.5632 -29.4477 3.88614 -0.184221 0.00321187
89 131.517 -45.0792 6.69926 -0.399252 0.00907415
90 82.6427 -22.1642 2.99086 -0.144659 0.00282484
91 124.68 -42.844 6.38732 -0.370267 0.00804978
92 133.722 -46.4493 7.00331 -0.424304 0.00975819
93 171.362 -63.4095 9.96064 -0.643409 0.0155772
94 150.151 -52.265 8.09651 -0.519868 0.012779
