0 161.533 -56.0377 8.05088 -0.469471 0.00998007
1 127.918 -44.0415 6.38964 -0.370078 0.00785402
2 219.81 -86.2011 13.3993 -0.865699 0.020452
3 117.778 -39.278 5.78485 -0.342998 0.00758051
4 134.001 -46.5481 6.88389 -0.417463 0.00950047
5 110.144 -34.876 4.70664 -0.237525 0.00419421
6 217.92 -83.3247 12.6777 -0.80572 0.018833
7 122.05 -36.6326 4.84804 -0.251592 0.00483573
8 196.185 -74.2299 11.3703 -0.727185 0.017175
9 89.9758 -24.7854 3.06554 -0.133051 0.00198491
10 188.156 -67.7233 10.1531 -0.635528 0.0147041
11 145.225 -51.6954 7.69486 -0.467913 0.0105597
12 155.907 -56.632 8.34337 -0.504075 0.0112654
13 165.377 -58.4405 8.30205 -0.472476 0.00967808
14 144.178 -48.823 6.89047 -0.389191 0.00797163
15 185.584 -69.9274 10.7043 -0.685756 0.0163028
16 -156.943 97.8538 -18.2042 1.41691 -0.0383712
17 210.31 -79.5979 12.0814 -0.761304 0.0175478
18 190.263 -71.4721 10.8909 -0.692185 0.0162075
19 209.17 -77.0886 11.6472 -0.74151 0.0175153
20 186.558 -71.3639 10.992 -0.70663 0.0167525
21 184.268 -65.5844 9.65905 -0.592627 0.0135064
22 194.56 -70.1387 10.4668 -0.652758 0.0150519
23 196.92 -74.0378 11.1041 -0.686141 0.0154031
24 103.679 -30.1367 4.0086 -0.212556 0.00435694
25 206.7 -79.9784 12.2996 -0.791226 0.0187496
26 212.159 -80.8919 12.2664 -0.773843 0.0179125
27 192.18 -66.7745 9.57451 -0.567266 0.0123224
28 132.004 -39.5095 4.93472 -0.224323 0.00306676
29 165.03 -57.1915 8.23143 -0.484518 0.010582
30 96.9378 -26.8496 3.28363 -0.141227 0.00198363
31 89.2003 -20.7843 2.08135 -0.0476338 -0.000508163
32 232.635 -86.9847 13.1708 -0.837078 0.0196523
33 219.128 -83.9872 13.1941 -0.878753 0.0217928
34 180.605 -59.4584 8.40209 -0.493176 0.0108222
35 115.285 -32.2875 3.82272 -0.14882 0.00128444
36 231.549 -83.8746 12.4027 -0.766959 0.0174358
37 182.493 -58.1742 7.78025 -0.419868 0.00810743
38 203.757 -72.8842 10.8537 -0.678532 0.0156434
39 181.279 -64.9345 9.74764 -0.610929 0.0142171
40 176.357 -59.5805 8.67294 -0.530628 0.0121115
41 169.497 -55.9465 7.88213 -0.45337 0.00959393
42 218.88 -76.2644 11.4096 -0.728901 0.0173895
43 177.015 -58.198 8.23377 -0.487156 0.0108558
44 210.188 -76.5393 11.5174 -0.730711 0.0172021
45 207.996 -71.5354 10.3333 -0.626395 0.0141787
46 146.357 -45.1015 6.08624 -0.335011 0.00693443
47 207.226 -71.7435 10.4652 -0.643882 0.014694
48 181.61 -66.0807 10.3196 -0.686691 0.0171513
49 200.729 -72.0482 11.0193 -0.721446 0.0177531
50 123.131 -35.4279 4.46589 -0.216276 0.00378017
51 171.515 -55.0344 7.64824 -0.442315 0.00955964
52 199.019 -68.1431 9.84453 -0.594373 0.0132372
53 108.453 -25.997 2.59493 -0.0573783 -0.00114577
54 187.927 -63.7189 8.90935 -0.505906 0.0103749
55 173.733 -58.6292 8.53286 -0.521677 0.0119808
56 144.081 -42.6687 5.55147 -0.288614 0.00554018
57 174.128 -60.4664 8.86996 -0.538619 0.0120701
58 222.419 -81.1624 12.2367 -0.779248 0.0183403
59 185.775 -62.3724 8.78148 -0.508961 0.0108209
60 137.025 -40.7009 5.18473 -0.250352 0.00407474
61 103.475 -26.2535 2.91475 -0.0988896 0.000385041
62 157.213 -48.7986 6.5028 -0.35371 0.00718602
63 182.97 -65.658 10.2732 -0.695936 0.0177428
64 76.5979 -23.9071 3.38921 -0.186577 0.00403794
65 49.3185 -20.2485 3.36855 -0.210911 0.00506281
66 104.645 -41.0522 6.61011 -0.432055 0.0105577
67 96.7602 -33.9747 5.15361 -0.313937 0.00717138
68 118.998 -42.9929 6.64987 -0.419314 0.00984671
69 26.5939 -0.671272 -0.653967 0.110139 -0.00379922
70 99.7587 -38.2016 6.2081 -0.408917 0.0100355
71 67.0427 -18.2763 2.17803 -0.0791273 0.000692934
72 68.1754 -19.3371 2.4711 -0.109543 0.00162741
73 47.5625 -8.91902 0.575477 0.036644 -0.00232904
74 50.9138 -11.3207 1.31617 -0.0445441 0.000493279
75 77.5038 -25.8422 3.7353 -0.199836 0.00379803
76 155.774 -62.3163 9.70015 -0.61885 0.0145524
77 57.2722 -14.0244 1.49289 -0.0338561 -0.000319812
78 97.411 -37.0787 5.99351 -0.397799 0.00993085
79 99.4148 -39.0926 6.53242 -0.453321 0.0118971
80 86.9365 -28.7696 4.14186 -0.232811 0.00489466
81 79.8446 -26.5994 3.97225 -0.232831 0.0052129
82 74.9338 -25.9027 4.0006 -0.246943 0.00596212
83 76.2217 -21.9636 3.09699 -0.169773 0.00361571
84 98.7973 -34.3042 5.01897 -0.286937 0.00603173
85 98.3639 -35.324 5.50965 -0.345584 0.00806113
86 97.4172 -36.5224 5.90892 -0.390058 0.00965488
87 126.032 -48.9149 8.04897 -0.547565 0.0138281
88 74.7778 -26.3781 4.12115 -0.254651 0.00603813
89 76.6611 -23.628 3.1903 -0.155905 0.00269969
90 105.274 -37.0621 5.64993 -0.350587 0.00821768
91 112.759 -39.5046 6.0052 -0.368537 0.00839714
92 65.0401 -23.6238 3.6759 -0.217863 0.00486233
93 120.348 -44.4839 6.9885 -0.44896 0.0106848
94 84.7556 -20.5609 2.14735 -0.056419 -0.00038707
95 110.515 -42.9286 6.9544 -0.459636 0.0112382
