0 110.057 -32.8521 4.70095 -0.271786 0.00645045
1 -4.15385 27.0643 -6.33378 0.575201 -0.0164413
2 108.617 -30.512 3.93167 -0.186276 0.00339341
3 89.174 -22.0936 2.52219 -0.0849745 0.000886235
4 123.695 -39.0867 5.55736 -0.316618 0.00718269
5 103.578 -26.8661 3.20878 -0.127858 0.00177467
6 64.0507 -4.9687 -0.675373 0.150716 -0.00523784
7 103.83 -26.7532 2.85906 -0.0735717 -0.000366268
8 181.543 -66.5516 10.6091 -0.712441 0.0180427
9 123.636 -35.863 4.71542 -0.235506 0.00449464
10 106.105 -29.1551 3.74094 -0.182127 0.00359313
11 145.403 -43.352 6.0337 -0.352464 0.00823642
12 90.63 -26.1133 3.42401 -0.165612 0.00322493
13 142.862 -45.0429 6.26298 -0.349884 0.00755744
14 115.453 -34.6711 4.78744 -0.261697 0.00567544
15 115.236 -30.4352 3.7245 -0.164101 0.002701
16 53.6992 1.96082 -1.91764 0.242766 -0.00765116
17 90.642 -16.9228 1.54067 -0.0267521 -0.000182903
18 99.1693 -22.6395 2.32299 -0.0611307 3.68076e-05
19 125.079 -37.6896 5.03832 -0.259712 0.00516495
20 136.86 -42.6047 5.82009 -0.310924 0.00634197
21 115.659 -28.8641 3.31844 -0.129339 0.00176674
22 131.816 -44.2167 6.78055 -0.434035 0.0108853
23 78.8195 -19.5998 2.3062 -0.0794204 0.000855121
24 90.3885 -20.254 2.18144 -0.0713717 0.000897893
25 142.216 -42.2549 5.85024 -0.334984 0.00763835
26 161.136 -51.2802 7.16531 -0.402591 0.00853423
27 95.2188 -22.373 2.45032 -0.079707 0.000751228
28 -48.4838 50.0561 -10.1697 0.834749 -0.0226189
29 113.108 -26.6082 2.96587 -0.105773 0.00121672
30 65.8755 -8.19936 0.25104 0.0611544 -0.00238645
31 -100.434 72.2399 -13.7638 1.09082 -0.0292231
32 141.762 -52.9682 8.43017 -0.54128 0.0130067
33 -72.7979 58.6557 -11.7743 0.974181 -0.0269022
34 136.543 -49.6331 7.7515 -0.488893 0.0116188
35 131.293 -45.1965 6.63405 -0.376487 0.00787778
36 -73.3016 65.8517 -14.19 1.23881 -0.0360677
37 146.942 -53.2813 8.29893 -0.525732 0.0126108
38 150.734 -51.2316 7.50592 -0.441105 0.00981404
39 156.816 -61.0231 9.98735 -0.664511 0.0163543
40 130.546 -46.018 7.05452 -0.432132 0.0100897
41 107.496 -33.5307 4.61199 -0.236356 0.0046156
42 153.267 -51.0177 7.39152 -0.427807 0.00926188
43 94.4664 -24.8821 2.98842 -0.115761 0.0015468
44 106.9 -37.2618 5.54061 -0.316647 0.0068647
45 157.615 -60.2538 9.89989 -0.673571 0.0172122
46 132.993 -45.168 6.77313 -0.406461 0.00930329
47 136.321 -49.3022 7.51813 -0.458852 0.0105601
48 120.081 -41.1684 6.37411 -0.394182 0.00937841
49 135.019 -44.2135 6.46712 -0.378397 0.00848985
50 148.599 -54.2677 8.50696 -0.544704 0.0131196
51 103.602 -31.9355 4.52175 -0.252125 0.00568056
52 115.705 -41.1749 6.18632 -0.362479 0.00801605
53 111.734 -32.884 4.36461 -0.210365 0.00375524
54 113.545 -38.7609 5.80939 -0.339353 0.00756286
55 120.973 -40.2589 5.76594 -0.316327 0.00649617
56 122.025 -43.2604 6.7332 -0.423267 0.010208
57 129.188 -47.3412 7.49015 -0.480992 0.0117852
58 140.491 -49.0959 7.76139 -0.50993 0.0129456
59 140.864 -48.2832 7.2426 -0.436889 0.00998636
60 128.637 -46.0396 7.15746 -0.445003 0.0105238
61 118.476 -43.3957 7.04485 -0.45534 0.0111831
62 125.799 -43.5589 6.72188 -0.415533 0.00987072
63 159.728 -57.7428 8.85372 -0.551009 0.0129458
64 123.473 -33.0838 4.11935 -0.196736 0.00369193
65 93.1462 -17.4838 1.51492 -0.0278383 1.4212e-05
66 123.622 -33.8482 4.32536 -0.213287 0.00421065
67 136.135 -37.6033 4.59528 -0.211184 0.00368379
68 64.9873 -0.026861 -2.10817 0.282326 -0.00904587
69 132.875 -38.3845 5.09185 -0.274818 0.00592026
70 157.803 -49.3454 6.75988 -0.374104 0.00789811
71 127.854 -35.8364 4.58235 -0.221682 0.00402997
72 43.8288 7.27559 -3.06759 0.336094 -0.0101673
73 168.25 -54.8145 7.97272 -0.483995 0.0112303
74 156.494 -47.8151 6.44502 -0.350914 0.00733208
75 189.595 -65.945 9.89109 -0.61044 0.0139704
76 170.556 -54.444 7.62283 -0.429603 0.00893868
77 138.668 -40.7063 5.40617 -0.282831 0.00569819
78 157.008 -47.1393 6.42974 -0.358412 0.00766057
79 94.956 -25.5979 3.2341 -0.151181 0.00281295
80 155.121 -48.957 6.809 -0.381898 0.00815469
81 122.587 -34.132 4.41149 -0.228498 0.0047918
82 157.736 -48.4079 6.81474 -0.401046 0.00921014
83 181.599 -61.4497 9.15077 -0.570512 0.013522
84 135.91 -41.0302 5.64709 -0.314724 0.00692848
85 121.46 -34.6976 4.58841 -0.236965 0.00479637
86 156.43 -48.2943 6.93001 -0.414016 0.00953267
87 140.954 -45.9314 6.83799 -0.423254 0.0101835
88 139.289 -43.4105 6.17876 -0.360348 0.00819976
89 172.909 -57.1778 8.36137 -0.504211 0.0115035
90 152.434 -47.2808 6.80585 -0.406446 0.00937118
91 173.641 -55.4627 7.88231 -0.461884 0.0103027
92 160.472 -48.7595 6.88629 -0.407969 0.00943089
93 130.524 -30.1559 2.81325 -0.0533197 -0.00108759
94 178.578 -61.6865 9.40109 -0.599271 0.0143559
