0 137.179 -54.4941 8.89473 -0.586576 0.014451
1 130.71 -50.4908 8.01181 -0.505355 0.0119681
2 69.0729 -19.1998 2.33104 -0.0829022 0.000990021
3 127.302 -49.0324 7.93827 -0.520711 0.0128526
4 110.577 -40.515 6.25473 -0.384067 0.00903769
5 121.713 -44.5577 6.72626 -0.39797 0.00880976
6 110.83 -39.9103 6.33161 -0.405076 0.00995114
7 124.939 -44.12 6.60399 -0.390314 0.0086911
8 111.705 -39.2959 6.03355 -0.371183 0.00883376
9 151.116 -59.3787 9.64163 -0.64291 0.0161366
10 125.153 -47.7085 7.77237 -0.522323 0.0133274
11 86.034 -29.3597 4.20265 -0.221769 0.00454645
12 133.516 -49.4215 7.60778 -0.473038 0.011122
13 150.122 -56.9728 9.04109 -0.582491 0.0138701
14 106.753 -37.7645 5.72902 -0.341685 0.00789824
15 146.794 -53.7133 8.37305 -0.533172 0.0127903
16 121.903 -46.5851 7.47813 -0.483842 0.0117635
17 150.525 -59.7762 10.1417 -0.722058 0.0193375
18 140.883 -52.007 8.23802 -0.539294 0.0133606
19 119.883 -44.8586 7.04506 -0.445583 0.0107625
20 101.837 -34.7104 5.09841 -0.288878 0.00620419
21 132.299 -52.5293 8.64217 -0.575811 0.0143083
22 105.225 -39.4389 6.16387 -0.37421 0.0085861
23 112.154 -40.8318 6.25302 -0.375491 0.0085988
24 92.3297 -30.959 4.56359 -0.256263 0.0056293
25 93.2343 -28.6345 4.0521 -0.219199 0.00466749
26 99.1074 -33.544 4.9153 -0.276863 0.00604444
27 109.583 -37.0341 5.4453 -0.312875 0.00690993
28 94.0542 -29.2367 3.93975 -0.192395 0.00358888
29 130.014 -51.4975 8.43989 -0.563394 0.014074
30 97.586 -32.0165 4.5101 -0.235975 0.00470826
31 104.972 -35.5751 5.23668 -0.294435 0.0062554
32 85.7022 -21.9463 2.70302 -0.111109 0.00182992
33 125.447 -44.628 6.68788 -0.395981 0.00901036
34 150.536 -53.4905 8.03577 -0.483401 0.0109546
35 157.903 -57.5519 8.81537 -0.548695 0.0128798
36 134.227 -47.3989 7.07741 -0.420634 0.00960083
37 142.034 -50.2065 7.56562 -0.457812 0.0105656
38 -86.801 72.8796 -15.492 1.3306 -0.0381211
39 178.155 -67.9033 10.9239 -0.727803 0.018059
40 145.711 -56.591 9.05532 -0.591196 0.0145305
41 134.625 -48.2961 7.41206 -0.457643 0.0107333
42 167.897 -64.6141 10.6156 -0.729214 0.0186633
43 -245.236 140.049 -25.3036 1.90258 -0.0492242
44 131.802 -44.9665 6.53679 -0.3778 0.00828103
45 154.455 -56.6003 8.85171 -0.569137 0.0138122
46 156.476 -57.231 9.00077 -0.589539 0.014648
47 153.251 -55.118 8.53093 -0.542921 0.0130579
48 102.011 -31.5365 4.46281 -0.245875 0.00539635
49 135.647 -49.2692 7.80213 -0.50585 0.0124649
50 138.496 -47.8238 7.15909 -0.428713 0.00971373
51 135.157 -47.9698 7.47835 -0.488087 0.0122838
52 108.494 -35.891 5.16557 -0.284864 0.00599072
53 81.774 -21.2489 2.64381 -0.110529 0.00181331
54 114.217 -36.3884 5.22288 -0.292557 0.00635442
55 139.501 -47.3871 7.13269 -0.440433 0.0105393
56 104.765 -29.7203 3.9885 -0.207256 0.00441684
57 74.3118 -14.5418 1.07503 0.0291023 -0.00230203
58 103.771 -27.1896 3.0186 -0.0970015 0.000603242
59 138.554 -46.006 6.76407 -0.409124 0.00959306
60 83.1668 -19.9654 2.21755 -0.0689739 0.000512357
61 109.432 -27.9244 3.27315 -0.127489 0.00164122
62 99.1788 -28.794 3.79225 -0.182133 0.00343315
63 84.2339 -19.5613 2.13277 -0.0624023 0.00030117
64 163.724 -61.1381 9.61205 -0.62145 0.0150294
65 133.232 -40.5307 5.44787 -0.289187 0.00608316
66 190.906 -69.0262 10.58 -0.667558 0.0157187
67 114.194 -33.8106 4.43485 -0.212276 0.00376569
68 146.834 -49.4656 7.30758 -0.438405 0.0101268
69 123.53 -38.5308 5.42601 -0.308465 0.00691189
70 133.422 -43.4468 6.18196 -0.352444 0.0077862
71 137.037 -50.7592 7.81116 -0.477343 0.0109555
72 169.608 -58.6909 8.69277 -0.523595 0.0118277
73 94.4391 -24.1702 2.5938 -0.0638205 -0.000529016
74 127.591 -34.7662 4.27434 -0.201273 0.00375755
75 99.2818 -22.0964 2.38828 -0.0788451 0.000837619
76 90.1024 -22.2278 2.44323 -0.0765735 0.000543381
77 116.391 -36.0456 5.14963 -0.300976 0.00710715
78 104.266 -22.8727 2.286 -0.0615151 0.000213388
79 123.88 -35.8797 4.75967 -0.247885 0.00509682
80 202.945 -72.6084 10.7448 -0.659219 0.0151216
81 151.384 -52.07 7.75958 -0.474396 0.0110559
82 112.753 -33.5653 4.51821 -0.232917 0.00461163
83 80.3329 -19.5363 2.25235 -0.078211 0.000971603
84 128.865 -40.4598 5.90545 -0.35468 0.00844848
85 99.585 -25.9044 3.21901 -0.147689 0.00278612
86 169.595 -58.3637 8.57851 -0.519388 0.0119599
87 74.9122 -13.7669 1.00736 0.0200239 -0.00164797
88 151.57 -44.1867 5.75165 -0.29901 0.00606956
89 98.8066 -26.9186 3.24718 -0.133146 0.00196974
90 140.692 -43.8993 5.95605 -0.317845 0.00649581
91 105.666 -26.3632 2.76551 -0.0677532 -0.00053186
92 128.492 -44.1168 6.60835 -0.399373 0.00932919
93 90.0509 -19.6474 1.84471 -0.0246518 -0.000984817
94 90.8903 -22.356 2.70466 -0.117646 0.00224083
95 90.8903 -22.356 2.70466 -0.117646 0.00224083
