0 123.259 -35.4712 4.8563 -0.275984 0.00643111
1 168.156 -60.1469 10.0018 -0.724596 0.0197848
2 129.81 -43.4008 6.81001 -0.456963 0.0120418
3 133.367 -43.3845 6.71146 -0.444349 0.0114905
4 148.238 -47.6415 7.35677 -0.491812 0.01276
5 158.958 -53.8656 8.49981 -0.580542 0.01514
6 150.157 -51.743 8.24164 -0.564783 0.0148153
7 147.646 -50.3377 8.13053 -0.570133 0.015354
8 101.986 -26.9666 3.5021 -0.180456 0.00393043
9 129.827 -39.753 5.86474 -0.366175 0.00905881
10 144.871 -44.6744 6.69359 -0.437142 0.0113502
11 121.385 -38.3826 5.88168 -0.384523 0.00993486
12 114.792 -33.0476 4.72841 -0.288118 0.00715193
13 178.073 -60.759 9.65116 -0.668115 0.017713
14 155.079 -51.8242 8.09617 -0.540179 0.0137892
15 164.241 -56.796 9.20779 -0.646989 0.0172735
16 123.995 -39.4347 6.16074 -0.418617 0.0112661
17 122.926 -33.2143 4.47734 -0.255335 0.00613103
18 155.037 -50.3064 7.66378 -0.501527 0.0127186
19 158.357 -52.9079 8.31916 -0.564393 0.0147381
20 125.079 -37.5586 5.44516 -0.334768 0.00827567
21 143.066 -43.2648 6.21806 -0.377232 0.00905626
22 140.333 -38.0546 4.99131 -0.270567 0.00599436
23 156.238 -50.5303 7.67488 -0.489916 0.0119655
24 145.228 -46.7156 7.179 -0.472876 0.0120981
25 142.444 -41.6091 5.94296 -0.364172 0.0089469
26 136.494 -43.1592 6.57115 -0.427957 0.0109616
27 130.965 -41.3069 6.24189 -0.402476 0.0102876
28 145.155 -48.0012 7.3511 -0.473652 0.0117508
29 160.601 -53.2198 8.32703 -0.561917 0.0146102
30 150.899 -47.1831 6.98282 -0.437571 0.0106817
31 150.126 -54.5706 9.05679 -0.635486 0.0167521
32 63.0843 -16.9459 2.38863 -0.128465 0.00322728
33 51.8806 -10.8653 1.17882 -0.0233806 7.8875e-05
34 66.2329 -17.5076 2.4636 -0.132579 0.00324374
35 70.5509 -18.7536 2.29137 -0.0817324 0.000880794
36 65.6122 -15.3043 1.60761 -0.0329172 -0.000184001
37 64.3689 -14.5849 1.79884 -0.0706624 0.00126502
38 44.0101 -1.24229 -1.11329 0.181101 -0.00608
39 65.1889 -13.5161 1.34179 -0.0197904 -0.000343116
40 59.8396 -10.9201 0.618657 0.0572387 -0.00300099
41 61.9935 -8.0962 0.085446 0.0839315 -0.00313376
42 72.7486 -17.6445 2.4103 -0.13315 0.00351098
43 114.962 -46.0382 8.04334 -0.561603 0.0139578
44 82.1168 -22.1014 2.88045 -0.142692 0.00307896
45 55.082 -11.2966 1.2588 -0.0342875 0.000434257
46 63.7316 -13.6743 1.48066 -0.0431559 0.000644064
47 83.501 -23.8863 3.47951 -0.205534 0.00517845
48 50.7742 -7.90325 0.492659 0.0289816 -0.00124631
49 88.4943 -26.2593 3.75872 -0.200903 0.00377339
50 49.7868 -6.44255 0.0687795 0.0809247 -0.00323455
51 62.8041 -13.5117 1.42071 -0.0311088 -0.000120678
52 39.4197 -6.41816 0.459645 0.0245776 -0.00107923
53 67.016 -15.7825 1.72496 -0.0411381 3.28261e-05
54 50.2762 -12.6957 1.69191 -0.072218 0.00149861
55 54.8464 -10.4911 0.875645 0.0130443 -0.00127089
56 52.347 -11.4607 1.31165 -0.0392898 0.000516054
57 52.8931 -11.7302 1.3246 -0.0317664 0.000137218
58 43.1106 -6.52689 0.657587 -0.0102108 0.000449001
59 63.6084 -16.0049 2.09904 -0.0973273 0.00205044
60 66.7753 -17.4613 2.44484 -0.129936 0.00316883
61 84.5852 -25.0223 3.43838 -0.170809 0.00333746
62 78.1553 -23.2282 3.48588 -0.21013 0.00533205
63 113.173 -38.3064 6.19927 -0.424176 0.0113619
64 135.129 -43.2679 6.32653 -0.383954 0.00912155
65 153.225 -45.5291 6.1124 -0.338715 0.00747863
66 101.463 -27.9379 3.77726 -0.200753 0.00453723
67 57.9751 -5.39702 -0.33489 0.109118 -0.00369514
68 -193.036 118.23 -22.1119 1.72997 -0.046601
69 155.466 -47.8625 6.60854 -0.37734 0.00855744
70 127.08 -38.0419 5.16402 -0.280956 0.00614751
71 123.319 -35.7814 4.87901 -0.267712 0.00584287
72 152.244 -47.1574 6.65802 -0.394146 0.00931917
73 -5.85214 29.9324 -6.83659 0.603368 -0.0169097
74 125.569 -37.3049 5.01516 -0.263902 0.0053936
75 156.075 -52.086 7.96428 -0.510253 0.012586
76 -141.41 94.2538 -18.0453 1.44285 -0.0395659
77 94.6569 -21.6446 2.14537 -0.0388889 -0.000898129
78 97.3 -24.9271 3.06123 -0.134736 0.00230991
79 125.276 -40.0173 5.71742 -0.33023 0.00758985
80 167.061 -53.2914 7.71104 -0.473173 0.0113016
81 90.3161 -20.2976 2.24611 -0.0793137 0.00111565
82 125.172 -34.3073 4.45886 -0.228266 0.00466942
83 133.547 -35.39 4.38552 -0.210897 0.00403315
84 98.2734 -26.0207 3.33053 -0.157776 0.00309014
85 103.174 -25.7675 3.05761 -0.125963 0.00198758
86 76.1619 -16.6915 1.70388 -0.0349736 -0.000256072
87 73.5209 -12.949 1.18822 -0.0156866 -0.000181908
88 89.8954 -13.2307 0.374762 0.0981685 -0.00449325
89 159.8 -52.1571 7.59632 -0.453402 0.0103093
90 127.291 -38.223 5.49325 -0.32421 0.00761937
91 105.132 -29.6873 4.18682 -0.241701 0.0057673
92 102.964 -24.4538 2.71134 -0.0960368 0.00118475
93 114.767 -29.992 3.75303 -0.176559 0.00338267
94 56.1731 -3.94095 -0.749181 0.154552 -0.00528025
