0 104.346 -22.3551 1.82088 0.0113293 -0.0026815
1 161.995 -52.5711 7.37153 -0.405196 0.00815055
2 151.26 -55.5783 8.85601 -0.584835 0.0146632
3 -17.5229 30.3044 -5.88106 0.459548 -0.0113731
4 160.726 -54.6192 8.19111 -0.512653 0.0123074
5 172.545 -60.4647 9.20153 -0.578117 0.0137558
6 172.609 -59.8459 9.21179 -0.591892 0.0144217
7 93.3131 -23.0829 2.80372 -0.116441 0.00189696
8 73.6062 -13.5625 1.18216 -0.000731499 -0.00108234
9 192.557 -68.6757 10.5856 -0.67858 0.0163229
10 -147.987 96.0425 -17.9051 1.38707 -0.0367951
11 94.0639 -22.8903 2.83971 -0.132266 0.00271003
12 100.165 -23.9912 2.78996 -0.111421 0.0017612
13 196.161 -68.6139 10.3462 -0.653562 0.0155114
14 -31.5678 44.456 -9.83686 0.856666 -0.0243065
15 145.014 -47.2044 6.76993 -0.390913 0.00863084
16 145.681 -48.49 7.03966 -0.412645 0.00923245
17 129.748 -38.8679 5.15258 -0.260286 0.00498068
18 -27.7467 45.008 -9.99186 0.875605 -0.0251486
19 170.557 -58.4684 8.80234 -0.548603 0.0129395
20 99.3432 -24.729 2.95958 -0.119601 0.00165797
21 162.809 -52.523 7.53295 -0.445034 0.0100896
22 159.085 -51.7302 7.54433 -0.458451 0.0107148
23 136.623 -38.4951 5.06872 -0.265381 0.00537728
24 154.814 -49.4635 6.80997 -0.38054 0.00826572
25 151.324 -50.9998 7.53961 -0.451051 0.0101823
26 97.0703 -23.8052 2.58643 -0.0767627 0.000284169
27 141.214 -46.7426 6.77831 -0.393286 0.00865196
28 112.543 -28.0207 3.16712 -0.116028 0.00125929
29 171.806 -59.9044 9.03912 -0.559751 0.0130572
30 127.804 -42.0292 6.18785 -0.369191 0.00854167
31 132.629 -39.7947 5.4113 -0.291502 0.00610528
32 160.007 -56.415 8.56962 -0.52525 0.0120437
33 195.889 -64.9127 9.64458 -0.60303 0.0144029
34 174.476 -65.226 10.4244 -0.687824 0.0169833
35 176.917 -60.7041 9.09279 -0.555075 0.0127056
36 183.184 -66.5649 10.3894 -0.665219 0.0158637
37 174.584 -61.5501 9.4681 -0.598428 0.0142447
38 170.95 -59.8063 9.01465 -0.553153 0.0127118
39 173.76 -56.9112 8.23633 -0.480049 0.0104978
40 164.554 -55.1452 8.08999 -0.482147 0.0109107
41 179.584 -60.2072 8.89125 -0.538442 0.0123647
42 -15.8486 36.8406 -8.24325 0.710356 -0.0196086
43 190.382 -65.2632 9.70109 -0.592199 0.0135479
44 166.141 -53.6627 7.67242 -0.448396 0.00995504
45 179.747 -62.2618 9.5161 -0.608125 0.0147101
46 187.214 -66.1279 10.4002 -0.688788 0.0171304
47 195.938 -70.9777 11.024 -0.714418 0.0173895
48 122.699 -34.5718 4.65274 -0.244657 0.00503049
49 134.68 -41.1367 5.96465 -0.353935 0.00822127
50 164.853 -55.2589 8.22874 -0.505278 0.0117781
51 130.256 -39.1027 5.15491 -0.254281 0.00460817
52 160.109 -51.5285 7.54593 -0.456812 0.0106335
53 155.261 -48.5621 6.88997 -0.398426 0.00888505
54 191.733 -68.9932 10.9059 -0.721679 0.0178141
55 169.074 -60.0984 9.48159 -0.623264 0.015458
56 175.807 -61.3459 9.41515 -0.601186 0.0145412
57 135.068 -41.8339 6.04455 -0.358791 0.00832712
58 177.971 -59.5167 8.92959 -0.555803 0.0131582
59 177.976 -61.6144 9.31647 -0.584591 0.0138577
60 158.764 -55.7165 8.4873 -0.525486 0.0122273
61 142.524 -42.1836 5.77752 -0.314876 0.00666507
62 104.568 -23.294 2.47118 -0.0789565 0.000766835
63 187.642 -68.0882 10.6745 -0.693932 0.0169346
64 184.239 -67.9381 10.5649 -0.677912 0.016293
65 144.473 -48.4089 7.04421 -0.414165 0.00927258
66 163.521 -59.6899 9.41032 -0.609204 0.0148171
67 125.517 -41.4227 6.08169 -0.357085 0.00811095
68 97.0572 -25.9546 3.25052 -0.141821 0.00232902
69 159.157 -50.8676 7.02995 -0.388998 0.00806581
70 156.394 -57.2262 8.86034 -0.558764 0.0132052
71 140.628 -48.3528 7.37459 -0.462529 0.0111065
72 157.583 -57.3056 8.91424 -0.572495 0.0138952
73 171.371 -59.9633 9.00348 -0.550932 0.0125697
74 159.146 -57.8042 8.93598 -0.567022 0.0135337
75 176.488 -65.6297 10.2374 -0.652535 0.0154127
76 165.716 -56.8634 8.52444 -0.523676 0.0121061
77 143.407 -47.1147 7.00649 -0.425894 0.00987336
78 154.641 -53.3983 7.92162 -0.476793 0.0108638
79 157.554 -56.4946 8.71979 -0.550088 0.0129381
80 130.586 -47.6569 7.5505 -0.490824 0.0120772
81 -104.529 69.0841 -12.6971 0.985218 -0.0261626
82 120.243 -40.1492 5.94798 -0.349308 0.00791273
83 148.872 -51.0177 7.66575 -0.473081 0.0111204
84 154.825 -50.6434 7.35862 -0.432281 0.00965095
85 127.433 -41.1903 6.18782 -0.377696 0.00893903
86 126.857 -37.6793 5.11059 -0.267183 0.00528483
87 137.995 -42.4374 6.01344 -0.341206 0.00739414
88 154.458 -52.5489 7.79313 -0.466759 0.0105258
89 129.474 -43.7663 6.76303 -0.427381 0.0104203
90 145.023 -51.6147 7.90752 -0.487574 0.0113519
91 111.199 -36.6213 5.48034 -0.323048 0.0073565
92 107.121 -28.7128 3.54443 -0.14765 0.00193444
93 97.0193 -24.8161 2.84604 -0.0950372 0.000630899
94 136.371 -48.8244 7.57982 -0.472344 0.0110324
