0 91.6841 -30.3072 4.4403 -0.24679 0.00540848
1 130.432 -49.9154 7.87552 -0.494279 0.0117065
2 125.166 -45.3816 7.03839 -0.43967 0.0105235
3 107.589 -32.8131 4.61031 -0.252009 0.0054364
4 124.64 -39.6843 5.42559 -0.285938 0.00573534
5 148.484 -50.7746 7.49303 -0.453399 0.0105692
6 92.4456 -29.1016 4.01582 -0.203025 0.00399032
7 97.7223 -32.4777 4.89099 -0.288425 0.00665078
8 125.286 -37.969 5.25182 -0.289345 0.00622678
9 108.983 -30.7313 3.82835 -0.165601 0.00255203
10 139.097 -44.539 6.0759 -0.328319 0.00671915
11 74.9714 -18.3691 2.09686 -0.0707601 0.00083683
12 133.933 -41.8315 5.38747 -0.261848 0.00470369
13 121.576 -39.6932 5.4703 -0.285661 0.00553245
14 101.616 -29.3841 3.71363 -0.160821 0.00239467
15 96.8735 -26.137 3.12485 -0.127085 0.00185666
16 92.1097 -23.7073 2.82723 -0.116913 0.00200145
17 78.7127 -22.0359 2.72469 -0.104421 0.00124743
18 163.705 -56.7388 8.12324 -0.469065 0.0102634
19 110.399 -37.7438 5.62019 -0.335912 0.00791742
20 158.706 -56.0876 8.20239 -0.483505 0.0107641
21 149.596 -51.3713 7.48626 -0.436891 0.00963022
22 106.871 -34.9146 4.98672 -0.280822 0.00621366
23 99.5712 -30.3923 4.16499 -0.213007 0.00425292
24 64.0629 -12.8601 1.20087 -0.0113588 -0.000522367
25 105.776 -30.4023 4.03479 -0.202833 0.00403622
26 84.6491 -20.6954 2.21283 -0.053787 -0.000242038
27 126.465 -38.0835 5.04331 -0.25161 0.0046633
28 117.236 -36.3886 4.92775 -0.255891 0.00509167
29 78.0668 -21.9909 3.00329 -0.152158 0.00327246
30 130.664 -46.8722 7.11384 -0.435225 0.0101483
31 165.332 -57.1421 8.11455 -0.459973 0.00980244
32 153.689 -52.062 7.64808 -0.453148 0.0101457
33 117.517 -29.2745 3.25161 -0.114084 0.00106311
34 164.501 -54.6074 7.75027 -0.435687 0.00907632
35 139.671 -40.6128 5.32679 -0.272328 0.00532316
36 149.474 -45.4465 6.24756 -0.344843 0.00730403
37 186.714 -69.9626 11.0718 -0.725045 0.0176346
38 180.292 -61.4849 9.17798 -0.570285 0.0134752
39 146.693 -42.4582 5.66562 -0.298319 0.00597683
40 164.344 -51.8876 7.36559 -0.436269 0.00996515
41 117.061 -32.3474 4.05504 -0.188354 0.00328545
42 129.797 -32.353 3.79985 -0.167577 0.00287008
43 108.187 -25.6926 2.85199 -0.10566 0.00142392
44 150.065 -46.2014 6.69382 -0.408919 0.0097557
45 171.23 -60.4229 9.13914 -0.568075 0.0132509
46 161.708 -54.5965 8.16061 -0.503589 0.0117752
47 113.53 -30.8293 3.9228 -0.1921 0.00377298
48 131.022 -38.9166 5.34725 -0.292437 0.00619571
49 166.163 -51.8238 7.23374 -0.410293 0.00885514
50 158.793 -50.4926 7.22703 -0.426005 0.00963767
51 147.826 -51.1875 7.71954 -0.478109 0.0113254
52 126.327 -32.0836 3.63141 -0.138085 0.00164087
53 133.076 -40.5852 5.5453 -0.294001 0.0058538
54 141.173 -37.5429 4.59027 -0.218378 0.00400444
55 167.742 -46.7914 5.98197 -0.313142 0.00643435
56 129.564 -36.7889 4.81371 -0.250273 0.00512022
57 142.558 -39.5494 5.2009 -0.278466 0.00598218
58 128.872 -33.6519 3.98292 -0.169858 0.00261653
59 108.25 -24.3105 2.41883 -0.0593207 -0.000238801
60 138.174 -39.6852 5.2266 -0.270111 0.00540041
61 113.605 -23.7861 2.21291 -0.044914 -0.000530521
62 111.819 -28.1614 3.08658 -0.095808 0.000270914
63 108.435 -26.9639 3.02602 -0.11296 0.00156097
64 142.803 -40.9282 5.27259 -0.26493 0.00510105
65 141.811 -39.585 5.0549 -0.25315 0.00495345
66 121.463 -32.2172 4.27073 -0.229587 0.00517003
67 126.831 -33.6703 4.026 -0.169446 0.00242927
68 113.995 -29.5935 3.7356 -0.183284 0.00371614
69 9.72818 25.307 -6.23134 0.55681 -0.0154521
70 135.248 -39.8701 5.36336 -0.288725 0.0061245
71 124.468 -30.2365 3.36903 -0.130626 0.00175858
72 125.955 -30.6182 3.36584 -0.124022 0.00148772
73 146.905 -39.6702 4.81496 -0.222843 0.00384669
74 83.7559 -13.6259 0.510575 0.0851924 -0.00407843
75 162.487 -51.8963 7.72021 -0.484319 0.0116659
76 162.776 -48.5072 6.66317 -0.377442 0.00819478
77 150.89 -42.9634 5.34918 -0.254731 0.00448735
78 154.397 -46.2268 6.35674 -0.36452 0.00819889
79 125.82 -32.6232 4.00506 -0.184183 0.00315855
80 155.111 -49.663 7.23216 -0.435845 0.0100651
81 129.282 -37.8167 4.86859 -0.234097 0.00407429
82 133.822 -36.8003 4.77138 -0.24841 0.00519145
83 174.794 -52.1138 7.01863 -0.388273 0.0082235
84 146.169 -39.0701 4.90842 -0.243555 0.0046339
85 181.333 -59.1515 8.49889 -0.501104 0.0111311
86 94.5751 -18.9851 1.67342 -0.0142676 -0.00119772
87 144.101 -41.0543 5.42287 -0.280036 0.00543977
88 206.035 -68.3415 9.93788 -0.604274 0.0138839
89 131.683 -35.6495 4.431 -0.213324 0.00405802
90 167.856 -54.1915 7.85901 -0.474499 0.0110187
91 137.39 -35.8987 4.36902 -0.200872 0.00348741
92 164.824 -49.1563 6.66071 -0.368055 0.00768801
93 168.584 -55.2879 8.31176 -0.526124 0.0127338
94 75.9484 -10.5646 0.326615 0.0763959 -0.00333372
