0 100.844 -29.6823 3.94434 -0.191776 0.00362516
1 -15.6417 29.2593 -6.62059 0.602577 -0.0176055
2 120.328 -42.785 6.69975 -0.424133 0.010349
3 20.3264 8.8109 -2.89446 0.324905 -0.0102484
4 128.987 -43.6855 6.37753 -0.363814 0.00781962
5 71.7133 -21.7327 2.9415 -0.131113 0.00217048
6 116.093 -36.3084 5.04338 -0.267791 0.00542553
7 92.7125 -27.6646 3.85169 -0.202568 0.00434473
8 86.4784 -29.2454 4.36302 -0.244543 0.00521607
9 96.6069 -31.1082 4.64179 -0.271261 0.0062774
10 97.2657 -28.7685 3.72247 -0.168042 0.0027271
11 84.3932 -24.829 3.4612 -0.177409 0.00358885
12 204.207 -84.2766 14.1591 -0.994097 0.0257405
13 92.3826 -28.1998 3.93024 -0.205997 0.00429372
14 -1.7102 21.6017 -4.89705 0.436384 -0.0120207
15 74.6793 -21.159 2.85779 -0.137866 0.00274468
16 72.4382 -19.0056 2.32806 -0.0841008 0.000979924
17 99.2584 -29.8121 4.12569 -0.21501 0.00433224
18 119.938 -39.8844 6.14134 -0.387606 0.00951488
19 119.248 -41.1737 6.0383 -0.337624 0.00693553
20 129.989 -46.2712 7.30148 -0.474072 0.0117433
21 122.892 -39.5432 5.5816 -0.307209 0.00641968
22 92.1519 -27.347 3.70724 -0.18315 0.00352641
23 107.967 -40.0191 6.30715 -0.391077 0.00918772
24 112.611 -36.1643 5.16598 -0.286818 0.00608405
25 124.464 -45.4239 7.26075 -0.4698 0.0115222
26 123.941 -39.4255 5.52959 -0.301614 0.0062517
27 106.899 -34.4662 5.08005 -0.299733 0.00695794
28 114.616 -38.3733 5.71038 -0.337506 0.0077069
29 99.3907 -26.947 3.33546 -0.139653 0.00201783
30 122.849 -39.7876 5.75175 -0.331327 0.00740328
31 141.73 -46.5418 6.57627 -0.359148 0.00729324
32 154.809 -47.1217 6.46772 -0.356623 0.00748537
33 150.699 -48.2742 6.88728 -0.392281 0.00839421
34 158.503 -49.2251 6.96307 -0.399696 0.00875229
35 155.12 -52.7118 7.78857 -0.469067 0.0107443
36 73.7673 -7.80543 -0.343338 0.137668 -0.00522222
37 171.654 -61.0371 9.47305 -0.611182 0.0147779
38 144.698 -47.3153 6.95458 -0.415897 0.00944551
39 157.823 -51.7973 7.49709 -0.443103 0.00996204
40 126.927 -32.5354 3.8875 -0.172438 0.00287077
41 176.613 -55.6275 7.9998 -0.482354 0.0111886
42 147.247 -43.5738 5.81795 -0.306312 0.00610826
43 206.136 -77.4919 12.3262 -0.815575 0.0199557
44 200.038 -69.0326 10.4383 -0.664437 0.0158782
45 172.965 -57.1863 8.56776 -0.536562 0.0127623
46 174.181 -58.5105 8.7204 -0.539122 0.0125986
47 173.732 -58.8391 8.85637 -0.555469 0.0131751
48 149.5 -48.0838 7.13271 -0.438374 0.0102905
49 193.96 -63.4215 9.20426 -0.557841 0.0127205
50 135.196 -39.6585 5.19423 -0.260022 0.00486813
51 127.789 -33.6127 4.33503 -0.227461 0.00483177
52 146.931 -46.674 6.75012 -0.401138 0.00918357
53 165.568 -58.0818 8.99193 -0.575659 0.0137889
54 158.444 -52.71 7.79452 -0.473866 0.010911
55 177.603 -61.4846 9.31225 -0.583412 0.0137233
56 131.702 -39.1749 5.47854 -0.317684 0.0073633
57 147.308 -46.2992 6.71756 -0.406865 0.00953409
58 149.257 -49.9404 7.57414 -0.476433 0.0114086
59 122.511 -35.2596 4.73196 -0.25206 0.00529379
60 122.8 -30.4462 3.66062 -0.165625 0.00289598
61 118.705 -30.0441 3.81358 -0.19661 0.00431656
62 120.001 -31.6494 4.02752 -0.202271 0.00415235
63 142.21 -38.1805 4.77776 -0.239694 0.00478461
64 159.811 -56.5596 8.74904 -0.569752 0.0142008
65 136.01 -34.6375 4.04277 -0.177206 0.00302153
66 -9.43068 32.2994 -7.05467 0.599034 -0.0163749
67 200.753 -76.586 12.3158 -0.816466 0.0193288
68 145.772 -42.5275 5.54895 -0.283509 0.00534598
69 51.3162 2.91527 -2.17766 0.255583 -0.00767556
70 88.0901 -19.6723 2.14657 -0.0726306 0.000805791
71 142.019 -45.819 6.6911 -0.401339 0.00922572
72 171.322 -57.8571 8.47823 -0.509165 0.011508
73 -59.3276 55.8957 -11.5316 0.950141 -0.0258528
74 194.537 -69.6489 10.6863 -0.683131 0.0162084
75 154.596 -51.1342 7.56843 -0.4655 0.0110192
76 147.126 -43.4528 5.97077 -0.342712 0.00774678
77 121.461 -33.4486 4.30593 -0.219977 0.0044837
78 161.604 -54.7429 8.15076 -0.505919 0.0119683
79 160.743 -53.7679 8.1665 -0.529184 0.0132384
80 143.946 -50.4485 7.65896 -0.48088 0.0116063
81 211.225 -88.7836 15.5776 -1.15652 0.0313965
82 149.278 -52.1542 7.97377 -0.502483 0.0119719
83 98.37 -20.85 2.05777 -0.0566873 0.000339154
84 119.424 -30.2471 3.58264 -0.153779 0.00240725
85 143.936 -46.062 6.53585 -0.374354 0.00819889
86 -304.153 183.693 -34.7781 2.69629 -0.0719236
87 171.285 -59.6081 8.90698 -0.540396 0.0121219
88 107.682 -30.1868 4.01948 -0.211566 0.00455467
89 150.428 -49.1819 7.2896 -0.449513 0.010636
90 140.448 -44.9315 6.54544 -0.394824 0.00924401
91 164.812 -58.8941 9.19539 -0.596017 0.0144929
92 149.19 -46.4396 6.59906 -0.389513 0.00898277
93 169.046 -56.6841 8.35578 -0.51124 0.0119064
94 190.586 -68.3405 10.6727 -0.703338 0.0174058
