0 213.144 -75.0971 11.0603 -0.666691 0.0149926
1 161.377 -53.5427 7.93223 -0.482863 0.0113238
2 144.671 -47.5902 6.58161 -0.354579 0.00724774
3 68.4518 -11.5528 0.696074 0.0487745 -0.00249604
4 196.94 -63.7877 8.63491 -0.460505 0.00897127
5 91.1914 -24.0225 3.0518 -0.137216 0.0025193
6 189.963 -68.1142 10.2235 -0.63723 0.0151164
7 128.306 -31.6056 3.4088 -0.107652 0.000569599
8 151.232 -43.0635 5.64734 -0.300278 0.00643803
9 140.781 -42.2143 5.75025 -0.314676 0.00684397
10 213.02 -75.1019 10.6508 -0.609549 0.0129104
11 124.892 -30.2814 3.16512 -0.0900961 7.46424e-05
12 167.324 -53.0687 7.07891 -0.373673 0.00738803
13 151.454 -47.2344 6.66884 -0.389243 0.00901058
14 187.051 -64.7002 9.25186 -0.534648 0.0115717
15 155.204 -46.6699 6.11868 -0.31309 0.0060704
16 180.812 -54.2017 6.96341 -0.348607 0.00651131
17 167.05 -53.5696 7.66984 -0.455694 0.0104946
18 169.983 -49.9666 6.83615 -0.392838 0.00901559
19 155.084 -49.5875 7.24839 -0.438679 0.0103023
20 152.495 -47.7487 6.73524 -0.388762 0.00882486
21 187.996 -65.1483 9.52669 -0.571737 0.0130222
22 80.6376 -13.612 0.910812 0.0241756 -0.00158694
23 132.747 -35.4103 4.23081 -0.178699 0.00264954
24 135.273 -40.0557 5.38052 -0.285368 0.00590496
25 -114.834 84.9164 -16.4887 1.32225 -0.0360544
26 138.376 -40.7663 5.2608 -0.257287 0.00473206
27 162.061 -54.3284 7.85237 -0.460887 0.010327
28 167.537 -52.3261 6.9641 -0.360944 0.00695068
29 113.595 -34.4824 4.72129 -0.245815 0.00498427
30 73.9053 -10.0911 0.186325 0.100999 -0.00438213
31 136.81 -36.477 4.39385 -0.195926 0.00331443
32 118.806 -38.5295 5.58265 -0.323366 0.0073733
33 25.5136 2.21216 -1.22032 0.164764 -0.00514039
34 113.39 -39.5661 6.07291 -0.369839 0.00876163
35 54.6004 -12.8877 1.41617 -0.023888 -0.000415097
36 51.8874 -10.3858 0.811971 0.0348532 -0.00232312
37 62.526 -15.0997 1.72543 -0.0444003 -9.12466e-07
38 101.544 -32.3297 4.72674 -0.265836 0.00581351
39 85.767 -20.4537 2.2787 -0.0628476 -1.13722e-06
40 41.7911 -1.70344 -0.902891 0.163012 -0.00561928
41 82.5066 -22.7875 2.93851 -0.126895 0.00200205
42 46.6888 -6.09444 -0.0415994 0.100668 -0.00408918
43 20.0679 3.63797 -1.34329 0.163677 -0.00502613
44 100.31 -30.4036 3.9138 -0.176522 0.00283782
45 37.9013 -1.31235 -0.888455 0.159183 -0.0055152
46 82.3807 -22.6254 2.8374 -0.118535 0.00187801
47 95.1412 -24.7852 2.91384 -0.113649 0.00164251
48 97.778 -29.3817 3.98843 -0.197466 0.00372429
49 101.084 -29.8753 3.96143 -0.192256 0.00361733
50 95.7681 -29.2897 3.98966 -0.201996 0.00397304
51 77.7845 -18.2972 2.0355 -0.0617226 0.000552323
52 60.9291 -11.3249 0.785193 0.0377081 -0.00231712
53 139.465 -51.3811 8.02577 -0.502347 0.0117805
54 68.7042 -17.8505 2.19459 -0.0809932 0.00115168
55 116.569 -43.2522 6.82065 -0.427949 0.0101433
56 159.508 -61.2348 9.50349 -0.594414 0.0138967
57 81.1616 -23.183 2.86104 -0.106277 0.00112935
58 109.832 -35.0773 5.00996 -0.282584 0.00634163
59 153.033 -51.8102 7.69834 -0.469547 0.0109338
60 37.8702 -2.39785 -0.67887 0.142821 -0.0050329
61 95.8164 -31.4481 4.4241 -0.225552 0.00430369
62 160.015 -59.0969 9.11122 -0.569338 0.0132964
63 122.093 -42.4521 6.45228 -0.391333 0.00910378
64 159.199 -51.9296 7.54161 -0.449012 0.0102174
65 87.2409 -14.8191 0.933905 0.0346917 -0.00219085
66 133.375 -39.9104 5.33501 -0.274119 0.00531721
67 94.7153 -16.2665 0.879705 0.0581297 -0.00319055
68 150.051 -46.551 6.41779 -0.356116 0.00764847
69 156.276 -44.1159 5.56596 -0.277659 0.00539333
70 161.474 -49.1426 6.5592 -0.356768 0.00760325
71 146.418 -41.4211 4.96668 -0.214137 0.00318905
72 227.536 -77.4107 11.0601 -0.660773 0.0149579
73 186.611 -61.4998 8.49729 -0.473626 0.0098761
74 174.232 -57.0716 7.61099 -0.398642 0.00773112
75 116.584 -32.8679 4.1532 -0.189197 0.00311644
76 153.61 -44.8451 5.85391 -0.304136 0.00617728
77 142.516 -41.2916 5.27878 -0.261276 0.00491872
78 181.391 -56.6679 7.72456 -0.434448 0.00939827
79 197.579 -65.7313 9.44579 -0.568801 0.0130321
80 175.424 -56.0183 7.53435 -0.409355 0.00854769
81 204.442 -70.1229 10.1576 -0.614889 0.0140968
82 182.277 -55.4102 7.28308 -0.383658 0.00759142
83 154.38 -48.0575 6.55169 -0.364055 0.00791383
84 131.671 -35.3436 4.12855 -0.165118 0.00207801
85 182.987 -61.1091 8.81843 -0.525213 0.0118753
86 138.668 -42.6699 5.68448 -0.28692 0.00520164
87 137.322 -41.7506 5.69022 -0.301208 0.00598609
88 309.035 -119.983 18.7557 -1.24119 0.0304435
89 196.356 -64.3654 9.19859 -0.545672 0.0122626
90 164.353 -54.7505 7.96392 -0.478827 0.011062
91 180.754 -57.1743 7.85062 -0.43837 0.00926028
92 202.941 -67.789 9.86912 -0.603378 0.0140028
93 161.228 -49.179 6.74589 -0.376563 0.0080916
94 160.551 -51.7675 7.39762 -0.429129 0.00947756
