0 160.455 -54.8724 7.96319 -0.463172 0.0100223
1 184.962 -65.7354 10.0005 -0.630125 0.0148683
2 113.347 -38.0396 5.64034 -0.335828 0.00787235
3 166.175 -58.8206 8.89936 -0.549211 0.0127126
4 101.026 -23.5686 2.50516 -0.0765616 0.000457541
5 163.815 -56.0326 8.26179 -0.497349 0.0114089
6 174.226 -63.2158 9.91697 -0.647701 0.0158476
7 151.454 -49.2545 7.07296 -0.413272 0.00926549
8 157.472 -55.0232 8.30658 -0.515681 0.0121101
9 142.111 -48.6435 7.39644 -0.457955 0.0106197
10 179.57 -62.5324 9.57062 -0.614523 0.0147769
11 172.213 -62.4954 9.92136 -0.662207 0.0166156
12 159.869 -56.0826 8.52942 -0.536696 0.0127527
13 149.409 -50.744 7.45061 -0.442777 0.0100449
14 156.832 -52.6089 7.60479 -0.442724 0.00964053
15 148.701 -48.3662 6.91734 -0.401244 0.00887976
16 155.101 -48.1842 6.84397 -0.408264 0.00957316
17 111.403 -31.4615 4.18051 -0.219729 0.00465501
18 132.495 -39.2029 5.32251 -0.290698 0.00619769
19 134.786 -40.7195 5.71169 -0.328253 0.00748899
20 106.049 -28.285 3.52206 -0.167181 0.00330263
21 150.81 -44.6483 5.92014 -0.308709 0.0060615
22 126.871 -40.6927 5.8886 -0.346289 0.00793802
23 165.272 -53.2394 7.85636 -0.48685 0.0115799
24 141.406 -45.0152 6.2753 -0.348516 0.00738066
25 116.319 -35.0503 4.77062 -0.254406 0.00534766
26 150.371 -47.1104 6.6046 -0.375731 0.00822809
27 134.214 -37.7757 4.86343 -0.246272 0.00485963
28 113.197 -26.4739 2.67334 -0.0723272 0.000105705
29 134.229 -38.9328 5.12223 -0.263887 0.00529138
30 111.986 -28.7462 3.46022 -0.152349 0.0026503
31 131.316 -45.3999 6.98128 -0.442878 0.0109139
32 138.563 -34.8349 3.99318 -0.162948 0.00235638
33 117.607 -28.134 2.85409 -0.0620756 -0.00108075
34 134.024 -37.5564 4.86343 -0.240982 0.00450365
35 162.602 -51.15 7.40798 -0.446292 0.0102934
36 151.042 -41.5884 5.46153 -0.293936 0.00628516
37 198.695 -70.3073 10.7771 -0.690098 0.0165114
38 86.6427 -13.4292 0.603286 0.0640771 -0.00304819
39 146.439 -41.1584 5.38109 -0.279626 0.00567235
40 117.19 -28.3125 3.16053 -0.114463 0.00119609
41 164.717 -49.9783 6.97294 -0.393774 0.00843805
42 148.502 -42.3473 5.59565 -0.295999 0.00610922
43 141.485 -41.3348 5.57325 -0.298303 0.00616916
44 167.029 -47.3839 6.06274 -0.308501 0.00588232
45 151.827 -42.9404 5.77581 -0.322985 0.00713788
46 157.429 -44.2907 5.80354 -0.308987 0.00632219
47 111.701 -25.7568 2.93473 -0.122239 0.00206339
48 107.156 -20.2749 1.7348 -0.0188857 -0.000983687
49 161.611 -59.5655 10.2285 -0.758485 0.0213848
50 149.67 -41.1166 5.29855 -0.269187 0.00519646
51 159.39 -53.5376 8.70621 -0.617097 0.0168979
52 168.685 -48.8615 6.68193 -0.382873 0.00848383
53 141.57 -40.5327 5.48541 -0.296932 0.0062065
54 134.112 -34.7592 4.32818 -0.210883 0.00401804
55 177.193 -55.9473 8.07748 -0.48467 0.0110131
56 145.133 -39.7252 5.2027 -0.277612 0.0058663
57 138.839 -38.674 5.11702 -0.275251 0.00587851
58 161.227 -43.0462 5.50187 -0.288482 0.00589993
59 124.286 -26.085 2.46003 -0.0596372 -7.51386e-05
60 162.712 -49.8031 7.07422 -0.413178 0.00915373
61 150.263 -43.7533 5.88678 -0.319034 0.0066729
62 175.36 -54.5873 7.79026 -0.46727 0.0108261
63 126.166 -23.9602 2.06469 -0.0361447 -0.000549641
64 57.2032 -9.1104 0.473494 0.051164 -0.00241357
65 127.254 -39.5245 5.57873 -0.315358 0.00687383
66 69.4777 -12.7655 1.11064 -0.00291497 -0.000799205
67 75.572 -15.4834 1.39782 -0.0135102 -0.000694297
68 91.1743 -18.9231 1.74369 -0.0235857 -0.00079569
69 100.649 -23.6801 2.44896 -0.0625644 -0.000172247
70 87.8679 -18.3913 1.58739 -0.00526646 -0.00149995
71 92.0308 -21.719 2.43956 -0.0903328 0.00129999
72 173.752 -55.8679 7.85074 -0.455841 0.0101421
73 93.8646 -23.5636 2.6863 -0.0977893 0.00120135
74 107.761 -27.2959 3.12005 -0.116664 0.00137261
75 80.0166 -16.9144 1.75721 -0.0491816 0.000417512
76 104.513 -25.9845 2.85505 -0.0938155 0.000742237
77 140.552 -41.9646 5.40966 -0.265727 0.00480446
78 124.618 -37.8735 5.1445 -0.275487 0.00573503
79 108.064 -29.0448 3.85228 -0.205204 0.00452249
80 173.004 -59.3862 8.62014 -0.51458 0.0116375
81 117.315 -28.4789 3.05694 -0.0999505 0.000683616
82 147.969 -44.0626 5.88173 -0.313402 0.00641009
83 116.792 -29.4885 3.45606 -0.146435 0.00230674
84 83.623 -15.1528 1.10453 0.0306723 -0.00259716
85 78.0531 -14.7244 1.10881 0.0232608 -0.00212885
86 140.13 -49.0885 7.61032 -0.482125 0.0116351
87 125.23 -40.6282 5.98088 -0.353301 0.00802988
88 133.13 -40.2373 5.51991 -0.299015 0.00621313
89 96.8757 -26.297 3.53175 -0.181578 0.00381392
90 116.518 -35.5716 5.00768 -0.27995 0.00618036
91 176.338 -58.594 8.67414 -0.532216 0.0123735
92 135.702 -43.5725 6.18108 -0.350288 0.00761331
93 147.657 -47.0331 6.71646 -0.388664 0.00859402
94 133.9 -40.3625 5.57063 -0.30975 0.00664204
