0 130.907 -49.2696 7.50246 -0.468916 0.0108888
1 137.439 -48.8666 6.90528 -0.392965 0.00822547
2 182.198 -72.0333 10.8532 -0.674081 0.0152998
4 170.656 -64.8153 9.46061 -0.566919 0.0124988
5 174.761 -69.0831 10.3098 -0.632075 0.0142368
6 189.708 -76.3123 11.6376 -0.741444 0.0175076
7 204.233 -83.0641 12.7869 -0.820414 0.0193473
32 152.597 -60.871 9.71077 -0.632498 0.0150598
33 151.719 -60.2708 9.70743 -0.644736 0.015691
34 111.304 -44.9775 7.12423 -0.451732 0.0104985
35 121.411 -45.2675 6.84745 -0.414869 0.0092576
36 122.346 -48.7178 7.65737 -0.485459 0.0112897
37 132.693 -53.8857 8.70042 -0.570907 0.013694
38 111.661 -41.8777 6.24729 -0.366154 0.00776546
