0 121.504 -39.9624 5.863 -0.342772 0.00781041
1 108.946 -36.3815 5.55883 -0.343583 0.00834644
2 156.494 -58.5947 9.22614 -0.59017 0.0140622
3 -15.2905 36.3496 -8.62878 0.79007 -0.0231119
4 122.093 -41.065 6.10897 -0.368634 0.00867209
5 144.905 -50.5623 7.6895 -0.472193 0.0110136
6 121.174 -41.0428 6.04611 -0.348504 0.00755876
7 134.819 -46.1477 6.80701 -0.394684 0.00862405
8 140.195 -46.3492 6.75299 -0.392319 0.00872233
9 135.456 -44.0512 6.53375 -0.396258 0.00931545
10 120.143 -38.3284 5.51763 -0.316692 0.00705058
11 105.199 -29.599 3.81783 -0.179381 0.00321375
12 68.4498 -9.80165 0.237133 0.0829042 -0.00347422
13 115.928 -37.9949 5.68359 -0.341087 0.00797346
14 136.522 -46.3014 6.78677 -0.395675 0.00870511
15 136.582 -43.8578 6.29711 -0.363734 0.00810491
16 141.348 -45.7613 6.57624 -0.37956 0.00832586
17 116.324 -36.5568 5.00707 -0.254439 0.00477412
18 137.828 -44.671 6.41411 -0.366 0.00782761
19 106.732 -31.7339 4.54976 -0.262887 0.00608326
20 153.512 -52.0186 7.81346 -0.484395 0.0114138
21 118.695 -39.6744 5.92667 -0.348588 0.0077362
22 21.5925 17.6134 -4.9066 0.478125 -0.0140281
23 121.341 -37.5762 5.4194 -0.315624 0.00720473
24 119.067 -33.128 4.40317 -0.230674 0.0048719
25 116.668 -33.5068 4.57052 -0.248436 0.00544879
26 112.257 -31.3964 4.10164 -0.204714 0.00408598
27 118.505 -38.738 5.74523 -0.345564 0.00808955
28 129.409 -42.6545 6.21111 -0.363311 0.00818218
29 122.602 -38.8729 5.54589 -0.309672 0.00663044
30 148.956 -51.8137 7.78869 -0.474637 0.0109698
31 163.483 -59.5678 9.40996 -0.614454 0.0150225
32 130.677 -47.6936 7.67753 -0.505614 0.0127494
33 172.928 -68.3298 11.1316 -0.744039 0.0185192
34 120.236 -42.0706 6.32462 -0.371042 0.00817664
35 -15.7553 29.9909 -6.77842 0.608621 -0.0173257
36 103.742 -38.0966 5.97646 -0.369574 0.00874337
37 134.959 -52.4237 8.45412 -0.543261 0.0130354
38 148.98 -58.1314 9.29667 -0.596123 0.0142412
39 98.0957 -38.1554 6.4385 -0.437849 0.0114563
40 123.212 -38.3325 5.27311 -0.275079 0.0053799
41 162.066 -58.4062 9.07115 -0.580592 0.0140527
42 97.2291 -35.0043 5.39289 -0.3179 0.0071117
43 119.743 -39.3712 5.71033 -0.321433 0.00680947
44 119.942 -44.3738 7.08774 -0.457732 0.0112756
45 149.325 -53.0697 8.13714 -0.507041 0.0119696
46 143.071 -52.5043 8.02546 -0.489554 0.0112367
47 151.404 -51.1257 7.53193 -0.447325 0.0100423
48 151.446 -51.6808 7.70435 -0.464689 0.0106605
49 179.056 -68.4161 11.039 -0.73705 0.0183645
50 112.005 -38.223 5.75225 -0.339587 0.00772507
51 95.685 -32.2965 5.01385 -0.311041 0.00764326
52 125.787 -44.9239 6.96069 -0.431898 0.0101936
53 101.419 -33.4148 4.94837 -0.281081 0.00621975
54 116.678 -41.5507 6.42615 -0.393856 0.00925823
55 114.316 -36.2761 5.14314 -0.276776 0.00561518
56 126.653 -42.7473 6.30306 -0.363392 0.00796083
57 133.094 -48.5735 7.60002 -0.478273 0.011404
58 136.823 -44.6193 6.47656 -0.378773 0.00858108
59 126.857 -47.7574 7.5326 -0.472292 0.0111433
60 118.225 -38.4072 5.44786 -0.297666 0.00618251
61 133.519 -45.0122 6.59844 -0.384881 0.00854846
62 119.091 -41.5124 6.19148 -0.355394 0.00768718
63 114.932 -39.8261 5.77312 -0.310832 0.00617782
64 182.38 -66.0928 10.3821 -0.676279 0.0165413
65 107.124 -35.1051 4.94989 -0.268022 0.00558627
66 165.791 -64.4795 10.3747 -0.6758 0.0162379
67 152.607 -54.5725 8.42587 -0.533056 0.0127746
68 122.312 -43.7609 6.73423 -0.408151 0.00940436
69 168.796 -66.4325 10.7484 -0.710989 0.0174552
70 129.383 -40.7938 5.84873 -0.338244 0.00764192
71 131.436 -43.6951 6.51131 -0.395093 0.00942051
72 188.563 -70.083 11.1443 -0.74093 0.0185537
73 100.948 -29.9033 3.99264 -0.193592 0.00362436
74 132.883 -49.1909 7.698 -0.483643 0.011479
75 107.604 -31.1605 4.20867 -0.214445 0.00431473
76 115.385 -38.4358 5.79388 -0.349795 0.00829119
77 138.331 -46.5811 6.99279 -0.431678 0.0103148
78 113.55 -32.3006 4.27665 -0.21501 0.00417436
79 167.458 -57.7714 8.6493 -0.528015 0.0120919
80 124.975 -35.4355 4.52295 -0.209607 0.00342882
81 133.437 -46.8516 7.02674 -0.419343 0.00945969
82 151.543 -51.1238 7.88868 -0.507919 0.0125885
83 111.706 -28.8552 3.50223 -0.151851 0.00240282
84 123.066 -33.1059 4.33056 -0.225455 0.00483398
85 107.373 -32.8994 4.49049 -0.224807 0.00424456
86 148.757 -54.2926 8.51468 -0.541977 0.0129848
87 141.079 -49.06 7.51783 -0.468878 0.0111787
88 118.545 -35.1096 4.73201 -0.243356 0.00485278
89 110.412 -36.7977 5.43615 -0.309975 0.00680032
90 117.122 -39.5201 5.80678 -0.324149 0.0067312
91 145.869 -47.1259 6.74729 -0.387725 0.00856805
92 105.123 -29.0855 3.72785 -0.166933 0.00272145
93 111.469 -34.7436 4.98347 -0.278253 0.00611754
94 127.854 -43.5365 6.55172 -0.39127 0.00885671
