0 151.954 -48.176 6.98522 -0.425679 0.0100471
1 149.121 -48.7671 7.0137 -0.410999 0.0091836
2 87.566 -18.7369 1.9163 -0.04505 -0.000148475
3 173.345 -58.9106 8.80645 -0.553813 0.0133435
4 120.463 -35.4893 4.63482 -0.228626 0.00429021
5 -14.52 32.4928 -6.90857 0.583929 -0.0159572
6 140.838 -44.7175 6.38367 -0.371261 0.00837269
7 119.123 -32.9523 4.409 -0.232759 0.00487198
8 114.94 -25.8562 2.54297 -0.0581948 -0.000496117
9 201.041 -70.3999 10.7392 -0.68753 0.0164836
10 101.793 -25.4265 2.92331 -0.109827 0.0014106
11 100.825 -24.0424 2.65601 -0.0869394 0.000608448
12 146.085 -43.785 5.93933 -0.328046 0.00701317
13 15.6894 21.823 -5.52611 0.517688 -0.0152263
14 146.214 -42.6416 5.64323 -0.300873 0.00625979
15 123.548 -30.5146 3.46302 -0.136787 0.00193025
16 172.673 -52.7098 7.52886 -0.454694 0.0106394
17 189.694 -63.2197 9.29342 -0.570876 0.0132828
18 184.486 -63.3398 9.59821 -0.613125 0.0148072
19 -9.33736 31.8577 -7.30373 0.657824 -0.019138
20 117.688 -33.7695 4.50425 -0.239701 0.00512799
21 139.476 -44.1764 6.34987 -0.371821 0.00836832
22 -26.7408 40.8579 -8.57451 0.719499 -0.0197771
23 163.358 -52.2568 7.43402 -0.432995 0.00960854
24 167.091 -52.7325 7.71419 -0.471873 0.0110043
25 -65.969 58.6272 -11.9069 0.987587 -0.0273284
26 182.897 -60.5421 8.9729 -0.559245 0.0132702
27 98.7941 -25.126 2.83237 -0.0963336 0.000846448
28 163.265 -54.7734 8.3123 -0.536334 0.0133473
29 159.773 -54.9516 8.25691 -0.508681 0.0118409
30 164.25 -52.5862 7.56292 -0.447105 0.0100625
31 170.816 -53.3524 7.50104 -0.43583 0.0096965
32 124.007 -36.2981 4.66095 -0.222811 0.00400902
33 162.091 -54.9405 7.99613 -0.473336 0.0105476
34 137.269 -43.7111 6.02597 -0.321895 0.00635508
35 180.317 -68.554 10.9629 -0.724846 0.0178643
36 131.621 -42.2043 5.97249 -0.333683 0.00707265
37 153.748 -55.9872 8.73097 -0.559485 0.0135121
38 99.7378 -26.3156 3.15634 -0.136992 0.00244799
39 169.287 -60.2806 9.27994 -0.590457 0.0141275
40 153.526 -52.5833 7.80335 -0.475527 0.0110416
41 146.448 -52.1503 8.02888 -0.510028 0.012317
42 69.4519 -14.131 1.48145 -0.0411972 0.000466678
43 151.359 -55.8843 8.65271 -0.54619 0.0129174
44 176.461 -62.3736 9.44856 -0.601715 0.0145596
45 -53.8137 47.7583 -9.38549 0.761019 -0.0204824
46 145.554 -50.5426 7.64918 -0.475469 0.0112376
47 123.593 -36.0877 4.69213 -0.231941 0.00433532
48 95.6642 -28.4686 3.92339 -0.206029 0.00429416
49 131.878 -41.9615 5.95395 -0.33776 0.00737121
50 161.052 -55.147 8.2892 -0.516311 0.0122166
51 46.1093 -5.99577 0.261105 0.0418705 -0.00160718
52 197.387 -71.9966 11.3989 -0.770641 0.0196036
53 139.101 -48.212 7.48443 -0.48013 0.0117498
54 107.321 -33.5004 5.00148 -0.306522 0.00743889
55 98.9832 -27.556 3.66463 -0.190441 0.00402053
56 121.071 -36.0491 4.84888 -0.257123 0.00531367
57 118.821 -36.1048 4.89705 -0.253168 0.00495746
58 116.331 -35.9337 5.17217 -0.302385 0.00700718
59 138.49 -47.0851 6.97418 -0.41852 0.00952259
60 53.3015 -5.56223 -0.130221 0.0891797 -0.00326477
61 103.861 -31.4781 4.25504 -0.215308 0.00415638
62 155.328 -46.0489 5.85798 -0.28945 0.00540748
63 139.745 -46.5433 6.95743 -0.432078 0.0104008
64 135.036 -44.2891 6.45856 -0.386255 0.00899827
65 124.233 -39.335 5.70914 -0.340129 0.00800092
66 188.182 -65.2865 9.79297 -0.610238 0.0143678
67 125.072 -42.403 6.32891 -0.384235 0.00898318
68 123.746 -34.9675 4.51626 -0.223178 0.00424286
69 -68.0217 56.3367 -11.1887 0.909173 -0.0246481
70 142.296 -44.8263 6.25064 -0.34995 0.00747539
71 157.774 -53.1522 7.76731 -0.463239 0.0104854
72 146.988 -52.1359 8.03036 -0.511148 0.0123665
73 111.319 -31.2185 4.06479 -0.207741 0.00427598
74 155.643 -56.0157 8.71844 -0.563275 0.0137784
75 150.01 -50.6477 7.49256 -0.450901 0.0101927
76 145.22 -47.6393 6.90578 -0.406116 0.00911404
77 160.244 -54.4631 8.19841 -0.516841 0.0124459
78 162.997 -55.6824 8.39996 -0.529861 0.0127195
79 113.268 -27.7532 3.06229 -0.121809 0.00163985
80 172.48 -62.0248 9.58329 -0.611477 0.0145563
81 141.988 -46.6785 6.81699 -0.414076 0.00976886
82 146.079 -52.2332 8.17274 -0.531939 0.0131653
83 142.431 -50.049 7.66109 -0.481103 0.0114728
84 147.168 -48.404 7.05321 -0.416245 0.00931877
85 140.072 -45.1458 6.60812 -0.392484 0.00894939
86 132.771 -40.2053 5.40109 -0.280505 0.00557921
87 127.977 -38.7831 5.44664 -0.309072 0.00684411
88 104.805 -30.9014 4.30889 -0.235391 0.0051096
89 119.531 -36.3118 4.99424 -0.267382 0.0054742
90 125.117 -38.0138 5.4342 -0.317546 0.007318
91 156.726 -54.4726 8.15237 -0.491952 0.011109
92 119.772 -35.5678 4.65926 -0.225896 0.00396919
93 144.015 -45.8903 6.52324 -0.373251 0.00806838
94 121.671 -34.1454 4.55043 -0.241182 0.00507079
