0 100.266 -28.8061 3.79587 -0.181351 0.00341267
1 130.804 -40.2829 5.54053 -0.294115 0.00596755
2 9.02018 18.0855 -4.4547 0.419887 -0.0122271
3 109.397 -35.7432 5.4044 -0.334159 0.00822313
4 83.2693 -19.6973 2.23369 -0.0758548 0.000864266
5 145.744 -50.199 7.52097 -0.451511 0.0101545
6 131.372 -47.3119 7.39911 -0.470338 0.0114209
7 114.768 -36.5116 5.20908 -0.287957 0.00608765
8 64.1703 -12.9241 1.11758 0.00559439 -0.00129814
9 113.925 -30.4448 3.64009 -0.150988 0.00219747
10 91.808 -25.6183 3.2347 -0.142813 0.00235093
11 133.602 -49.447 7.88932 -0.514508 0.0127197
12 104.067 -33.4098 4.64574 -0.238916 0.00446743
13 100.224 -31.2179 4.48448 -0.250958 0.00560878
14 75.667 -15.26 1.1847 0.0244278 -0.00234567
15 106.33 -27.467 3.31818 -0.141553 0.00228352
16 121.127 -44.4922 6.92304 -0.429782 0.0101308
17 112.31 -36.6089 5.48734 -0.325968 0.00746144
18 120.399 -39.3563 5.85699 -0.34885 0.00796371
19 101.475 -34.8307 5.38732 -0.330964 0.00793776
20 106.916 -34.8761 5.05908 -0.285595 0.00629463
21 105.337 -32.2096 4.5242 -0.241107 0.00495088
22 80.271 -24.8601 3.60844 -0.198956 0.004541
23 110.008 -35.0438 5.07558 -0.291786 0.00660656
24 110.072 -34.9014 4.9215 -0.270272 0.00581741
25 160.645 -57.54 8.73675 -0.542553 0.0127046
26 74.4526 -11.3499 0.489549 0.0593311 -0.00265641
27 63.3576 -8.88902 0.0192612 0.112387 -0.00471357
28 105.131 -25.6284 2.73926 -0.0847395 0.000521583
29 74.0425 -16.8279 1.72832 -0.0282553 -0.000772751
30 97.6404 -29.8354 4.31057 -0.25013 0.00591708
31 122.903 -38.9621 5.50767 -0.305545 0.00649346
32 68.9558 -10.4807 0.581848 0.043315 -0.0021499
33 152.452 -53.7573 8.33137 -0.525 0.0124301
34 110.93 -28.1162 3.3189 -0.132252 0.00186897
35 100.303 -24.3028 2.85176 -0.113397 0.00169267
36 91.1484 -15.6412 0.866288 0.0588784 -0.0033659
37 179.772 -57.1638 8.13407 -0.473114 0.0103034
38 115.498 -30.6972 3.9608 -0.194423 0.00373202
39 152.588 -49.7889 7.37542 -0.446623 0.0102896
40 149.208 -42.6694 5.63834 -0.300334 0.00626135
41 155.495 -51.392 7.72355 -0.473481 0.011018
42 86.9856 -18.5034 1.86756 -0.0373 -0.000491373
43 101.876 -25.7 3.05657 -0.120412 0.0016187
44 109.573 -30.7235 4.15052 -0.22084 0.00473791
45 126.133 -37.13 5.09148 -0.274503 0.00576934
46 163.094 -54.7121 8.22601 -0.513872 0.0122135
47 145.131 -43.489 6.03411 -0.332716 0.00695725
48 118.175 -30.7834 3.74561 -0.159402 0.00233341
49 95.3744 -22.8349 2.71599 -0.118533 0.00222617
50 111.294 -27.225 2.98036 -0.098892 0.000680093
51 165.802 -49.1369 6.74704 -0.387594 0.00872375
52 148.524 -44.7208 6.33965 -0.378365 0.0089289
53 132.379 -38.4596 5.42695 -0.315731 0.00731949
54 137.863 -41.7999 5.92072 -0.345214 0.00797446
55 161.279 -50.7033 7.20505 -0.423336 0.00963296
56 148.351 -44.2941 6.0366 -0.335259 0.0073336
57 96.0256 -21.5206 2.74638 -0.138126 0.00309581
58 145.715 -42.7676 5.8454 -0.321837 0.00693643
59 116.879 -31.5042 3.87126 -0.173882 0.00301118
60 122.278 -24.6056 1.94079 0.00888082 -0.00266349
61 194.513 -68.7831 10.239 -0.627639 0.0144825
62 130.395 -37.1288 5.03793 -0.27197 0.00573606
63 164.212 -51.8932 7.43733 -0.441357 0.0100881
64 122.351 -39.6819 5.55471 -0.305848 0.00653153
65 142.185 -49.5879 7.18359 -0.415433 0.00915183
66 85.2751 -24.6685 3.30207 -0.153551 0.00263836
67 157.742 -57.7561 8.75624 -0.540128 0.0125239
68 156.969 -58.3432 8.75429 -0.530379 0.0121231
69 100.685 -31.6539 4.36828 -0.232716 0.0049747
70 74.9275 -19.9386 2.29708 -0.0752912 0.000666396
71 111.777 -37.0744 5.35897 -0.306531 0.00683408
72 87.7725 -24.5604 3.02328 -0.130458 0.00233734
73 102.843 -31.8819 4.23265 -0.2152 0.00441879
74 95.4038 -27.9385 3.52275 -0.157106 0.00264793
75 49.1277 -7.92013 0.340963 0.0604788 -0.00268299
76 107.264 -32.5653 4.31802 -0.21676 0.00424558
77 109.499 -32.3925 4.29276 -0.220187 0.00453216
78 141.683 -47.0783 6.39981 -0.340318 0.00683301
79 95.3863 -29.0681 4.00931 -0.212924 0.00452873
80 89.1235 -27.7658 3.82215 -0.20001 0.0042166
81 100.782 -29.7428 3.77495 -0.170404 0.00282911
82 123.868 -39.5929 5.53085 -0.303355 0.00640721
83 121.147 -39.7015 5.75305 -0.332575 0.0074385
84 103.614 -31.5949 4.20035 -0.200968 0.00350206
85 133.249 -45.1785 6.66418 -0.398302 0.00921779
86 144.157 -50.0292 7.53079 -0.464611 0.0110856
87 131.972 -43.6345 6.27097 -0.357728 0.00776977
88 85.6438 -28.1517 4.12882 -0.22913 0.00492854
89 105.506 -33.9342 4.75674 -0.246852 0.00479806
90 77.04 -22.2479 3.05149 -0.150092 0.00294039
91 111.925 -37.5394 5.67803 -0.346372 0.0082587
92 72.7637 -13.4097 0.68478 0.0807508 -0.00458099
93 106.618 -29.9328 3.83356 -0.178426 0.00318225
94 91.7611 -23.9757 2.92736 -0.124418 0.00204605
