0 -66.6383 55.4713 -10.8275 0.871037 -0.0238509
1 213.143 -78.0851 11.9247 -0.765702 0.0182084
2 160.879 -44.9349 5.03028 -0.188656 0.00146927
3 183.224 -66.3814 10.1091 -0.637118 0.0146362
4 165.476 -58.4046 8.7492 -0.545018 0.0125946
5 -15.2724 28.575 -6.00039 0.506241 -0.0140076
6 105.86 -32.1991 4.90986 -0.310056 0.0074475
7 176.648 -65.9646 10.5398 -0.70871 0.0175634
8 167.833 -52.976 7.55974 -0.452777 0.010137
9 187.272 -64.8859 9.98397 -0.657769 0.0162596
10 146.977 -48.5904 7.53314 -0.50509 0.0129676
11 103.695 -31.266 4.53877 -0.269983 0.00607799
12 160.636 -54.5099 8.25358 -0.533876 0.0129838
13 147.603 -50.2289 7.44312 -0.457422 0.0104956
14 155.714 -54.781 8.56184 -0.565165 0.0138266
15 217.963 -82.5002 12.9215 -0.853455 0.0206993
16 188.281 -68.2433 10.87 -0.741147 0.0188887
17 181.428 -66.3875 10.4933 -0.700239 0.0173152
18 157.779 -53.901 7.96222 -0.496053 0.0116356
19 139.476 -45.6092 7.0043 -0.454486 0.0111225
20 -48.1984 54.9406 -11.815 1.00574 -0.0287775
21 136.309 -46.0277 7.21295 -0.47482 0.0117108
22 180.94 -66.272 10.5478 -0.714502 0.0180318
23 178.599 -62.1367 9.4949 -0.618962 0.0152854
24 -86.5295 72.9775 -15.337 1.31418 -0.0384047
25 -209.081 123.497 -22.5904 1.73159 -0.0463307
26 130.709 -39.7242 5.85141 -0.372419 0.00920244
27 153.867 -53.6828 8.36244 -0.549427 0.0134507
28 140.109 -41.1297 5.46902 -0.291689 0.00568444
29 134.153 -40.2477 5.50962 -0.310597 0.00673813
30 163.949 -54.1307 7.70229 -0.454099 0.00994904
31 -17.224 37.721 -8.27758 0.709578 -0.0201273
32 201.99 -81.8429 12.9651 -0.855041 0.0206381
33 172.562 -69.7094 10.9369 -0.709821 0.0170435
34 108.173 -40.7374 6.1746 -0.369434 0.00811026
35 181.839 -74.7704 12.1047 -0.811872 0.0198995
36 177.09 -71.2567 11.2621 -0.736171 0.0176633
37 88.5786 -31.2652 4.66314 -0.273912 0.00602073
38 125.051 -49.8188 7.91778 -0.507993 0.0118973
39 115.84 -47.6594 8.02647 -0.544936 0.0134706
40 171.828 -74.0421 12.5876 -0.895524 0.0234748
41 109.952 -43.5319 7.14945 -0.476979 0.0117123
42 112.752 -45.2986 7.6612 -0.534525 0.0138785
43 108.217 -43.3785 7.10385 -0.471442 0.0115858
44 127.073 -49.4892 7.98872 -0.534915 0.0133653
45 99.2209 -35.5985 5.23622 -0.301909 0.00640381
46 124.215 -49.8955 8.14884 -0.54415 0.0133985
47 112.64 -45.7688 7.53759 -0.505826 0.0124986
48 99.1186 -40.6248 6.77527 -0.454524 0.0112976
49 184.139 -73.8378 11.9748 -0.817793 0.0206479
50 120.927 -46.8465 7.56703 -0.499637 0.0121273
51 156.016 -61.7029 9.63796 -0.622174 0.0148037
52 109.551 -41.3858 6.36098 -0.392955 0.00898583
53 113.119 -41.4163 6.33345 -0.393007 0.00911666
54 142.225 -52.1417 8.10278 -0.521862 0.0124821
55 151.794 -56.7862 8.68226 -0.544152 0.0125214
56 83.3961 -25.177 3.23396 -0.144701 0.00203067
57 123.503 -41.1795 5.87816 -0.341231 0.0074927
58 169.73 -64.3388 9.71328 -0.603206 0.0138508
59 163.397 -63.5455 9.75111 -0.623215 0.0148537
60 206.791 -80.4247 12.2875 -0.782116 0.0183156
61 183.712 -72.2219 11.2076 -0.726217 0.0174658
62 74.8964 -27.1909 4.05729 -0.230904 0.00494681
63 89.8779 -27.3459 3.56493 -0.170438 0.00292127
