0 107.964 -34.1025 4.83194 -0.262656 0.00552058
1 75.5526 -20.5481 2.6738 -0.121177 0.00233405
2 140.051 -51.0608 8.18245 -0.540131 0.0134143
3 89.7953 -28.2713 3.97665 -0.204015 0.0039952
4 115.566 -35.0386 4.75099 -0.245118 0.00477876
5 104.484 -36.0796 5.65041 -0.356005 0.00866976
6 114.837 -33.9082 4.63462 -0.246371 0.00516347
7 113.469 -32.5171 4.32963 -0.220343 0.00440663
8 95.4978 -31.023 4.36841 -0.222347 0.00411781
9 149.195 -56.6075 8.9959 -0.580972 0.0139534
10 78.2145 -19.3928 2.19833 -0.064237 0.000187997
11 108.516 -36.351 5.53701 -0.337779 0.00806845
12 117.832 -34.3303 4.53639 -0.227725 0.00435204
13 113.795 -36.5711 5.30473 -0.305579 0.00683966
14 56.2136 -11.4658 1.03303 0.00932632 -0.00140269
15 113.852 -37.3825 5.39688 -0.302601 0.00646224
16 115.756 -35.2503 5.10303 -0.30036 0.00696353
17 130.517 -47.3119 7.7597 -0.544094 0.0146825
18 111.924 -39.637 6.06065 -0.362811 0.00821751
19 77.2996 -19.341 2.23738 -0.0702128 0.000450866
20 119.632 -36.6191 5.12914 -0.288218 0.00638291
21 99.9391 -25.418 3.02438 -0.118471 0.00161229
22 89.4847 -24.4828 3.28633 -0.167659 0.00362798
23 50.3435 -5.43312 -0.194243 0.104948 -0.00396412
24 107.428 -30.3305 3.91565 -0.180461 0.00293519
25 86.4476 -19.6555 2.09275 -0.0619704 0.000442125
26 89.1122 -24.8208 3.17556 -0.13677 0.00204855
27 95.8116 -28.7507 3.96303 -0.206909 0.00429354
28 54.0597 -7.04356 -0.00277424 0.0920098 -0.00356104
29 102.295 -29.4505 3.88535 -0.188159 0.00346522
30 75.5352 -17.8492 1.92125 -0.0476534 -5.78816e-05
31 75.8929 -20.8096 2.8386 -0.147608 0.00335474
32 164.763 -49.9781 6.80152 -0.372597 0.00776977
33 159.925 -54.8492 8.332 -0.520353 0.0123236
34 157.85 -52.4677 7.52122 -0.430667 0.00929427
35 177.104 -62.723 9.6259 -0.611069 0.0146449
36 147.615 -45.6942 6.29665 -0.340517 0.00686569
37 167.999 -54.8413 7.82017 -0.449466 0.00971856
38 124.162 -34.6468 4.46481 -0.221677 0.00432847
39 158.802 -52.1548 7.48649 -0.431264 0.00939794
40 159.918 -52.5516 7.4776 -0.424325 0.00893187
41 115.948 -30.271 3.80936 -0.182177 0.00341644
42 118.14 -31.4917 3.84817 -0.163983 0.00240683
43 186.269 -63.2818 9.43812 -0.584922 0.0136393
44 153.488 -48.9171 6.90904 -0.390306 0.00828007
45 149.762 -52.5841 8.04375 -0.503667 0.0119298
46 142.868 -41.003 5.12409 -0.230535 0.00348346
47 170.175 -58.3417 8.81508 -0.55193 0.0130593
48 120.8 -28.9299 3.17438 -0.117534 0.0015086
49 102.041 -17.6393 1.04496 0.0482786 -0.00301205
50 160.569 -47.672 6.4439 -0.362789 0.00804481
51 126.894 -35.6036 4.57923 -0.227875 0.00433204
52 186.766 -56.8005 7.54788 -0.409096 0.0083925
53 143.178 -40.3986 5.21228 -0.266647 0.00525604
54 103.331 -19.3995 1.49971 0.00765075 -0.00194484
55 141.152 -41.1474 5.40537 -0.286619 0.00591853
56 130.923 -38.4471 5.19873 -0.279742 0.00579162
57 151.172 -41.1442 5.09477 -0.24762 0.00463414
58 117.373 -29.4823 3.426 -0.139127 0.00200741
59 140.178 -40.9932 5.50156 -0.300384 0.00645161
60 125.609 -31.6576 3.64402 -0.146926 0.0020049
61 117.611 -31.0113 3.97984 -0.205959 0.00442982
62 166.273 -51.0305 6.94461 -0.388803 0.00836478
63 147.681 -39.817 4.90581 -0.23619 0.0043984
64 182.521 -63.1544 9.37474 -0.571893 0.0130785
65 161.203 -55.8403 8.47956 -0.541691 0.0131965
66 161.236 -53.6019 7.79053 -0.460161 0.0102752
67 145.476 -48.081 6.62355 -0.359612 0.00738134
68 119.939 -32.5349 4.03835 -0.188532 0.00347584
69 174.298 -66.2838 10.5633 -0.700045 0.0173255
70 150.854 -50.7296 7.48187 -0.454056 0.0104334
71 184.172 -64.5275 9.81143 -0.618877 0.0145863
72 145.522 -46.9533 6.96998 -0.436124 0.0105634
73 167.325 -54.6334 7.79722 -0.457871 0.0102015
74 148.254 -45.4535 6.29237 -0.355817 0.00771831
75 174.483 -56.3933 7.9872 -0.463829 0.0102119
76 99.4409 -23.0928 2.55855 -0.0919881 0.00112999
77 132.525 -39.7023 5.31409 -0.282804 0.00580389
78 180.056 -62.6493 9.59129 -0.618622 0.0150241
79 143.872 -46.9349 6.87801 -0.417995 0.00976817
80 147.63 -45.21 6.17783 -0.343351 0.00738792
81 147.015 -48.3514 7.04435 -0.421496 0.00952675
82 119.868 -38.3833 5.69106 -0.352734 0.0086361
83 111.72 -31.6035 4.20283 -0.217027 0.00432547
84 148.759 -51.2079 7.87899 -0.50547 0.0123744
85 117.343 -31.3272 3.70905 -0.148045 0.00184391
86 115.314 -30.5852 3.69161 -0.161148 0.00261089
87 136.262 -36.7879 4.65552 -0.228909 0.00430315
88 123.746 -35.7817 4.70439 -0.242984 0.00488596
89 126.78 -36.633 4.88273 -0.261364 0.00549586
90 138.579 -41.6849 5.72549 -0.316758 0.00682926
91 137.61 -34.2954 3.93063 -0.16424 0.00245543
92 116.497 -32.0505 4.03781 -0.191622 0.00345787
93 118.597 -32.749 4.25525 -0.216889 0.0043934
94 151.719 -48.6366 7.00435 -0.415191 0.00942259
95 151.719 -48.6366 7.00435 -0.415191 0.00942259
