0 234.664 -78.1404 11.5238 -0.717516 0.0167998
1 215.645 -71.0009 10.4832 -0.651386 0.0152707
2 220.407 -74.5737 11.0314 -0.683616 0.0158907
3 213.848 -72.7483 10.8337 -0.671365 0.0155665
4 193.873 -61.1538 8.57673 -0.492501 0.0105825
5 217.205 -71.2009 10.3799 -0.637147 0.0148461
6 212.923 -70.157 10.4218 -0.656724 0.0155614
7 219.67 -68.4584 9.51926 -0.548823 0.0118952
8 225.229 -72.3376 10.4912 -0.643931 0.0149299
9 193.166 -61.5034 8.70211 -0.504411 0.0109219
10 189.113 -58.8216 8.34051 -0.496635 0.0113429
11 251.573 -85.0034 12.7721 -0.819895 0.0197304
12 227.475 -77.1358 11.4806 -0.719517 0.016839
13 211.277 -72.2442 10.8213 -0.679341 0.0160208
14 209.437 -66.5366 9.53704 -0.57422 0.0131795
15 191.841 -57.8238 7.89481 -0.444716 0.00956738
16 165.687 -47.8586 6.56993 -0.371354 0.00810395
17 200.674 -64.9152 9.38156 -0.562534 0.0127206
18 209.691 -70.5382 10.4627 -0.64701 0.0149513
19 222.745 -75.9043 11.3317 -0.710853 0.0167293
20 186.171 -51.5071 6.48716 -0.329353 0.00636793
21 196.063 -58.4436 7.8831 -0.436032 0.00914112
22 215.167 -72.0925 10.8759 -0.697865 0.016854
23 215.997 -67.4615 9.73304 -0.600742 0.0141319
24 173.302 -49.7378 6.63312 -0.363344 0.00769401
25 168.372 -44.5639 5.43391 -0.254071 0.00431559
26 168.213 -46.4135 5.91649 -0.30214 0.0058939
27 164.081 -43.7835 5.42543 -0.266386 0.00507455
28 197.884 -60.3393 8.37065 -0.483648 0.0105745
29 165.863 -46.594 6.16059 -0.334644 0.00709568
30 201.834 -63.7647 9.35909 -0.588023 0.01412
31 179.466 -49.2254 6.34554 -0.334919 0.00683728
32 -157.926 92.491 -16.514 1.23998 -0.0318642
33 11.7044 12.855 -3.42513 0.347355 -0.0104364
34 124.674 -47.0648 7.55016 -0.493253 0.0123654
35 143.97 -52.9597 8.23808 -0.51809 0.01233
36 148.093 -58.4851 9.55267 -0.637054 0.0158923
37 126.771 -51.1748 8.46261 -0.567369 0.014273
38 135.663 -54.0065 8.92806 -0.604802 0.015425
39 103.322 -38.1297 5.89687 -0.353207 0.00807932
40 130.086 -44.3387 6.62827 -0.399571 0.00913863
41 123.79 -47.8508 7.57697 -0.475215 0.0112038
42 142.638 -54.5369 8.92452 -0.601626 0.0151925
43 115.584 -40.9361 6.27403 -0.384408 0.00905906
44 126.028 -45.7401 6.88195 -0.408087 0.00906857
45 110.694 -36.945 5.28083 -0.286364 0.00587431
46 109.682 -39.8975 6.11588 -0.371092 0.00865108
47 132.975 -48.5078 7.51008 -0.471071 0.0111802
48 121.528 -40.9149 5.93475 -0.340127 0.00745415
49 81.27 -25.9702 3.5896 -0.176444 0.00333987
50 111.016 -32.1467 4.41763 -0.238935 0.00514571
51 102.272 -35.3483 5.15025 -0.287484 0.00611988
52 111.155 -37.3453 5.4167 -0.303454 0.0064714
53 139.184 -45.6018 6.62998 -0.386438 0.00850673
54 113.329 -36.5438 5.22836 -0.293295 0.00642857
55 101.851 -30.0211 4.00719 -0.196586 0.00362464
56 111.332 -33.5175 4.4486 -0.224177 0.00432704
57 103.063 -32.2649 4.54365 -0.241156 0.00484805
58 98.7551 -30.5808 4.09861 -0.197395 0.00356112
59 105.148 -33.8975 4.86463 -0.271294 0.00587553
60 93.3728 -25.8711 3.21611 -0.133609 0.0019329
61 114.427 -36.255 5.10186 -0.278293 0.00585135
62 103.874 -30.3268 3.77049 -0.159675 0.00236991
63 74.0299 -15.7086 1.3023 0.0091584 -0.00172389
64 144.001 -47.0581 6.8564 -0.404889 0.0091284
65 176.221 -57.9582 8.31395 -0.486557 0.0106626
66 145.886 -46.9585 6.73072 -0.384845 0.00833506
67 154.125 -55.1204 8.55683 -0.555821 0.0138245
68 169.653 -59.348 8.98546 -0.559337 0.0130801
69 153.152 -48.5103 6.83351 -0.389941 0.00848363
70 164.697 -56.7684 8.46806 -0.520145 0.0121304
71 136.091 -43.0007 6.02779 -0.333454 0.00711299
72 138.317 -43.7977 6.02021 -0.321805 0.00645238
73 144.338 -44.3892 6.08652 -0.328324 0.0067002
74 153.111 -48.0371 6.63883 -0.368165 0.00771824
75 107.945 -33.4226 4.79526 -0.274642 0.00629537
76 137.215 -43.7442 6.33955 -0.374899 0.00867503
77 123.247 -35.4029 4.53319 -0.213895 0.00364677
78 116.96 -36.2202 5.03138 -0.270003 0.00557007
79 137.036 -44.1075 6.2287 -0.346448 0.00726832
80 121.587 -39.7173 5.9313 -0.357293 0.00829295
81 161.774 -55.5182 8.24773 -0.499496 0.0114323
82 176.59 -60.2057 9.02667 -0.563332 0.01326
83 170.269 -61.9849 9.63104 -0.612766 0.014464
84 136.572 -46.2669 7.04986 -0.437365 0.0103441
85 149.28 -46.0138 6.61436 -0.391445 0.00892558
86 127.723 -38.0705 5.27953 -0.286876 0.00586328
87 122.033 -34.0933 4.76453 -0.271182 0.00612944
88 111.218 -32.9152 4.46774 -0.22896 0.00446151
89 132.461 -37.4147 4.88599 -0.246637 0.00463648
90 112.938 -30.1728 3.63358 -0.143161 0.00156986
91 146.714 -50.0602 7.82018 -0.502473 0.0122469
92 107.375 -29.6117 3.80913 -0.180423 0.00326437
93 92.1945 -21.3864 2.2027 -0.0501993 -0.00046709
94 124.809 -39.6497 5.75945 -0.338945 0.00781577
