0 129.024 -39.7905 5.63722 -0.315473 0.00691533
1 163.153 -60.9002 9.67578 -0.619447 0.0147548
2 127.357 -45.1375 6.92799 -0.416765 0.00945699
3 148.894 -51.4131 7.96274 -0.506256 0.0123616
4 143.563 -51.9934 8.23307 -0.528565 0.0128338
5 129.088 -43.577 6.45503 -0.373473 0.00826249
6 150.454 -50.753 7.51461 -0.445159 0.00995022
7 105.536 -31.2414 4.32 -0.222857 0.00446704
8 141.843 -46.8158 6.98632 -0.414729 0.00932559
9 132.674 -41.3146 5.86674 -0.319811 0.00658106
10 138.194 -46.6485 6.94782 -0.414074 0.00943574
11 138.697 -47.3927 7.26933 -0.452416 0.0107276
12 155.58 -52.4508 7.79907 -0.471088 0.0108729
13 121.615 -43.9039 6.88706 -0.42581 0.0100195
14 125.687 -40.9202 5.9225 -0.331301 0.00702194
15 108.517 -33.425 4.59906 -0.232525 0.00445299
16 130.963 -41.5954 6.09901 -0.358565 0.00820535
17 141.488 -49.4275 7.6753 -0.479321 0.0112491
18 148.62 -48.464 7.13414 -0.424274 0.00966405
19 151.824 -47.0764 6.67447 -0.37699 0.00798869
20 156.352 -54.7943 8.70735 -0.567542 0.013915
21 146.217 -48.0532 7.23327 -0.441796 0.0102602
22 137.381 -48.2363 7.55373 -0.47463 0.0111793
23 112.076 -32.457 4.46411 -0.23364 0.00478631
24 136.232 -40.7516 5.61882 -0.295741 0.00579853
25 104.431 -28.2982 3.43461 -0.129219 0.00127564
26 123.029 -36.9812 5.08227 -0.265784 0.00524306
27 139.389 -45.2014 6.67737 -0.393691 0.00884926
28 113.263 -37.7406 5.71194 -0.335564 0.00759006
29 151.7 -53.4474 8.2466 -0.515551 0.0122064
30 167.248 -53.8905 7.91546 -0.479738 0.011157
31 126.627 -41.1589 6.15803 -0.364215 0.00824881
32 149.32 -57.5154 9.23445 -0.601912 0.0146167
33 138.545 -53.1664 8.36754 -0.524321 0.0121806
34 113.078 -41.5875 6.4978 -0.403605 0.00955909
35 119.057 -43.8967 6.86677 -0.417499 0.00948918
36 122.154 -45.2402 7.12386 -0.446888 0.0106341
37 80.598 -27.7415 4.19492 -0.235352 0.00517424
38 83.7535 -26.4115 3.72645 -0.188315 0.00371494
39 106.921 -36.112 5.4063 -0.319843 0.00743359
40 78.2498 -24.7717 3.60544 -0.195876 0.00429235
41 135.421 -48.912 7.47467 -0.455193 0.0104762
42 134.086 -49.5197 7.62957 -0.464735 0.0106572
43 131.037 -51.59 8.3969 -0.551891 0.0136887
44 135.371 -51.3758 8.07499 -0.510983 0.0121602
45 117.291 -41.1272 6.08983 -0.35268 0.0078932
46 115.655 -43.3252 6.86742 -0.434116 0.0104342
47 119.998 -48.7116 8.15839 -0.553945 0.0141485
48 101.515 -35.1628 5.43374 -0.328319 0.00766245
49 -136.523 96.409 -19.4796 1.6144 -0.0455857
50 98.1735 -32.3208 4.69388 -0.260586 0.00561478
51 83.1887 -23.1435 3.07728 -0.148844 0.00295918
52 138.423 -51.2934 7.92848 -0.492538 0.0115597
53 129.441 -45.0277 6.78446 -0.411254 0.0095415
54 78.3213 -27.7831 4.4161 -0.272156 0.00663023
55 140.952 -51.1942 8.0602 -0.520374 0.0127848
56 92.6671 -35.8426 5.96188 -0.393117 0.00998136
57 93.2649 -33.2197 5.11975 -0.303564 0.00692946
58 133.648 -47.3076 7.26789 -0.453301 0.0107751
59 122.55 -43.4164 6.74846 -0.426386 0.0103643
60 117.058 -40.0209 5.9804 -0.350409 0.00788013
61 116.101 -40.8713 6.10316 -0.352564 0.00757089
62 117.106 -45.6457 7.34425 -0.469774 0.0114168
63 114.48 -40.1833 6.03775 -0.357601 0.00810746
64 194.096 -68.2302 10.4166 -0.659836 0.0156741
65 165.99 -57.1907 8.5175 -0.520631 0.0120874
66 172.221 -61.029 9.36891 -0.590273 0.0138836
67 172.201 -59.3521 8.96834 -0.562549 0.013394
68 127.722 -36.1287 4.66705 -0.231194 0.00446555
69 190.091 -66.3982 9.91114 -0.608615 0.0139795
70 181.433 -61.9739 9.11199 -0.545163 0.0120675
71 177.256 -61.5167 9.3259 -0.585753 0.0139377
72 176.468 -58.369 8.55997 -0.523865 0.0122668
73 175.314 -59.9306 8.99764 -0.564042 0.0133904
74 138.202 -45.2975 6.56821 -0.382472 0.00846765
75 163.503 -54.0732 8.14173 -0.501417 0.0116026
76 135.399 -42.5573 6.02157 -0.338652 0.00732599
77 165.079 -56.4746 8.50412 -0.531911 0.0126934
78 160.268 -47.6973 6.53461 -0.365305 0.00790667
79 190.646 -66.4073 10.044 -0.632572 0.0150059
80 154.366 -51.6918 7.7272 -0.475693 0.011108
81 165.795 -50.9771 7.06928 -0.396208 0.00837559
82 178.871 -55.6447 7.9551 -0.477128 0.0109504
83 169.395 -58.6908 8.90869 -0.559619 0.0131955
84 147.344 -47.8997 7.06463 -0.425183 0.00982203
85 160.468 -52.1158 7.61048 -0.450762 0.0100817
86 173.342 -58.4239 8.88255 -0.556163 0.0130644
87 136.304 -42.6925 6.15589 -0.360013 0.00813295
88 149.793 -47.4946 7.03602 -0.432916 0.0103209
89 160.605 -53.6703 8.10222 -0.503674 0.0118135
90 163.481 -52.524 7.61746 -0.453986 0.0103004
91 161.341 -46.1312 6.17563 -0.331703 0.0068027
92 141.638 -44.9982 6.4131 -0.366312 0.00805078
93 167.421 -56.5455 8.69029 -0.560077 0.0137556
94 155.106 -50.0136 7.3389 -0.443087 0.010258
