0 100.245 -31.455 4.29743 -0.21508 0.00403711
1 172.391 -58.8176 8.60047 -0.507917 0.0112093
2 138.556 -46.8569 6.93256 -0.416406 0.0096245
3 130.644 -45.7269 7.01414 -0.432943 0.0101012
4 168.78 -60.6307 9.28205 -0.579766 0.0134682
5 -155.395 101.892 -19.3135 1.50683 -0.0399371
6 121.639 -38.2183 5.24952 -0.275081 0.00541603
7 164.748 -64.7114 10.6452 -0.7248 0.0183327
8 139.994 -50.8506 7.84286 -0.484274 0.0112113
9 111.917 -35.3964 4.91817 -0.258141 0.0051672
10 110.464 -36.1665 5.27483 -0.307386 0.00711759
11 160.435 -55.1621 8.17418 -0.493426 0.011201
12 133.474 -42.4527 5.94114 -0.332266 0.00713882
13 161.76 -60.2122 9.51779 -0.62341 0.0153997
14 117.55 -38.5175 5.56608 -0.314655 0.00680324
15 105.759 -33.4171 4.89284 -0.287067 0.00669179
16 119.927 -37.1247 5.24365 -0.294742 0.00644458
17 157.333 -56.6904 8.88842 -0.57971 0.0143168
18 134.485 -47.9 7.34527 -0.456746 0.0107505
19 156.683 -52.0077 7.52353 -0.438914 0.00963812
20 133.317 -47.1615 7.25875 -0.455759 0.0108812
21 123.762 -43.7795 6.66842 -0.403012 0.00921489
22 115.143 -34.2795 4.56301 -0.228195 0.00432516
23 120.232 -37.8649 5.42755 -0.310997 0.00694271
24 133.388 -46.6475 7.16946 -0.449917 0.0107926
25 144.523 -50.5345 7.69718 -0.480219 0.0113335
26 130.571 -37.2998 4.66694 -0.217348 0.00366768
27 109.911 -30.302 3.9262 -0.201158 0.00424793
28 111.137 -31.6584 4.26631 -0.22983 0.00500778
29 80.6006 -16.4412 1.51127 -0.0185823 -0.000723342
30 93.0003 -20.5285 1.97099 -0.037116 -0.000598896
31 124.177 -38.8363 5.51533 -0.313657 0.00696564
32 161.195 -51.2752 6.94324 -0.372741 0.00751442
33 134.017 -43.5688 6.06312 -0.319517 0.00619421
34 117.504 -34.0434 4.53165 -0.232908 0.00480053
35 123.751 -39.3678 5.60305 -0.311077 0.00664152
36 109.628 -33.5184 4.63287 -0.243471 0.00489582
37 105.405 -22.8201 2.18192 -0.0430885 -0.000554082
38 118.945 -33.5561 4.47223 -0.233581 0.0049497
39 92.2669 -22.658 2.5833 -0.0877823 0.000876686
40 96.7898 -20.7649 2.13055 -0.0648647 0.000659626
41 116.199 -37.0988 5.32543 -0.302312 0.00669071
42 115.445 -32.1797 4.07718 -0.185182 0.00304764
43 159.437 -56.4286 8.56048 -0.529736 0.0123577
44 132.282 -42.8536 6.20356 -0.363265 0.008239
45 119.42 -30.0613 3.41348 -0.126375 0.00137293
46 119.667 -30.6723 3.67476 -0.15936 0.0025787
47 97.5763 -26.2982 3.31818 -0.149957 0.00269372
48 110.766 -31.354 4.02963 -0.185669 0.00305927
49 127.782 -36.5889 4.9744 -0.271215 0.00585961
50 111.379 -31.3075 3.97533 -0.178701 0.00280958
51 150.425 -52.496 8.1019 -0.519137 0.0127024
52 106.346 -27.2503 3.2225 -0.128768 0.00185711
53 142.077 -50.1768 8.03212 -0.537793 0.0135891
54 110.796 -34.3416 4.89679 -0.275488 0.00614068
55 135.997 -43.4169 6.33849 -0.37899 0.00888436
56 96.8055 -23.7961 2.69804 -0.100842 0.00138596
57 116.971 -31.2859 3.93643 -0.188699 0.00365218
58 120.627 -31.143 3.90309 -0.19092 0.00388402
59 89.4902 -19.5592 1.90364 -0.0343503 -0.000572024
60 84.5798 -13.9233 0.539451 0.0919791 -0.00454416
61 102.916 -25.2209 3.00026 -0.131476 0.00252367
62 107.088 -25.8816 2.9893 -0.123507 0.00214951
63 79.2402 -14.4575 1.12289 0.0121643 -0.00155777
64 146.587 -56.4398 8.97274 -0.583438 0.0142581
65 107.208 -36.5903 5.14909 -0.267825 0.00502015
66 142.36 -53.4946 8.4328 -0.542877 0.0132344
67 112.338 -44.0193 7.04331 -0.446843 0.0106852
68 108.215 -39.1906 6.0081 -0.368893 0.00874991
69 131.898 -46.7883 6.92118 -0.41275 0.00934659
70 115.164 -33.9354 4.27205 -0.196119 0.00332151
71 102.506 -36.9926 5.68257 -0.345882 0.00821176
72 111.8 -37.7574 5.59002 -0.333097 0.00779498
73 89.4167 -25.8292 3.34915 -0.153805 0.00265385
74 100.194 -32.0672 4.62454 -0.25887 0.00571391
75 133.502 -49.6851 7.77129 -0.492432 0.0117843
76 125.523 -40.1593 5.60742 -0.306641 0.00637861
77 61.2889 -14.6457 1.80564 -0.0687109 0.00113338
78 104.845 -31.2986 4.21423 -0.218613 0.0044931
79 94.3944 -29.4593 4.13419 -0.222295 0.00473395
80 91.3051 -26.8593 3.31316 -0.13093 0.00148456
81 160.674 -69.7778 12.3644 -0.907902 0.0242783
82 98.5902 -27.6855 3.38073 -0.142089 0.00211895
83 105.983 -32.3848 4.23454 -0.20522 0.00377646
84 76.8999 -19.9092 2.29266 -0.0765169 0.000746347
85 96.6999 -27.9338 3.71811 -0.186017 0.00367794
86 59.5449 -12.9685 1.41637 -0.0380621 0.000378135
87 74.0002 -18.1933 2.21844 -0.0887607 0.00144429
88 94.7121 -30.5521 4.32061 -0.236056 0.00522143
89 103.67 -31.729 4.18031 -0.195767 0.00327125
90 78.1396 -16.756 1.37668 0.0105135 -0.00195876
91 103.424 -33.7504 4.89143 -0.281356 0.00642815
92 104.846 -32.1844 4.29867 -0.219192 0.00441859
93 101.307 -29.1638 3.67564 -0.166704 0.00281565
94 119.189 -36.0685 4.85814 -0.255865 0.00526691
