0 135.769 -38.9769 4.93714 -0.239151 0.00437846
1 109.029 -24.2912 2.29852 -0.0456815 -0.000563205
2 89.0767 -20.6416 2.1042 -0.0541251 0.000110972
3 120.768 -36.2576 4.86894 -0.257924 0.00539787
4 100.196 -19.6347 1.47456 0.0127774 -0.00193262
5 123.655 -32.9218 4.03437 -0.189812 0.00356692
6 159.413 -49.2855 6.53607 -0.344448 0.0068703
7 95.8739 -22.7503 2.56468 -0.0981344 0.00151856
8 24.5273 19.9886 -5.78172 0.574888 -0.0175078
9 75.9034 -7.59457 -0.402387 0.134655 -0.00484174
10 177.886 -55.1203 7.49168 -0.42338 0.00920386
11 113.733 -32.8726 4.45826 -0.244856 0.00553224
12 -141.707 92.8649 -17.8055 1.42095 -0.0388281
13 120.756 -34.0517 4.28372 -0.203786 0.0037494
14 150.092 -45.5611 6.20079 -0.342926 0.00739469
15 104.96 -25.6405 2.91496 -0.115071 0.00178903
16 175.797 -57.4145 8.19431 -0.479742 0.0106754
17 126.56 -33.958 4.06619 -0.176762 0.00283309
18 123.243 -36.9851 5.19586 -0.297693 0.00676014
19 128.252 -32.3418 3.69819 -0.143265 0.00168763
20 -233.894 139.728 -25.7808 1.98025 -0.052712
21 100.872 -21.9691 2.10515 -0.0425802 -0.000533655
22 132.803 -37.7593 4.8621 -0.246684 0.00494936
23 85.8685 -20.3418 2.09706 -0.0517183 -3.75142e-05
24 130.448 -39.6289 5.60716 -0.32802 0.0075807
25 69.9933 -8.30261 -0.0710972 0.0993711 -0.00368167
26 124.258 -33.3725 4.14912 -0.194393 0.00352721
27 152.227 -46.841 6.2874 -0.337987 0.00696755
28 88.3839 -15.9752 0.991984 0.0394874 -0.00256709
29 -231.372 139.28 -25.7769 1.99 -0.0532617
30 106.335 -28.3215 3.59428 -0.177536 0.00365425
31 92.7157 -18.1916 1.35978 0.015366 -0.00198032
32 45.5704 -14.0672 2.15774 -0.11355 0.00277351
33 48.4378 -5.10958 -0.270132 0.106058 -0.00380929
34 70.2091 -27.8092 4.57984 -0.283602 0.00689921
35 37.571 -7.49638 0.642974 0.0255983 -0.00159025
36 36.9714 -8.64907 1.03794 -0.0204041 -7.0084e-06
37 54.3457 -15.9113 2.22648 -0.105345 0.00223805
38 35.2281 -8.50452 1.07804 -0.0277827 0.00039159
39 69.361 -21.5464 3.17771 -0.174886 0.00403018
40 38.4701 -12.0533 1.79926 -0.0846546 0.00189225
41 17.2636 0.790803 -0.699188 0.11612 -0.003679
42 35.0507 -3.40224 -0.411498 0.124858 -0.00468998
43 38.0346 -10.6394 1.5609 -0.0692745 0.00155708
44 56.1027 -11.6343 0.973712 0.0137624 -0.00145188
45 73.9327 -25.2476 3.73187 -0.200121 0.0042658
46 63.7242 -17.6262 2.08782 -0.0683691 0.000703908
47 40.8716 -8.09036 0.767566 0.00606584 -0.000806697
48 54.9146 -21.2195 3.58998 -0.221397 0.00543137
49 33.4523 -4.32323 0.0817564 0.0569926 -0.00212892
50 12.8015 2.55494 -1.02215 0.141256 -0.00449723
51 43.0318 -11.7328 1.44074 -0.0370668 8.62166e-05
52 113.839 -41.27 6.41705 -0.398378 0.00943057
53 79.6165 -23.6334 3.29484 -0.16408 0.00319579
54 72.7354 -26.1097 4.19826 -0.257299 0.00619499
55 53.5394 -9.66998 0.836048 0.00408171 -0.000596792
56 69.0909 -19.2827 2.4639 -0.100614 0.00149677
57 39.5792 -8.20331 0.941355 -0.0239513 0.00049586
58 57.0347 -16.5807 2.26767 -0.103252 0.00208568
59 63.4201 -19.1512 2.61634 -0.116231 0.00182967
60 55.0179 -19.5888 3.27682 -0.210753 0.00572358
61 62.3503 -19.1438 2.68946 -0.130964 0.00268922
62 16.1003 1.53808 -0.773701 0.114282 -0.00346699
63 66.5468 -20.5218 3.19403 -0.195833 0.00508616
64 155.837 -52.1465 7.67322 -0.460985 0.0104942
65 134.863 -41.094 5.55391 -0.292861 0.00591614
66 -6.27151 24.1623 -5.55632 0.506212 -0.01452
67 88.6357 -20.8702 2.34438 -0.0816643 0.00100876
68 134.125 -42.7562 6.10063 -0.344088 0.00726958
69 90.3243 -28.4077 4.10307 -0.228052 0.00511673
70 133.185 -41.9986 6.10871 -0.362117 0.0083293
71 151.652 -56.7856 8.89596 -0.559813 0.0131306
72 8.58158 19.7401 -4.96864 0.472804 -0.0138047
73 151.655 -50.8277 7.57994 -0.464066 0.0108685
74 79.8062 -20.6856 2.59881 -0.113984 0.0021023
75 40.9787 7.57931 -3.34012 0.393868 -0.0130007
76 137.17 -46.9038 7.09031 -0.43633 0.0103762
77 87.5352 -21.0509 2.44333 -0.0941422 0.00151923
78 187.415 -68.2831 10.6849 -0.697858 0.017241
79 127.171 -44.0938 6.66045 -0.404118 0.00934303
80 91.3974 -24.7411 3.14358 -0.143346 0.00261205
81 -67.2418 58.1919 -11.9271 0.997442 -0.0278018
82 150.447 -56.2509 9.03946 -0.601779 0.015103
83 143.862 -48.076 7.06531 -0.419057 0.00949496
84 119.68 -39.6401 5.91206 -0.353375 0.0082152
85 145.204 -51.8553 8.21546 -0.537879 0.0134408
86 126.851 -38.5491 5.18315 -0.264104 0.00508726
87 136.617 -49.2007 7.85117 -0.513999 0.0128172
88 124.525 -41.8718 6.29229 -0.378927 0.00876038
89 115.83 -36.4271 5.24786 -0.29796 0.0066253
90 136.116 -47.4218 7.14063 -0.426534 0.0096226
91 154.77 -54.2078 8.27122 -0.508709 0.0116883
92 126.61 -41.1213 5.89732 -0.330965 0.00708833
93 133.512 -43.9597 6.47541 -0.383424 0.00876297
94 133.509 -45.7562 6.96661 -0.429037 0.0101103
