0 38.7794 14.877 -4.59976 0.459492 -0.0136221
1 177.248 -54.7184 7.45093 -0.403319 0.00821092
2 144.805 -40.0374 5.17454 -0.263553 0.00530476
3 230.675 -80.8956 12.4286 -0.807147 0.0196521
4 214.289 -76.7598 11.7484 -0.75115 0.0180031
5 208.494 -69.2567 10.3096 -0.646196 0.015343
6 174.502 -56.2444 8.14878 -0.487426 0.011097
7 231.734 -84.5205 13.3985 -0.901898 0.0226653
8 201.523 -66.9967 9.834 -0.600093 0.0138594
9 213.938 -71.8587 10.6902 -0.665638 0.0156473
10 159.268 -48.3775 6.70356 -0.379326 0.00825459
11 227.136 -79.0892 12.0523 -0.774314 0.0185654
12 192.587 -64.6944 9.53837 -0.582034 0.0132789
13 199.103 -68.6911 10.3599 -0.65163 0.0154738
14 191.273 -58.7788 8.00443 -0.439767 0.00902925
15 174.388 -53.1249 7.51439 -0.442914 0.0100648
16 179.677 -60.7979 8.9016 -0.530585 0.0118082
17 195.092 -65.5258 9.72952 -0.605817 0.0142715
18 215.616 -74.3267 11.1323 -0.699596 0.0164871
19 185.366 -61.3007 8.91168 -0.532139 0.0119494
20 172.439 -57.6514 8.54945 -0.525059 0.0122443
21 199.719 -66.725 9.93159 -0.621959 0.0147489
22 181.065 -59.7158 8.86285 -0.553407 0.0132619
23 197.713 -66.1541 9.87772 -0.624 0.0150812
24 231.596 -77.343 11.586 -0.744818 0.0180938
25 177.26 -59.2449 8.83837 -0.547551 0.0128313
26 179.646 -55.5012 7.5551 -0.411945 0.00836674
27 197.801 -63.168 9.12326 -0.55031 0.0125743
28 190.828 -61.2336 8.81667 -0.531189 0.0122161
29 62.1848 7.29349 -3.67312 0.412183 -0.0128335
30 190.918 -59.4626 8.44036 -0.50302 0.0115668
31 239.075 -85.4116 13.117 -0.845749 0.0202496
32 154.955 -57.4994 8.9757 -0.56766 0.0134869
33 145.591 -55.9901 9.08904 -0.601343 0.0148792
34 142.316 -51.0024 7.92114 -0.500575 0.0120925
35 166.382 -60.2785 9.25204 -0.578138 0.0135525
36 138.372 -48.5916 7.28662 -0.435785 0.00991592
37 175.206 -67.5253 10.9732 -0.739388 0.0185613
38 191.569 -74.2842 11.8775 -0.771196 0.0183746
39 90.7925 -28.8837 4.18687 -0.230108 0.00503881
40 166.689 -61.4424 9.73692 -0.634428 0.0155106
41 146.681 -54.3072 8.52067 -0.539422 0.012729
42 104.244 -33.9782 4.74464 -0.23865 0.00434452
43 171.008 -61.2532 9.55341 -0.617245 0.0150109
44 171.655 -60.8736 9.27808 -0.581853 0.0137552
45 135.125 -47.6383 7.24403 -0.437541 0.00995431
46 160.353 -57.3152 8.61468 -0.519805 0.0117186
47 124.879 -45.2561 6.93937 -0.422436 0.0098171
48 133.023 -48.4582 7.60376 -0.480194 0.0115012
49 137.469 -43.5536 6.25507 -0.361068 0.00809001
50 169.131 -61.6932 9.64362 -0.61861 0.0148105
51 43.8323 2.9518 -1.76097 0.213446 -0.00656481
52 153.481 -59.9401 9.60008 -0.621045 0.0149297
53 123.999 -43.7293 6.57914 -0.38801 0.00861638
54 115.984 -38.7752 5.66948 -0.318151 0.00671176
55 150.327 -55.3927 8.56675 -0.531724 0.0123039
56 102.865 -32.8874 4.79482 -0.271418 0.00601621
57 120.185 -38.5113 5.4201 -0.293468 0.0061748
58 114.137 -33.587 4.49328 -0.22079 0.00393154
59 131.521 -46.8486 7.15153 -0.430202 0.00970665
60 107.669 -33.7343 4.75515 -0.2544 0.00526224
61 120.969 -40.5405 5.84809 -0.320087 0.00653539
62 144.359 -53.176 8.42881 -0.54689 0.0134161
63 163.602 -52.9796 7.69944 -0.456055 0.0102565
64 189.123 -70.472 10.9709 -0.705494 0.0169742
65 152.431 -49.9049 7.03222 -0.401854 0.00886063
66 169.166 -58.9807 8.98251 -0.567228 0.0136378
67 161.998 -57.9661 8.7616 -0.534417 0.0121767
68 165.294 -60.7593 9.5152 -0.615845 0.0149928
69 158.604 -51.8238 7.56845 -0.459752 0.0107053
70 153.347 -50.6569 7.30485 -0.427804 0.00965721
71 195.057 -65.3231 9.54125 -0.57976 0.0133499
72 182.334 -65.8177 10.216 -0.655098 0.0157146
73 153.661 -45.0654 5.96079 -0.313994 0.00633628
74 -5.53234 35.2997 -8.56579 0.786266 -0.0231778
75 165.152 -62.1375 9.90874 -0.649442 0.0159144
76 176.164 -57.8575 8.4846 -0.51238 0.0116862
77 151.822 -46.3218 6.31569 -0.341257 0.00705036
78 157.557 -52.4997 7.75832 -0.473278 0.0109962
79 198.11 -70.9389 10.8619 -0.692459 0.0165477
80 158.293 -52.0978 7.64216 -0.460257 0.0105339
81 164.526 -54.4061 7.87996 -0.465437 0.010408
82 160.784 -53.0523 7.69974 -0.453688 0.0101566
83 148.666 -46.8546 6.41592 -0.3451 0.00695569
84 -268.291 160.462 -29.8463 2.28026 -0.059902
85 153.882 -50.4627 7.34255 -0.435806 0.00986795
86 115.103 -35.6126 5.00386 -0.273937 0.00580608
87 108.711 -25.7632 2.88596 -0.107221 0.00148769
88 129.83 -39.4457 5.44402 -0.295229 0.00618571
89 160.068 -51.6459 7.33199 -0.418359 0.00901797
90 153.204 -53.7366 8.29691 -0.525648 0.0126635
91 159.74 -49.0638 6.58202 -0.343374 0.00670347
92 121.089 -33.2861 4.28513 -0.208958 0.00398559
93 154.522 -49.8629 7.05027 -0.400119 0.00864282
94 164.476 -53.793 7.9455 -0.488154 0.0115381
