0 220242 -26472 721.207 0.19118 0
1 81.8469 -12.5266 0.651923 0 0
2 63.0878 -6.39184 0.0691669 0.00638378 0
3 1.07643e+07 -1.38672e+06 43231.4 0.321687 0
4 155154 -20065.1 582.053 0.0388578 0
5 904.917 -114.735 3.56898 0 0
6 1235.32 -180.621 6.38545 0.000666134 0
7 1524.14 -185.196 5.52591 0.000166533 0
8 3.38127e+06 -394994 10768.8 0.134392 0
9 26768.8 -3239.42 91.6207 0.000777156 0
10 166.961 -36.3512 1.87644 0.000111022 0
11 181462 -19970.5 505.025 0.000333067 0
12 -9.67163 1.16272 0.00366374 0 0
13 7176.53 -774.514 20.2395 0.0441314 0
14 2.60363e+06 -345173 10754.8 0.0146549 0
15 548156 -57924 357.726 60.9005 0
16 2412.81 -279.943 8.70937 0.00327516 0
17 15.3023 -2.39658 0.171196 0 0
18 2326.54 -324.893 10.2909 0.0365263 0
19 3210.59 -357.211 10.3731 0.00166533 0
20 628.151 -62.1445 0.643541 0.0450195 0
21 4362.14 -569.099 16.9105 0.00283107 0
22 677.718 -83.7317 2.57483 0.00244249 0
23 63.4813 -8.42906 0.286049 0.000777156 0
24 318.99 -41.1362 1.33521 0.000444089 0
25 439.458 -55.5237 1.43674 0.0123235 0
26 6612.45 -898.074 30.4714 5.55112e-05 0
27 6.24723e+06 -777948 22887.5 0.198452 0
28 8879.92 -1215.49 41.424 0.00122125 0
29 1498.73 -178.329 4.78417 0.0869305 0
30 1964.73 -242.777 6.37362 0.0449085 0
31 408.586 -49.6298 1.33915 0.004996 0
32 1542.65 -173.806 4.09733 0.0319189 0
33 134.334 -6.33737 0 0.000388578 0
34 3519.22 -369.458 9.7517 5.55112e-05 0
35 10.9862 -0.92048 0.054512 0 0
36 391272 -44720 991.837 11.8837 0
37 12928.7 -1679.28 53.7611 0.0150435 0
38 569.139 -77.9695 2.67125 0.00127676 0
39 1.0301e+06 -117155 3140.8 0.0887068 0
40 3274.14 -406.22 11.6172 0.0213163 0
41 -9.11836 1.36335 0.00605072 0 0
42 5292.9 -725.485 21.5579 0.267175 0
43 37.2292 -4.17507 0.152711 0 0
44 223.047 -27.1162 0.752176 0.00571765 0
45 -7.66883 1.01572 0 0 0
46 3.14218e+06 -412764 13422 0.0130451 0
47 344.929 -40.3047 1.12632 0.000166533 0
48 -10.5485 1.37936 5.55112e-05 0 0
49 257242 -31257.6 869.537 0.0281997 0
50 14940.7 -1925.65 57.3856 0.00338618 0
51 546.187 -74.1192 2.4753 5.55112e-05 0
52 41.7225 -3.37649 0.0341949 0.00505151 0
53 5715.94 -754.233 24.8909 0 0
54 40267.2 -5118.66 154.39 0.000555112 0
55 -16.716 1.7265 0.00344169 0 0
56 3027.78 -425.541 14.125 0.0527911 0
57 387.628 -52.9288 1.87306 0 0
58 1808.93 -244.799 7.9573 0.000777156 0
59 2479.68 -341.156 11.5234 0.00799361 0
60 52.5211 -5.57017 0.159317 0.000610623 0
61 -6.08694 1.07598 0.000111022 0 0
62 -76.2166 4.75834 0.140832 0 0
63 1951.46 -261.452 8.16947 0.000832667 0
64 1742.04 -173.971 3.9071 0.0190403 0
65 779.939 -99.5948 3.01686 0 0
66 4.57814 0.150888 0.019984 0 0
67 422123 -48815.4 630.699 42.301 0
68 835.18 -109.682 3.6201 0 0
69 2665.92 -337.134 10.2215 0 0
70 3520.61 -427.811 12.4593 0.00166533 0
71 51.0359 -5.11021 0.0691669 0.0034972 0
72 0.0372127 0.882187 0 0 0
73 290604 -35501.9 916.096 7.1424 0
74 4.2471 0.14707 0.0288658 0 0
75 358.634 -52.9541 1.83731 0.000610623 0
76 510.882 -61.2782 0.851874 0.0828226 0
77 435.58 -61.3637 2.14256 0.000111022 0
78 12641.5 -1833.52 60.8205 0.017486 0
79 6935.2 -880.924 25.6855 0.0152656 0
80 758.712 -104.408 3.6503 0.000222045 0
81 2552.48 -325.245 9.70668 0.0194289 0
82 1133.28 -158.278 5.40479 0.000277556 0
83 327424 -39877.5 677.997 26.348 0
84 21.0171 -0.714627 0.0094369 0.000222045 0
85 7.9534 -2.75719 0.209777 0 0
86 187.115 -21.4998 0.56638 0 0
87 75.3477 -11.6035 0.388245 0.00505151 0
88 8462.7 -1120.22 36.4746 0.00366374 0
89 4.58311e+06 -536016 15133 0.0461853 0
90 2124.22 -251.549 7.20768 0 0
91 2.28526 0.356809 0.0245359 0 0
92 6833.65 -721.706 18.6213 0.000166533 0
93 509608 -53072.4 323.881 56.4141 0
94 1105.91 -154.591 5.26146 0.000222045 0
