0 4062.93 -513.255 13.7589 0.00716094 0
1 252864 -35682.5 1149.99 0.0370814 0
2 301.19 -41.6194 1.34215 0.00160982 0
3 816.66 -102.85 2.74059 0.00338618 0
4 481.212 -62.5554 1.78096 0 0
5 2616.31 -335.28 7.21972 0.131561 0
6 1319.02 -130.241 2.71316 0.012268 0
7 47.8975 -6.29489 0.122902 0.00421885 0
8 10.0699 -0.466723 0.0245914 5.55112e-05 0
9 576.392 -77.1827 2.34657 0.00133227 0
10 203.858 -24.0332 0.860922 0.00305311 0
11 5103.06 -635.483 15.8427 0.00255351 0
12 1186.1 -157.539 4.27547 0.0388023 0
13 880.395 -115.218 3.50214 0.000777156 0
14 39.5286 -5.97311 0.263067 0 0
15 2732.84 -363.122 9.40126 0.0806577 0
16 2522.42 -322.863 7.85716 0.0573985 0
17 21604.1 -2903.46 82.1597 0.00516254 0
18 1.74297 -1.09555 0.0974776 0.00355271 0
19 -0.821984 0.615539 0 0 0
20 858.918 -111.946 3.16325 0.000610623 0
21 20844.8 -2682.26 74.389 0.0102696 0
22 -1.48681 0.687921 0 0 0
23 351304 -40480.1 396.753 35.3693 0
24 198.412 -25.9599 0.622113 0.0116573 0
25 1591.23 -229.905 7.68319 0.000111022 0
26 1216.43 -162.108 3.40988 0.146494 0
27 26.477 -3.47801 0.143885 0.000111022 0
28 554.064 -82.206 3.08975 5.55112e-05 0
29 551647 -81050.1 2662.2 0.162426 0
30 59.2962 -8.21678 0.292599 0 0
31 1321.77 -186.506 5.85554 0.0270339 0
32 209.559 -38.4431 1.88793 5.55112e-05 0
33 410.888 -56.5521 1.62681 0.0106026 0
34 551722 -62394.8 93.3442 94.5499 0
35 10299 -1322.12 27.6614 0.571654 0
36 1568.72 -230.117 7.83007 0.000444089 0
37 1091.64 -138.174 3.81595 0.00954792 0
38 201.701 -28.2176 0.990485 0.000832667 0
39 194.314 -26.0651 0.852707 0 0
40 46.9365 -6.12697 0.174194 0.00122125 0
41 6.80036 -0.848647 0.057121 0 0
42 35.638 -5.15408 0.194733 0 0
43 626.802 -79.0416 2.24099 0.000166533 0
44 440.722 -59.5542 1.84297 5.55112e-05 0
45 545.429 -79.6418 2.60297 0.00272005 0
46 223.664 -26.6486 0.368261 0.0190958 0
47 85.3879 -10.4631 0.263845 0.00105471 0
48 50.1478 -7.12827 0.273226 0.000999201 0
49 7.37276e+06 -952512 27049.9 0.155653 0
50 1795.93 -257.413 8.95017 0.000111022 0
51 70.5304 -7.70083 0.0762168 0.00965894 0
52 176318 -23824.6 701.983 0.0613398 0
53 -6.30474 0.852163 0 0 0
54 131.941 -19.1678 0.672129 0.000111022 0
55 518.146 -71.2382 1.93923 0.0213718 0
56 167.67 -22.9317 0.806133 0.000777156 0
57 8.26105 -0.157885 0.024758 5.55112e-05 0
58 23824.7 -3030.34 84.2394 0.00166533 0
59 834.406 -117.925 3.68988 0.000888178 0
60 2.83997e+06 -318719 4151.96 192.624 0
61 10.4852 -1.29389 0.0439648 0.00166533 0
62 131.919 -19.082 0.657752 0.000777156 0
63 1695.51 -190.028 2.22317 0.168199 0
