0 66635 -9236.89 301.226 0.407785 0
1 5084.2 -703.107 23.9679 0.00460743 0
2 206871 -19906 478.989 0.00255351 0
3 14580.7 -1978.6 63.7024 5.55112e-05 0
4 613.175 -85.5071 2.88064 0.00277556 0
5 418.429 -52.523 1.69165 5.55112e-05 0
6 1.15723e+07 -1.22991e+06 77.806 1917.03 0
7 1480.33 -183.893 4.22196 0.0715539 0
8 39698.1 -4945.78 145.758 0.000333067 0
9 396490 -43617 408.479 43.6166 0
10 1305.04 -167.313 4.81959 0.0108247 0
11 53.3877 -5.01631 0.10919 0.00366374 0
12 98.5143 -12.1793 0.4024 5.55112e-05 0
13 263658 -26128.3 83.6674 28.3491 0
14 1047.27 -142.802 4.74037 0 0
15 6054.86 -945.449 30.8524 0.0466849 0
16 8612.23 -1080.3 32.0641 0.0089373 0
17 585.983 -70.0462 2.07828 0.000610623 0
18 773243 -97217.2 2773.97 0.0472955 0
19 526498 -57698.6 552.018 50.0177 0
20 10874.8 -1479.28 48.6792 0.000888178 0
21 551.648 -121.183 4.09028 0.0298095 0
22 740.593 -147.313 6.7984 0.000111022 0
23 67.8569 -8.58089 0.326017 0 0
24 452164 -52599 531.6 52.0877 0
25 231532 -28787.7 616.212 14.8757 0
26 3392.39 -495.934 17.4662 0.000166533 0
27 336978 -37502.3 529.179 25.1272 0
28 1062.8 -129.634 3.14632 0.0676681 0
29 174075 -20527.3 562.879 0.0534017 0
30 6291.64 -868.029 28.9288 0.0663358 0
31 4.90943 0.548938 0 0 0
32 924158 -118329 3463.65 0.441591 0
33 864.228 -117.662 3.86507 5.55112e-05 0
34 3273.4 -312.33 1.63414 0.267897 0
35 62.0359 -5.56835 0.13517 0.00105471 0
36 49.4083 -5.31351 0.202782 0.000222045 0
37 37.3861 -4.23746 0.154099 0.000277556 0
38 2058.33 -274.863 8.64248 0.00255351 0
39 495550 -52363.3 301.956 55.4472 0
40 1.26228e+06 -126167 301.237 143.518 0
41 935.517 -120.006 3.33233 0.022593 0
42 166.969 -20.119 0.611899 5.55112e-05 0
43 16.3793 -5.24859 0.4029 0 0
44 402510 -46867.3 1263.4 0.00344169 0
45 2410.09 -328.918 10.6517 0.00266454 0
46 -1.75923 0.848495 5.55112e-05 0 0
47 1.1638e+07 -1.12921e+06 24108.3 21.5238 0
48 370578 -43750.9 877.34 19.7743 0
49 1.3849e+06 -133632 2978.82 0.00344169 0
50 29.1518 -1.23564 0.0503486 0 0
51 4.26469 0.573373 0 0 0
52 1088.42 -133.907 3.94718 0.00555112 0
53 63.8049 -6.65669 0.20145 0.000111022 0
54 407827 -46924.8 1140.63 8.31624 0
55 4218.02 -490.264 13.5258 0.0103806 0
56 765.388 -106.97 3.34982 0.0202616 0
57 9.48576e+06 -1.16884e+06 33587.1 0.624667 0
58 3439.31 -450.914 14.6079 0.00122125 0
59 1157.06 -143.713 4.08756 0.00377476 0
60 15155.1 -1936.1 57.1161 0.0989764 0
61 336.769 -38.9372 0.953237 0.000777156 0
62 1.59531 0.702209 0.00227596 0 0
63 4.09316 0.620549 0.00094369 0 0
64 1955.52 -266.375 8.15131 0.0244804 0
65 158066 -19758.9 576.05 0.0833222 0
66 895.054 -118.572 3.73945 0.000111022 0
67 6.63606e+06 -820762 23708.6 0.142719 0
68 116.698 -13.5456 0.436262 0 0
69 1346.39 -180.442 5.64387 0.00965894 0
70 17538.4 -2310.04 71.6616 0 0
71 4062.26 -563.383 19.002 0 0
72 108.113 -13.0624 0.395961 0.00122125 0
73 762.911 -110.013 4.04327 0.00172085 0
74 281.108 -34.65 1.04744 0.000610623 0
75 2663.13 -370.131 11.8603 0.00133227 0
76 81.1381 -9.55864 0.315192 0 0
77 165.831 -20.2627 0.735523 5.55112e-05 0
78 355994 -41809.9 815.264 21.1779 0
79 296.523 -35.5181 1.06426 5.55112e-05 0
80 7.62184 0.505121 0.000111022 0.000166533 0
81 140.634 -17.5144 0.524469 0.000777156 0
82 971.15 -124.423 3.6316 0.00655032 0
83 61.2016 -6.10796 0.174416 0.000166533 0
84 1531.53 -246.165 9.60071 0 0
85 2036.4 -261.157 8.13333 0.00238698 0
86 281220 -28104 9.89203 37.6085 0
87 1663.66 -232.545 7.68946 0.00466294 0
88 306670 -39275.1 926.05 18.3905 0
89 0.338765 0.789984 0 0 0
90 114.33 -14.4531 0.486111 0.000444089 0
91 31.5155 -3.49629 0.127121 0.000111022 0
92 3563.46 -536.067 19.259 0.0173195 0
93 2604.48 -358.484 11.3815 0.0169864 0
94 1.06494e+06 -159513 5581.11 0 0
