0 -7.38986 0.949658 0.00216493 0 0
1 483.982 -53.9599 1.27492 0.00732747 0
2 3445.29 -446.344 14.0317 5.55112e-05 0
3 366511 -41941.4 554.007 35.5975 0
4 1081.46 -115.703 3.23436 0.000166533 0
5 23125.9 -2877.17 84.6195 0.0625056 0
6 53.8978 -7.97854 0.332012 0 0
7 2374.35 -278.109 7.20196 0.0240363 0
8 18.666 -2.01007 0.044742 0.00255351 0
9 3504.49 -511.096 17.939 0.0433542 0
10 154899 -20951.2 663.055 0.0310307 0
11 8411.87 -1017.27 31.5525 0.000277556 0
12 79.0621 -12.1275 0.547506 5.55112e-05 0
13 1148.35 -157.196 4.70468 0.0457967 0
14 543849 -59129.1 242.804 76.4782 0
15 388.265 -42.2211 0.582756 0.0292544 0
16 416351 -47247.5 948.51 18.8688 0
17 6.54499e+06 -822327 23832.4 0.0565104 0
18 4686.34 -663.654 23.5071 0 0
19 318227 -38280.6 935.566 10.3741 0
20 -7.70426 1.02471 0.00155431 5.55112e-05 0
21 542.607 -65.9429 2.14534 0.00094369 0
22 83.0491 -11.0895 0.360267 0.000166533 0
23 15316.6 -2069.96 66.634 0.0578981 0
24 334.146 -39.9945 1.31417 0.000333067 0
25 111.974 -9.59585 0.186851 0.000277556 0
26 1359.92 -161.585 4.68231 0.000666134 0
27 2546 -347.23 11.5329 0.00455191 0
28 338.222 -47.8516 1.7073 0.000555112 0
29 -8.78079 1.11632 0.000388578 0 0
30 62946.3 -8521.35 273.979 0.569655 0
31 -12.7383 1.27605 0 0 0
32 7.0368 -1.25387 0.0965894 0.000111022 0
33 6264.43 -887.941 30.8735 0.0144884 0
34 124.492 -14.7133 0.331568 0.00693889 0
35 -4.99851 0.991972 0 0 0
36 128.808 -14.9167 0.424827 0.00122125 0
37 692.003 -61.7175 0.00621725 0.0640044 0
38 1601.73 -210.463 5.68184 0.0563993 0
39 2445.26 -324.604 10.3392 0.00510703 0
40 8834.67 -1179.51 39.561 0 0
41 374.663 -47.051 1.47454 0.00333067 0
42 7.50737e+06 -906477 21454.3 114.102 0
43 2544.53 -355.34 11.1559 0 0
44 14285 -1706.25 45.4985 0.192235 0
45 118.683 -15.7892 0.554001 0 0
46 4.17065 -1.1614 0.149714 0 0
47 543298 -58474.3 223.548 73.4758 0
48 252936 -27271.4 212.871 28.7748 0
49 417.505 -60.3455 1.98841 0.0106026 0
50 1985.46 -288.365 9.95265 0.00471845 0
51 310384 -40527.3 1185.97 5.41722 0
52 3927.83 -620.124 20.6382 0.00138778 0
53 -7.67865 1.09474 0 0 0
54 973.013 -123.208 3.57453 0.0173195 0
55 295023 -34885.6 935.522 0.129841 0
56 14685.5 -1941.27 58.6043 0.10808 0
57 613442 -66563 107.447 101.083 0
58 1519.92 -206.517 6.43324 0.0218159 0
59 1743.64 -229.247 7.06396 0 0
60 437.97 -55.4067 1.67549 0.00160982 0
61 1138.29 -137.354 4.04821 0.000111022 0
62 409873 -45694.5 1011.14 9.76891 0
63 403.658 -58.031 2.10448 0.000222045 0
64 -18.7974 1.68859 0.00777156 0.000166533 0
65 -15.7639 1.53794 0.00216493 5.55112e-05 0
66 316.644 -39.2789 1.17051 0.00210942 0
67 0.803174 0.0369783 0.0300315 0 0
68 956.013 -93.0136 1.3467 0.0615064 0
69 3.51979e+06 -437562 12594.4 0.316247 0
70 599.366 -68.1259 0.934586 0.04724 0
71 1.74559e+06 -224575 6522.56 2.85189 0
72 2860.67 -409.766 14.3603 0 0
73 3546.71 -420.354 11.1598 0.00793809 0
74 452.093 -43.6824 0.915934 0.0268674 0
75 69.1794 -10.4648 0.35888 5.55112e-05 0
76 294.607 -39.3298 1.29491 0.000777156 0
77 21.2738 -2.2259 0.123235 0 0
78 368410 -44719 1206.42 3.88162 0
79 1.81195 -0.295532 0.0453526 0 0
80 9.38503 -1.94362 0.107192 5.55112e-05 0
81 -11.625 1.35204 0 0 0
82 6995.13 -846.734 22.8764 0.0709988 0
83 -10.6328 1.1652 0.000610623 0 0
84 199.546 -24.1442 0.690614 0.000166533 0
85 19.9147 -1.56796 0.00288658 0.00266454 0
86 10860.2 -1010.69 16.2562 0.305256 0
87 286.861 -27.1117 0.00371925 0.030087 0
88 252636 -30695.1 846.114 0.21283 0
89 307887 -41694.4 1275.56 0.0973666 0
90 1479.02 -178.231 4.85156 0 0
91 12.153 -1.26907 0.0588418 5.55112e-05 0
92 25.5812 -2.49814 0.0452416 0.00233147 0
93 148130 -18827 538.505 0.0158207 0
94 2426.78 -311.928 8.22498 0.107192 0
