0 193.385 -22.4751 0.202616 0.0268674 0
1 4152.07 -615.199 22.0214 0 0
2 408613 -45494.8 277.637 56.5466 0
3 328.533 -30.3895 0.327682 0.0168199 0
4 9.09192e+08 -7.76498e+07 12442.3 61042.4 0
5 337.869 -42.2066 1.19865 0.000166533 0
6 17.5777 -2.89784 0.137779 0.00305311 0
7 491.532 -68.5095 2.28223 0.000277556 0
8 3960.43 -501.482 14.9923 0 0
9 2754.84 -373.547 12.5097 0.000333067 0
10 33.9465 -4.64623 0.1808 0 0
11 90.9906 -10.9393 0.15532 0.0129341 0
12 277.312 -38.7998 1.24084 0.000555112 0
13 3690.41 -454.593 13.2766 0.000111022 0
14 390.938 -58.4587 2.14395 0.00127676 0
15 284045 -37604.2 1185.3 1.63847 0
16 3866.61 -681.238 22.1736 0.211109 0
17 2.379 -0.274985 0.00743849 0.00116573 0
18 2070.23 -286.122 9.07668 0.0137668 0
19 28.4313 -3.44974 0.13034 0 0
20 32.1085 -3.54217 0.141609 5.55112e-05 0
21 6.63953e+06 -895234 26937.4 0.59952 0
22 4568.04 -512.046 12.9159 0.0288103 0
23 -7.21689 0.924872 5.55112e-05 0 0
24 187.367 -27.9393 0.999034 0.00094369 0
25 5190.43 -806.321 29.5991 0.00638378 0
26 860.214 -120.05 4.08718 0.000999201 0
27 938.071 -138.579 5.03891 0.00133227 0
28 2035.5 -297.063 10.1286 0.0633382 0
29 369098 -46887.3 1068.58 21.3343 0
30 1002.34 -147.62 5.13156 0 0
31 3.58894e+06 -421146 7989.59 171.532 0
32 725.438 -105.212 3.42409 0.0236478 0
33 -34.3407 2.54838 0.00982547 5.55112e-05 0
34 5161.13 -702.026 22.7176 0.0195954 0
35 783.666 -83.0766 1.73778 0.0276446 0
36 456340 -47153.5 453.492 39.3064 0
37 398880 -41404.6 603.736 21.1114 0
38 241.637 -31.4569 1.08885 5.55112e-05 0
39 29212.8 -3834.62 118.674 0.123512 0
40 1270.79 -147.097 4.34924 0 0
41 10.5401 -2.07485 0.124623 0.000277556 0
42 4863.33 -703.319 25.2732 0.00210942 0
43 504.497 -54.3469 0.436262 0.05973 0
44 370.627 -49.0902 1.57802 0.000333067 0
45 285657 -30200 673.526 5.4437 0
46 358604 -43624.4 939.546 18.737 0
47 3845.99 -531.575 18.4034 0 0
48 3499.82 -386.116 10.5799 0.019984 0
49 4.22355e+06 -450620 96.0579 589.832 0
50 571267 -60026.8 144.991 84.062 0
51 3507.78 -456.157 13.9374 0.0129341 0
52 214.407 -25.437 0.721478 0.00116573 0
53 6631.45 -943.754 32.9742 0.0102696 0
54 -14.8643 1.62468 0.000444089 0 0
55 819.213 -100.329 2.84855 0.00244249 0
56 87.4294 -10.2487 0.319189 0.000832667 0
57 1881.8 -287.093 10.7768 0.000610623 0
58 296.716 -28.118 0.383471 0.00949241 0
59 1707.99 -241.333 7.41479 0.00505151 0
60 2534.09 -308.891 9.15329 0.000333067 0
61 2.04046e+06 -224021 3660.12 82.394 0
62 6443.12 -998.695 38.4762 0.00133227 0
63 1546.89 -192.018 5.00822 0.064504 0
64 244.561 -34.874 1.35086 0 0
65 7254.98 -1022.98 34.437 0.0195954 0
66 1.79409 0.827843 0 0 0
67 762.645 -102.473 3.42765 0.00155431 0
68 2959.22 -424.915 13.8117 0.0633382 0
69 46.2619 -3.41409 0.124456 5.55112e-05 0
70 2.85784 0.72148 0.000166533 0 0
71 199.694 -25.4785 0.673184 0.0089373 0
72 408703 -42483.7 1030.62 0.0111022 0
73 1723.5 -228.95 7.07856 0.00432987 0
74 703.558 -83.3924 2.2673 0.00116573 0
75 390.724 -68.9364 2.1293 0.0485167 0
76 2.97116 0.805328 0.0014988 0 0
77 55.5407 -6.63701 0.264677 5.55112e-05 0
78 392920 -46124.7 328.95 55.8659 0
79 948.034 -164.931 5.87314 0.0709988 0
80 3048.04 -408.584 12.7635 0.000111022 0
81 91.3593 -11.6787 0.474343 0 0
82 839.772 -122.768 4.46337 0.000166533 0
83 6357.48 -853.323 26.8727 0 0
84 323.802 -29.6981 0.671463 0.00160982 0
85 9891.7 -1176.11 32.5102 0.0756062 0
86 199524 -23707.1 660.174 0.00555112 0
87 25.5108 -2.00417 0.0756617 0.000166533 0
88 0.522391 0.835654 0 0 0
89 384.355 -44.4657 0.544342 0.0343614 0
90 472.73 -75.2691 2.43078 5.55112e-05 0
91 10061.1 -1241.32 36.3737 0 0
92 14.8924 -0.62055 0.0537348 0.000166533 0
93 1631.58 -208.673 6.48737 0.000111022 0
94 510.323 -52.5041 1.46266 0.000111022 0
95 0 0 0 0 0
