0 197.447 -33.6991 1.28064 0.0039968 0
1 7756.78 -1072.57 34.8513 0.14394 0
2 1244.35 -151.617 4.21607 0.0524025 0
3 19.3857 -1.20176 0.0442979 0.000222045 0
4 110.103 -12.1896 0.352995 5.55112e-05 0
5 1.67511e+06 -182845 4491.73 0.0113243 0
6 523323 -57274.1 715.272 40.3375 0
7 233.227 -22.5811 0.00760503 0.0239808 0
8 321.069 -27.7858 0.786204 5.55112e-05 0
9 3744.96 -490.856 15.5266 0.00133227 0
10 388.633 -47.8118 0.71898 0.029865 0
11 4312.33 -552.941 17.0245 0 0
12 106.947 -16.4073 0.650147 0 0
13 699.021 -78.6937 1.9007 0.0410783 0
14 9.83229 -2.62638 0.149825 0.000777156 0
15 39.1411 -3.4328 0.0111577 0.00383027 0
16 17510.1 -1879.23 45.1411 0.00888178 0
17 3430.78 -433.849 12.1174 0.00760503 0
18 -6.43712 0.957918 0.00388578 5.55112e-05 0
19 482.217 -63.1976 2.01994 0.000277556 0
20 116.543 -15.329 0.537903 0.000166533 0
21 3615.77 -504.041 15.4315 0.0642819 0
22 405050 -43842.8 420.98 42.118 0
23 231689 -29782.4 896.49 0.148104 0
24 967.604 -118.235 3.28776 0.00127676 0
25 711.917 -82.2362 1.2943 0.0592304 0
26 1.62274e+07 -1.49371e+06 0.425604 1668.38 0
27 6.79095e+06 -871545 25405.9 0.303035 0
28 365.949 -50.7993 1.64968 0.000111022 0
29 -5.5165 0.938558 0 0 0
30 468.318 -52.1487 0.977551 0.0144329 0
31 522714 -55453.4 294.006 63.1772 0
32 690837 -73709.6 167.778 93.9799 0
33 458812 -49806.7 512.969 45.638 0
34 1759.09 -247.955 8.5012 0 0
35 4660.51 -526.762 13.8903 0.000166533 0
36 333.989 -41.5995 1.26049 0 0
37 208.565 -24.2159 0.682121 0.00138778 0
38 4661.44 -536.209 13.9016 0.0611733 0
39 3074.18 -424.096 14.1342 5.55112e-05 0
40 19149.5 -2406.93 67.7606 0.0416889 0
41 97.9951 -14.1986 0.538902 0.000277556 0
42 36325.8 -4024.57 24.4064 5.2085 0
43 16842.8 -2027.7 58.3459 5.55112e-05 0
44 2455.25 -307.988 8.50459 0.000333067 0
45 174051 -18603.8 482.019 0.000555112 0
46 5877.02 -780.313 24.534 0 0
47 8.44782e+06 -1.11025e+06 35013.9 0.215772 0
48 1554.61 -184.688 5.44986 0 0
49 3.16926e+06 -409533 12769.8 0.0762723 0
50 55.5564 -6.43067 0.186962 0.00133227 0
51 864409 -116297 3663.28 0.00138778 0
52 2416.71 -281.688 7.60864 0.0882627 0
53 279.98 -28.6538 0.755951 0.000999201 0
54 175.706 -20.8062 0.685618 0 0
55 -6.0155 0.995843 0 0 0
56 1998.33 -308.054 11.1542 0.0169864 0
57 2.23074e+06 -259293 6819.26 0.000610623 0
58 937.829 -115.988 3.45812 0.000166533 0
59 727.587 -99.4558 3.47489 0 0
60 33027.7 -4804.32 168.265 0.000333067 0
61 -3.98983 0.939724 0.00133227 0 0
62 747.846 -101.732 3.39473 0.00460743 0
63 964.126 -131.425 4.65056 0.000222045 0
64 119.085 -13.5543 0.404454 0.000222045 0
65 65586.8 -9189.94 312.802 0.00544009 0
66 846.385 -102.856 2.8314 0.00910383 0
67 8522.24 -1077.4 32.4067 0.0336398 0
68 1692.04 -178.127 1.18738 0.18946 0
69 2578.34 -330.557 9.97041 0.000111022 0
70 2.63243e+06 -307214 7652.32 0.0835998 0
71 14834.7 -1853.34 57.2237 0.00455191 0
72 2624.07 -285.8 2.50677 0.249301 0
73 4389.88 -526.725 14.4885 0.00743849 0
74 880.859 -90.4821 2.42728 0 0
75 54.7414 -6.83515 0.267064 0 0
76 211.296 -25.3343 0.748401 0.000111022 0
77 1715.66 -232.637 7.56806 0.00127676 0
78 448938 -47317.2 579.646 31.5092 0
79 219755 -26893.6 722.887 3.41799 0
80 1229.28 -170.745 5.49577 0.00832667 0
81 1355.12 -189.335 5.8224 0.0162648 0
82 575.476 -89.4529 3.71103 0.00843769 0
83 0.848997 0.645202 0 0 0
84 222.973 -29.3388 0.970612 0.00138778 0
85 1547.86 -220.613 7.86859 5.55112e-05 0
86 254441 -35523.8 1203.72 0.00144329 0
87 253612 -27722.7 134.983 34.9615 0
88 367850 -45295.3 719.09 36.2568 0
89 616.363 -80.8977 2.59948 0.000333067 0
90 2597.52 -356.552 11.7775 0.00477396 0
91 0.176774 0.58004 0.00877076 0 0
92 447.426 -54.4999 1.6005 0.000166533 0
93 239.2 -34.7248 1.42447 0 0
94 262529 -32696.7 900.399 3.9474 0
