0 801.455 -93.2246 2.42961 0.00405231 0
1 408178 -45030.8 732.485 23.8211 0
2 395.998 -59.8842 2.20346 0.00160982 0
3 81.1393 -10.8312 0.392186 5.55112e-05 0
4 145.133 -19.2721 0.616396 0.00133227 0
5 787.01 -102.197 3.04107 0.00766054 0
6 249446 -66911.5 2513.75 1.1609 0
7 6834.06 -952.935 33.0658 0.0054956 0
8 5.85858e+06 -804971 25001.5 0.624722 0
9 296850 -35145.1 823.361 9.99439 0
10 385511 -42956.3 548.429 33.7248 0
11 2926.1 -336.605 8.93657 0.0123235 0
12 4796.93 -702.567 24.7959 0.0004996 0
13 464.71 -60.1829 2.13568 0.000166533 0
14 -0.0529045 0.860538 0 0 0
15 21.9608 -9.05051 0.649814 0 0
16 37.2123 -3.03179 0.0615064 0.00188738 0
17 3100.17 -333.414 8.05656 0.00205391 0
18 9988.2 -1296.57 41.1676 0.0106581 0
19 344.244 -44.1618 1.35353 0.000888178 0
20 572.708 -88.5122 3.35232 0.00616174 0
21 53.9465 -5.6105 0.183686 0.000166533 0
22 4209.15 -618.165 21.4293 0.0128231 0
23 1153.32 -160.763 5.42494 0 0
24 1083.37 -130.786 3.87596 0.00205391 0
25 10955.7 -1598.44 56.9975 0.0155986 0
26 102.051 -12.7815 0.402178 0.000222045 0
27 -2.12763 0.828871 0 0 0
28 85.2872 -8.47252 0.00138778 0.012268 0
29 -1.80283 0.842346 0.000222045 0 0
30 27.7856 -2.43603 0.092315 5.55112e-05 0
31 5.6884e+06 -669560 18019.2 29.7537 0
32 1675.87 -247.005 7.74769 0.104972 0
33 127734 -15450.7 455.126 0.128564 0
34 4121.78 -496.388 13.7477 5.55112e-05 0
35 -674.64 -30.561 3.02242 0.000166533 0
36 50010.5 -6045.58 179.387 0.0190958 0
37 64000.2 -8624.94 277.16 0.00488498 0
38 159.881 -24.6645 0.895728 5.55112e-05 0
39 5267.32 -573.233 13.8345 0.0826561 0
40 6754.98 -823.403 23.9123 0.0029976 0
41 312529 -34476.7 368.219 31.5826 0
42 2473.44 -311.452 8.52884 0.0108802 0
43 1078.7 -122.51 3.23713 0.00383027 0
44 519.12 -71.7792 2.36061 0.00704992 0
45 355.244 -67.3676 2.7332 0.00244249 0
46 2041.63 -264.318 8.20977 0 0
47 7452.3 -1047.94 30.6322 0.192957 0
48 179.701 -22.4359 0.673961 0.00094369 0
49 18070.7 -2265.84 66.5702 0.0724976 0
50 793.097 -96.1694 2.76085 0 0
51 5.43445e+06 -685574 19012.5 62.5435 0
52 2351.65 -262.414 4.98651 0.144995 0
53 507.967 -68.1158 2.27141 0.00205391 0
54 267972 -39655.6 1397.03 0.0904277 0
55 1495.1 -220.41 7.52509 0.0699441 0
56 429502 -56492.1 1686.37 0.311973 0
57 484952 -57476.6 1533.2 0.19057 0
58 66139.2 -8547.05 269.587 0.00910383 0
59 -6.36479 0.997191 0.000111022 0 0
60 225.116 -31.4602 1.0853 0 0
61 8630.63 -1132.42 36.2677 0.0129341 0
62 66.8123 -11.0505 0.461742 0.000610623 0
63 3.79123e+06 -529370 17428.4 0.663247 0
64 923600 -118875 3571.91 0.00216493 0
65 1516.67 -210.551 6.53155 0.000444089 0
66 3080.54 -486.911 19.0418 0.00321965 0
67 307121 -34680.2 653.874 13.8268 0
68 560744 -59803.5 297.546 70.5621 0
69 1.06454e+06 -148660 4873.01 0.00338618 0
70 50560.8 -6749.69 211.061 0.0154876 0
71 2.79479e+06 -414360 14866.1 0.0737743 0
72 1.05415e+07 -775761 272.453 565.22 0
73 45.2671 -4.89611 0.173694 5.55112e-05 0
74 89.8017 -11.2125 0.379308 0.000111022 0
75 33792.8 -4416.27 139.776 0.0004996 0
76 438.776 -58.242 1.86151 5.55112e-05 0
77 239.078 -25.9268 0.723033 0.00233147 0
78 226.211 -37.3517 1.28558 0.00371925 0
79 399.296 -56.8359 1.77647 0.00144329 0
80 10212.9 -1433.63 48.7343 0.0218159 0
81 4023.38 -530.537 18.0932 0.000222045 0
82 2111.35 -265.871 7.5166 5.55112e-05 0
83 1893.75 -242.385 7.10015 0.0157097 0
84 163.642 -22.41 0.842493 0.000166533 0
85 1.2399 0.839185 0 0 0
86 16667.3 -2222.83 70.0087 0.0127121 0
87 10.8388 -0.226351 0.030087 0 0
88 151.717 -20.4236 0.770384 0.000666134 0
89 -11.847 1.63566 0.00405231 5.55112e-05 0
90 416644 -46815.6 504.651 39.6173 0
91 3.2096 0.669016 0 0 0
92 2128.39 -260.734 7.25775 0.00177636 0
93 521.449 -61.2915 1.76803 0.000111022 0
94 1.87151e+07 -1.88407e+06 196.612 2357.94 0
