0 581.992 -87.118 2.98184 0.0118794 0
1 8987.83 -1239.63 39.7953 0.000222045 0
2 9.98904e+06 -1.06497e+06 17204.4 414.614 0
3 508322 -55315.9 216.3 74.5659 0
4 1363.42 -196.253 6.27315 0.0257017 0
5 289.82 -41.9513 1.60777 5.55112e-05 0
6 408708 -54747.9 1610.98 3.48049 0
7 -6.65824 1.13468 0.000222045 0 0
8 13174 -1798.66 58.8474 0 0
9 3622.93 -490.114 15.7723 0.000111022 0
10 -2.50107 0.930441 0.00155431 0 0
11 13898.5 -1895.97 59.3705 0.00172085 0
12 201.161 -26.027 0.817069 0.000888178 0
13 7239.87 -861.443 23.1035 0.00360822 0
14 1252.75 -152.202 4.63435 0 0
15 0.102426 0.37892 0.0187073 5.55112e-05 0
16 6721.16 -830.803 24.8878 0.000111022 0
17 8.14377e+06 -684736 71.1902 650.913 0
18 477525 -52920.9 709.722 39.1746 0
19 562.738 -67.1598 1.89526 0.000277556 0
20 48468.2 -6274.29 191.739 0.00194289 0
21 45191.6 -6334.7 210.751 0.000111022 0
22 164.059 -20.579 0.660694 0.0004996 0
23 4300.93 -669.844 25.4503 0.000444089 0
24 2009.32 -275.032 8.00604 0.0793254 0
25 7447.66 -1081.27 38.0539 0.00216493 0
26 347338 -39267.8 559.823 29.0281 0
27 595407 -80099.9 2570.46 0.00210942 0
28 144.176 -12.8834 0.263345 0.000222045 0
29 -4.15562 0.876059 0.00410783 0 0
30 418.298 -48.9107 1.03351 0.0352496 0
31 857.593 -88.8871 1.95255 0.012601 0
32 66.8651 -7.32422 0.235145 0.000999201 0
33 29.4623 -3.01331 0.113631 0 0
34 42.798 -4.63927 0.144773 0.000166533 0
35 3438.03 -496.939 17.6187 0 0
36 1199.78 -174.504 6.40404 0.0004996 0
37 247901 -33521.1 1101.2 0 0
38 1266.76 -154.976 5.03031 0.00105471 0
39 414.407 -52.7563 1.63464 0.000666134 0
40 224162 -24347.3 264.846 22.0882 0
41 261.385 -31.2074 0.801192 0.00521805 0
42 322665 -43584.3 1321.04 9.12337 0
43 541.455 -57.9604 1.35886 0.00871525 0
44 18366.6 -2049.46 52.7333 0.000333067 0
45 -2.66597 0.915704 0 0 0
46 587801 -67251.3 272.617 94.7178 0
47 509.138 -70.451 1.95782 0.0274225 0
48 13608.2 -1977.74 64.885 0.00138778 0
49 22195 -2688.91 77.8424 0.0217604 0
50 436656 -49312.9 640.111 38.6516 0
51 117.606 -9.63505 0.00255351 0.0293099 0
52 77.8127 -10.3614 0.353162 0.00183187 0
53 -0.668024 0.828399 0.000444089 0 0
54 3316.81 -443.087 13.0628 0.0597855 0
55 37.3934 -3.75435 0.131395 0.000166533 0
56 18.6134 -1.72106 0.0754952 0.000222045 0
57 67.088 -6.41442 0.177525 0 0
58 6464.16 -876.372 28.3435 0.00111022 0
59 316.828 -34.8384 0.398459 0.0366929 0
60 671.691 -70.1392 1.72801 0.000277556 0
61 149.581 -15.9886 0.333233 0.00671685 0
62 255.035 -36.0796 1.27126 0.000277556 0
63 44.3848 -5.39214 0.270173 0 0
64 1216.6 -163.652 4.51589 0.0817679 0
65 8.81419e+06 -896126 22113.3 0.209555 0
66 5765.33 -794.367 26.1521 0.0102141 0
67 1123.93 -143.721 4.15656 0.00105471 0
68 110516 -13044.6 364.063 0.0064948 0
69 -1.81755 0.620367 0 0.000333067 0
70 35.8088 -3.61187 0.125344 0.0184297 0
71 264.45 -32.9415 0.984157 0.000610623 0
72 493.97 -54.3457 0.571765 0.0741074 0
73 332154 -41880 1241.28 0.0378586 0
74 371335 -41956.3 564.549 32.4892 0
75 4144.76 -473.851 13.2567 0.0110467 0
76 1781.01 -235.419 7.33757 0.00421885 0
77 -2.69958 0.342917 0.0788258 0 0
78 -36.3175 2.8474 0.012268 0 0
79 20.0229 -2.3102 0.0865974 0.000888178 0
80 463291 -48788.6 246.466 56.0204 0
81 1043.33 -154.986 5.40906 0.00899281 0
82 195.006 -26.6471 0.868638 0.0019984 0
83 536.507 -74.2219 2.49661 0.000111022 0
84 341.891 -43.1512 1.29313 0 0
85 -9.17108 1.22671 0 0 0
86 329.911 -38.5947 0.902001 0.0117684 0
87 304.378 -46.1786 1.70491 0.00177636 0
88 -8.8347 1.19785 0 5.55112e-05 0
89 147.349 -31.3966 2.06973 0.00455191 0
90 3036.71 -389.913 12.0095 0 0
91 8975.13 -1462.04 57.9593 0.0218714 0
92 844.76 -130.788 4.93822 0.000832667 0
93 1484.88 -231.391 7.55729 0.133449 0
94 5580.79 -818.513 29.2143 0.00321965 0
