0 1159.29 -124.33 3.21293 0.000333067 0
1 1.36351e+06 -175233 5515.51 0.00316414 0
2 342477 -35600.1 580.126 12.2988 0
3 3348.33 -473.692 16.0442 5.55112e-05 0
4 99103.1 -13045.7 415.015 0.000999201 0
5 29640.4 -3883.49 122.503 0.0755507 0
6 -38.0522 2.4938 0.0044964 0 0
7 26313.6 -2965.32 75.4536 0.0163203 0
8 -8.34753 0.877192 0.0109912 0 0
9 18.0603 -2.4049 0.084821 0.0004996 0
10 592.933 -69.5112 1.89693 0.000999201 0
11 -15.7247 1.31032 0 0 0
12 1892.49 -195.852 4.99517 0.000777156 0
13 10.7971 -1.1549 0.0582312 0.000111022 0
14 2462.15 -243.754 5.41439 0.0170974 0
15 133530 -13967.9 339.539 5.55112e-05 0
16 202927 -23109.3 654.124 0.00288658 0
17 -3.21695 -0.39774 0.0712763 0 0
18 12368.8 -1455.08 40.9685 0.012601 0
19 6061.62 -714.077 19.0427 0.0635048 0
20 683279 -93204.1 3066.49 0.0529021 0
21 2804.31 -363.022 10.5843 0.0588418 0
22 1.41039e+07 -1.5618e+06 39907.7 0.0364708 0
23 -14.8991 1.44971 0.00527356 0 0
24 5893.73 -700.728 19.8369 0.0310307 0
25 4960.12 -618.805 18.635 0.00743849 0
26 370.725 -43.1274 1.1518 0.00166533 0
27 1190.42 -158.37 5.33701 0.000111022 0
28 1248.84 -143.9 3.96488 0.0004996 0
29 49102.9 -6259.58 193.519 0.0477951 0
30 -16.0758 1.46522 0.00094369 0 0
31 4218.13 -577.201 19.2131 0.0107692 0
32 27722.2 -3266.67 86.7536 5.55112e-05 0
33 1567.63 -206.123 7.01406 0 0
34 6.69789 -1.24713 0.0656697 0.0004996 0
35 -3.03871 1.02772 0 0 0
36 -55.9582 3.33986 0.0263123 0 0
37 8507.61 -1142.08 36.6459 0.0419664 0
38 1546.01 -186.073 5.09109 0.00965894 0
39 528.098 -69.7041 2.42617 0.0213718 0
40 643.511 -87.1188 2.87337 0 0
41 742.673 -97.7661 3.18351 0.00205391 0
42 1365.3 -95.6486 0.691947 0.049738 0
43 4.1312e+06 -381295 2095.24 291.86 0
44 -0.944831 0.805089 0 0 0
45 1.80016e+06 -233197 7213.02 0.000555112 0
46 -0.953378 0.820945 0 0 0
47 2804.64 -310.598 7.35717 5.55112e-05 0
48 399576 -39828.8 5.59919 47.1458 0
49 -0.329943 0.721249 0 0.000111022 0
50 2889.41 -380.153 12.1532 0.000832667 0
51 181.085 -26.1717 0.978884 0 0
52 -6.42028 1.10452 0 0 0
53 43.7482 -5.11733 0.208278 0 0
54 730.516 -93.6179 2.69507 0.00843769 0
55 721.537 -93.7624 2.87187 0.000111022 0
56 4823.31 -532.574 14.8039 0.00116573 0
57 5127.52 -590.536 17.2949 0.00222045 0
58 2.72989e+06 -378206 13055.9 0.0590084 0
59 18391 -2510.24 79.7616 0 0
60 1568.63 -209.329 6.70713 0 0
61 2978.28 -403.986 13.5079 0.000222045 0
62 1836.03 -233.581 7.13374 0.00344169 0
63 163.236 -19.7178 0.667744 0.00160982 0
64 1223.95 -162.976 5.12701 0.00555112 0
65 55.5593 -6.02631 0.187017 0.000444089 0
66 79.4559 -9.71249 0.336786 0 0
67 39.5351 -4.64748 0.166367 5.55112e-05 0
68 -3.7906 0.997411 0.00288658 0 0
69 8.2764 -0.221437 0.0329181 0 0
70 653.149 -79.7769 2.30277 0.00416334 0
71 493877 -65495.5 1545.82 32.0285 0
72 1518.93 -186.999 5.59458 0.00144329 0
73 1322.8 -171.834 5.36171 0.000721645 0
74 -1.52556 0.834333 5.55112e-05 0 0
75 576704 -64421 199.203 93.0132 0
76 3.6653e+06 -516628 17148.6 5.36182 0
77 185.96 -14.7372 0.106248 0.00838218 0
78 173.728 -16.8377 0.000888178 0.0233702 0
79 -4.00093 0.979445 0.000222045 0 0
80 725.506 -128.265 5.47096 0.00516254 0
81 2095.28 -227.989 6.29774 0.00671685 0
82 114.088 -13.5114 0.429878 0.000666134 0
83 1129.6 -141.584 4.10677 0.0123235 0
84 6319.24 -972.794 36.3558 0.0505707 0
85 3674.77 -409.285 11.6934 0.0210387 0
86 664626 -74181.4 81.1986 118.008 0
87 0.731163 0.683463 0.00627276 0 0
88 2186.21 -347.77 13.4614 0.00621725 0
89 3794.94 -455.971 13.5358 0.0034972 0
90 1.51187e+07 -1.31227e+06 0.0716094 1344.59 0
91 400.559 -44.2386 1.18844 0.000111022 0
92 159.748 -12.911 0.140332 0.0103251 0
93 599.967 -68.591 1.90842 0.00172085 0
94 10286.3 -1188.62 34.0968 0.0338063 0
95 0 0 0 0 0
