0 90.2055 -11.0009 0.321576 0.000277556 0
1 1916.23 -255.11 7.498 0.00793809 0
2 196.066 -24.9546 0.891398 0 0
3 236.679 -29.6509 0.849043 0.000111022 0
4 1916.51 -287.667 10.7354 0.000444089 0
5 549.043 -68.4621 2.03831 0.000277556 0
6 71.563 -9.0148 0.314138 0.000111022 0
7 72.4153 -7.55407 0.117184 0.00749401 0
8 7.22409 -0.235871 0.0270339 0 0
9 40.0054 -4.93683 0.176859 0 0
10 75.9159 -8.20654 0.215161 0.00144329 0
11 657.807 -71.8483 0.909439 0.052347 0
12 1073.89 -156.07 4.70629 0.149269 0
13 9333.66 -1278.15 38.2092 0.0951461 0
14 3210.19 -508.174 17.2093 0.224598 0
15 4683.8 -611.55 18.3923 0.000111022 0
16 1220.23 -170.407 5.53274 0.00105471 0
17 292.638 -40.3598 1.27764 0.00216493 0
18 191.24 -23.7653 0.569489 0.00938138 0
19 55.0656 -5.7866 0.110301 0.00388578 0
20 347271 -47365.3 1436.61 0.000999201 0
21 416.567 -53.3036 1.32594 0.00832667 0
22 676.072 -95.1637 3.35743 0.0029976 0
23 602678 -67460.9 4.75125 106.729 0
24 108.286 -12.2475 0.208167 0.0094369 0
25 506.61 -65.6842 1.89082 0.00327516 0
26 296455 -32808.7 212.198 35.4123 0
27 73.7046 -7.7553 0.062117 0.00882627 0
28 125.782 -12.3673 0.0139888 0.0181521 0
29 1136.71 -161.101 5.27184 0.00172085 0
30 124.342 -13.9131 0.303479 0.00688338 0
31 56.4667 -10.6023 0.507538 0.000222045 0
32 9.44956 -0.417587 0.032252 5.55112e-05 0
33 362411 -42322.3 733.3 17.2303 0
34 676.022 -93.6595 3.06161 0.000610623 0
35 313.704 -43.1566 1.46227 0.00166533 0
36 4063.08 -568.044 18.4269 0 0
37 499.386 -51.6575 0.641265 0.0428546 0
38 662.095 -95.5938 3.20483 0.000388578 0
39 1517.05 -199.95 5.96806 0.0203726 0
40 85.8716 -10.7445 0.361711 0.000111022 0
41 978.359 -139.771 4.62824 0.00965894 0
42 2.03973 0.402075 0.00277556 0 0
43 8085.04 -1038.87 30.9352 0.012601 0
44 342.786 -42.9077 1.05677 0.00482947 0
45 77.565 -11.1755 0.430767 0.000888178 0
46 518610 -64257.1 1298.52 22.8523 0
47 1382.89 -163.971 0.480838 0.274059 0
48 511.318 -61.4734 1.66955 0.00305311 0
49 973.097 -153.219 5.83317 0 0
50 1831.58 -263.458 8.71619 0.00155431 0
51 9131.35 -1157.37 36.176 0.00155431 0
52 2835.92 -374.323 11.1363 0.000721645 0
53 579.672 -84.4811 3.1265 0.000222045 0
54 65.9137 -8.09743 0.250577 5.55112e-05 0
55 4321.79 -623.007 20.8898 0.000888178 0
56 6.50762 0.0775831 0.00899281 0.000111022 0
57 86.201 -9.33372 0.269174 5.55112e-05 0
58 187371 -25821.1 770.513 0.00127676 0
59 81.2904 -11.197 0.382971 0.000333067 0
60 790.314 -132.482 5.27972 0.00610623 0
61 90.962 -12.0868 0.381972 0.00105471 0
62 3963.95 -498.358 13.0094 0.0946465 0
63 1768.8 -250.664 8.18157 0.00394129 0
