0 369073 -45267.3 1175.21 0.0653921 0
1 414.759 -36.8863 0.484723 0.0119904 0
2 2295.55 -285.867 7.74858 0.0158762 0
4 1199.37 -149.165 4.12798 0.00144329 0
5 125.903 -15.7366 0.492495 0.000222045 0
6 -8.41492 1.53705 0 0 0
7 207.748 -25.4135 0.670797 0.00338618 0
32 2023.32 -262.878 6.70408 0.000166533 0
33 416.542 -41.4001 0.0204281 0.0427991 0
34 43.5873 -3.61117 0.0552336 0.00272005 0
35 1164.09 -146.926 4.20602 0.0019984 0
36 2650.96 -291.229 6.39055 0.000610623 0
37 47.9443 -4.94999 0.178024 5.55112e-05 0
38 -1.86689 1.19572 0.0029976 5.55112e-05 0
