0 138.661 -13.8072 0.157485 0.0104916 0
1 891.936 -119.779 3.88273 0.00122125 0
2 980.247 -124.684 3.60528 0.0105471 0
3 837.955 -112.763 3.9117 0.00138778 0
4 44.16 -5.13571 0.179523 0.000333067 0
5 6.36807e+06 -737754 18097.9 85.0583 0
6 511709 -62539.2 1491.2 17.7485 0
7 1556.34 -195.017 5.74274 0.000111022 0
8 510609 -52711.7 232.227 58.325 0
9 5004.07 -701.467 23.8594 0.000777156 0
10 767.189 -111.806 4.13802 0.000166533 0
11 656.464 -80.4014 2.1132 0.0205391 0
12 333130 -39578.1 757.306 22.322 0
13 275.162 -35.5119 1.10212 0.0039968 0
14 1299.96 -188.446 6.89065 0.000388578 0
15 -6.3575 1.08151 0 0 0
16 379207 -41706.4 235.614 51.845 0
17 1976.01 -248.871 7.24037 0.00771605 0
18 10054.3 -1397.6 43.1263 0.00960343 0
19 263.379 -34.2426 1.06593 0.000999201 0
20 1501.58 -186.771 5.4618 0.00277556 0
21 7236.56 -1094.41 38.9581 0.00277556 0
22 506.729 -62.3852 1.97214 0.00160982 0
23 895.932 -117.815 3.80301 0.000222045 0
24 1017.17 -147.643 5.29371 0.00582867 0
25 -16.2932 0.391151 0.0812683 0.000166533 0
26 781.703 -105.84 3.42293 0.00333067 0
27 182238 -23006.2 674.873 0.00094369 0
28 2.55607 -0.269145 0.0769385 0 0
29 527.023 -67.9611 1.9561 0.0103806 0
30 253532 -30649.7 555.889 18.3663 0
31 -2.59828 0.843383 0.00283107 0 0
32 -547.435 26.925 0.319356 0.025091 0
33 0.0210051 0.773073 0.000277556 0 0
34 356.2 -48.3629 1.67527 5.55112e-05 0
35 2188.97 -268.776 7.70428 5.55112e-05 0
36 962.848 -122.188 3.78791 0.000721645 0
37 -276.155 13.9022 0.328793 0.00677236 0
38 1324.6 -179.326 5.42744 0.0294764 0
39 1559.69 -186.391 5.1798 0.0392464 0
40 768.363 -105.457 3.67723 0.00655032 0
41 12210.1 -1806.27 64.4381 0.0773825 0
42 4488.38 -587.363 18.5486 0.0004996 0
43 38.4411 -3.99621 0.135836 0.000444089 0
44 5972.61 -747.498 21.8393 0.0264233 0
45 645.082 -83.0447 2.52559 0.00127676 0
46 17768 -2032.01 56.334 0.00138778 0
47 1986.15 -248.497 7.33952 0 0
48 353366 -42578 1069.03 6.68832 0
49 11.8862 -0.727924 0.0469624 0.000111022 0
50 -0.00376097 0.662989 0.0094369 0 0
51 28.8941 -1.47947 0.00444089 0.000111022 0
52 24.7588 -2.34939 0.0214828 0.00338618 0
53 143.516 -15.7148 0.00277556 0.0306977 0
54 528.709 -69.8015 2.20313 0.0044964 0
55 655.929 -83.7397 2.53697 0.000610623 0
56 -1.121 0.809696 0.00133227 0.000111022 0
57 14472.5 -1845.46 52.0263 0.0395795 0
58 202.953 -30.7261 1.24672 0.000111022 0
59 1763.1 -244.179 8.08986 0.000444089 0
60 399.97 -52.2782 1.68388 0.00144329 0
61 7697.94 -1009.12 28.7763 0.00310862 0
62 318.682 -38.6225 1.12604 0.000166533 0
63 543.721 -48.9685 0.0682787 0.0454081 0
64 16906.7 -2115.05 61.1103 0.0316969 0
65 433822 -48378 803.668 25.1593 0
66 3.01044e+06 -338036 9126.24 0.015099 0
67 -5.89294 1.00831 5.55112e-05 0 0
68 655.08 -80.1147 2.39669 0.00288658 0
69 24325.2 -3225.04 98.8774 0.00233147 0
70 534.15 -66.5856 1.68032 0.0203726 0
71 1302.88 -171.452 5.33384 0.00160982 0
72 2135.08 -250.505 7.18164 0.000832667 0
73 1.71943e+07 -1.58007e+06 100.754 1719.42 0
74 216.067 -30.9339 1.0944 0.00466294 0
75 1952.29 -243.232 6.98924 0.00111022 0
76 31.2104 -5.3628 0.241307 0.000333067 0
77 -8.35212 1.12452 0 0 0
78 757.884 -90.5305 2.41168 0.0143219 0
79 217.327 -48.0587 2.36822 0.00371925 0
80 11100.2 -1239.85 34.8526 0.074496 0
81 -7.10005 1.10889 0 0 0
82 448155 -46565.2 300.148 48.6207 0
83 -7.57434 0.252505 0.0782707 0.000277556 0
84 957.919 -116.648 3.25384 0.00260902 0
85 188.592 -23.4978 0.691502 0.00294209 0
86 619.789 -71.3103 1.21791 0.0309752 0
87 3301.34 -398.99 10.9937 0 0
88 9183.28 -1288 43.6851 5.55112e-05 0
89 5033.77 -619.397 17.8335 0.00754952 0
90 -8.03549 1.01336 0.00488498 5.55112e-05 0
91 -3.89616 0.954536 0.000166533 0 0
92 1221.26 -156.256 4.40947 0.0187073 0
93 463677 -52305.1 528.896 51.6961 0
94 1.92727e+06 -235787 6679.59 0.190181 0
