0 13392.2 -1788.92 58.7745 0.0444089 0
1 777727 -100574 3021.46 0.227374 0
2 83584.7 -11600.1 396.755 0.00172085 0
3 0.49904 0.525742 0.0106581 0 0
4 0.41279 0.764038 0 0 0
5 2.45121e+07 -2.29477e+06 3975.36 2057.75 0
6 278.915 -28.5813 0.838551 5.55112e-05 0
7 479.844 -66.3022 2.19402 0.000277556 0
8 1294.42 -171.488 5.61184 0.000777156 0
9 9.70497e+08 -9.2579e+07 59166.4 91109.5 0
10 1224.51 -107.483 0.961231 0.0595635 0
11 82.9787 -8.51792 0.235367 0 0
12 2.95702 0.435187 0.012379 0 0
13 145.534 -18.7256 0.678069 0.000277556 0
14 585129 -69418.1 440.171 99.6395 0
15 3991.82 -496.664 14.0956 0.02226 0
16 566.339 -80.85 2.71333 0.0039968 0
17 20.8346 -1.27311 0.0442979 0.000388578 0
18 7700.82 -889.322 13.9725 0.576872 0
19 6687.85 -801.755 22.7774 0.00416334 0
20 536185 -58864.4 455.375 55.9778 0
21 943.739 -127.356 4.15568 0.00116573 0
22 345.461 -49.6086 1.71269 0 0
23 -2.82575 0.830311 0.000166533 0 0
24 -0.709514 0.823197 0 0 0
25 3105.12 -474.103 17.4374 0.000166533 0
26 1215.48 -154.923 2.89985 0.149214 0
27 326242 -39514.2 613.936 34.9685 0
28 6463.84 -828.789 25.4982 0.000333067 0
29 47.8755 -5.2683 0.104639 0.00555112 0
30 449436 -55489.9 870.316 45.6005 0
31 1.48527e+07 -1.67282e+06 43141.3 1.88594 0
32 2.1269e+06 -311394 10984.3 0.416667 0
33 6654.38 -1040.61 39.7729 0.00915934 0
34 81370.7 -11141 364.027 5.55112e-05 0
35 135.102 -18.3379 0.696443 0.00105471 0
36 183.207 -24.4541 0.842715 0.000388578 0
37 53.6637 -7.32902 0.342226 0 0
38 4325.26 -591.18 19.3415 0.00383027 0
39 178.598 -34.7487 1.65506 0 0
40 439.885 -58.0829 1.7169 0.00899281 0
41 35857.8 -4738.29 151.16 0.0343059 0
42 436.395 -51.6996 1.26033 0.0146549 0
43 -8.04158 1.03904 0.000111022 0.000111022 0
44 68924.9 -10801.8 416.102 0.0824896 0
45 -58.572 -7.15454 0.22482 0.0593969 0
46 7.93525e+06 -1.10147e+06 36404.3 0.711819 0
47 9178.95 -1391.4 50.9047 0.0289213 0
48 1311.97 -187.365 6.19815 0.0219269 0
49 2706.5 -297.613 7.66398 0 0
50 1733.07 -205.52 4.94221 0.0467404 0
51 1886.09 -244.945 6.86551 0.0355271 0
52 230024 -28066.4 723.782 0.12057 0
53 -8.17069 1.08999 0 0 0
54 3295.92 -431.301 13.6161 0.000222045 0
55 24906.2 -3209.32 97.612 0.106526 0
56 193.067 -26.9704 0.935196 0.000166533 0
57 -7.52685 1.01136 0 0 0
58 17540.3 -2610.38 94.5926 0.000277556 0
59 151.275 -21.2664 0.744182 0.00116573 0
60 49055.7 -5410.6 146.499 0.00321965 0
61 304111 -41367.5 1305.43 0.773659 0
62 4757.15 -721.518 26.933 0.004996 0
63 3951.58 -546.933 18.5494 0 0
64 1468.86 -215.835 8.00215 0.0004996 0
65 2434.88 -295.19 9.21135 0 0
66 267167 -39354.7 1382.63 0.0843214 0
67 4133.71 -593.339 21.3635 0.000388578 0
68 28925.3 -4331.49 156.259 0.0583977 0
69 510028 -51524.3 253.576 55.0885 0
70 6.35305e+06 -848906 26415.3 7.1162 0
71 9.84003e+06 -1.37564e+06 46760 0.272893 0
72 322215 -33399.7 49.4578 40.8142 0
73 640.354 -74.1183 1.95283 0.00471845 0
74 561.422 -62.9451 1.11566 0.0306977 0
75 1080.3 -152.574 5.23398 0.000888178 0
76 12262.9 -1577.37 37.1812 0.768607 0
77 124.122 -18.9003 0.348721 0.0219269 0
78 534707 -60364.6 554.42 58.1158 0
79 378.987 -55.6731 2.14712 0.000111022 0
80 6155.5 -940.292 35.0243 0.019984 0
81 551680 -61529.9 451.765 64.5368 0
82 2719.53 -388.159 13.8906 0 0
83 1568.45 -217.478 7.27901 0.0116573 0
84 43372.9 -5622.81 176.327 0.00410783 0
85 16348.5 -2385.49 82.7839 0.0474065 0
86 187.341 -24.4043 0.859646 0 0
87 56.3201 -5.11552 0.0177636 0.00721645 0
88 226.825 -29.0337 0.897726 0.000166533 0
89 554.715 -81.8286 3.0298 5.55112e-05 0
90 14876.4 -2234.46 74.2105 0.409339 0
91 866275 -102754 2781.42 0.00260902 0
92 2055.55 -265.7 7.23116 0.0367484 0
93 2.29257e+07 -2.34311e+06 13.802 3185.91 0
94 1.54442e+07 -1.63086e+06 1.11944 2139.51 0
