0 383216 -38154.8 145.892 40.999 0
1 -3.27737 0.404447 0.0177081 0 0
2 1.63652e+07 -1.21345e+06 5.98871 270.307 0
3 9248.39 -1128.52 32.2192 0.107858 0
4 8.92791e+06 -1.25294e+06 39447 0.441203 0
5 2387.68 -340.275 10.3574 0.054845 0
6 6.46323e+06 -880443 29217.6 1.29879 0
7 137326 -18824.7 616.597 0 0
8 19648 -2301.96 49.2037 1.0828 0
9 8781.09 -1146.46 35.4099 0.110245 0
10 6445.5 -849.389 24.983 0.133671 0
11 -8.97257 1.10398 0 0 0
12 222.462 -26.8948 0.520972 0.0171529 0
13 1257.46 -135.255 3.62033 0.000444089 0
14 27137.2 -3600.17 118.345 0.00438538 0
15 8.72338e+06 -1.05697e+06 29941.4 0.0960343 0
16 276.2 -37.9425 1.17217 0.0115463 0
17 17766.8 -2097.93 59.0426 0.00272005 0
18 92649.5 -11432.2 346.987 0.000388578 0
19 4277.11 -524.979 14.6429 0.0168754 0
20 4171.85 -606.353 21.1014 0.0442424 0
21 404.463 -54.6819 1.78002 0.00216493 0
22 778.542 -95.1076 2.47286 0.0189848 0
23 6.72827e+06 -848170 24643.5 0.0479616 0
24 1.26003e+07 -1.1763e+06 57.4112 1320.28 0
25 -267.886 17.8994 0.0156541 0.0014988 0
26 332.135 -41.3434 0.888734 0.0291434 0
27 48.5387 -6.62407 0.237865 5.55112e-05 0
28 822.82 -91.9791 2.69279 0.000166533 0
29 5984.79 -655.423 17.0836 0.0786038 0
30 2.57039e+07 -2.47324e+06 49.6254 2961.61 0
31 4459.12 -546.679 15.8091 0.000999201 0
32 84505.7 -9845.36 281.219 5.55112e-05 0
33 2.57849e+07 -2.47391e+06 1749.62 2983.69 0
34 26088.1 -3334.86 104.902 0.0581202 0
35 9842.4 -1113.56 30.5246 0.000610623 0
36 25405.1 -3148 90.4732 0.0561218 0
37 39190.1 -4728.59 139.617 0.00888178 0
38 35156 -3643.95 86.9438 0.0280886 0
39 30.5414 -4.47738 0.166533 0.000111022 0
40 316.976 -40.5003 1.2515 0.00166533 0
41 2382.63 -335.922 11.358 0.000888178 0
42 11783.2 -1495.4 46.6142 0.00727196 0
43 5898.32 -773.427 25.0361 0.00160982 0
44 4.35116 -0.851706 0.0638378 0 0
45 77492.6 -10286.9 331.758 0.000222045 0
46 21442 -2609.94 76.9787 0.0014988 0
47 1310.94 -166.758 5.00322 0.00321965 0
48 441983 -57010.5 1812.02 0.434541 0
49 18387.7 -2197.48 65.7928 0.000888178 0
50 1.60353e+07 -2.05446e+06 64202.3 0.614397 0
51 11850.4 -1296.15 34.8982 0.0054956 0
52 2629.17 -293.635 7.88519 0.000222045 0
53 39982.4 -4945.08 149.474 5.55112e-05 0
54 9694.87 -1169.78 34.4428 0 0
55 1.19542e+07 -1.55931e+06 49783.1 0.161426 0
56 5788.85 -745.8 23.0317 0.0280331 0
57 452858 -44579.7 138.485 47.315 0
58 15078.7 -1867.34 52.519 0.25735 0
59 7605.94 -1000.14 32.9989 0.000111022 0
60 35889.3 -4072.4 114.14 0.0883738 0
61 1.49782e+06 -178353 5014.09 0 0
62 1.73257e+06 -223349 7105.14 0.0351941 0
63 4.43706e+06 -513144 14725.2 0.170808 0
64 70.1655 -10.4499 0.366374 0.000166533 0
65 30585.8 -4255.57 146.981 0.0236478 0
66 140.953 -19.0729 0.586975 0.00660583 0
67 531427 -66183.2 2028.96 0.0724976 0
68 12133.3 -1490.94 45.8659 0.000166533 0
69 -21.4723 2.60391 0 0 0
70 378.399 -56.0136 2.08439 0.00138778 0
71 -0.0102141 -0.703681 0.0117129 0.00355271 0
72 2400.44 -395.256 15.9164 0.00366374 0
73 1314.95 -178.437 5.59519 0.0014988 0
74 11494.6 -1639.13 53.1862 0.0824341 0
75 25687.7 -3314.7 105.568 0.00577316 0
76 32927.7 -4239.51 132.946 0.0004996 0
77 350618 -41142.8 924.113 12.4144 0
78 4079.27 -493.352 14.6144 0.00244249 0
79 -13.6621 1.34591 0 0 0
80 3056.92 -341.612 7.35156 0.0881517 0
81 1.57892e+06 -191153 5694.68 0.00394129 0
82 793.691 -79.2012 0.840994 0.0680012 0
83 744.426 -103.379 3.60267 0.00383027 0
84 1.7079e+07 -1.60975e+06 17.1544 1879.08 0
85 255710 -32239.6 978.715 0.386469 0
86 11089.3 -1513.75 50.1161 0.000777156 0
87 1897.18 -220.857 6.36502 5.55112e-05 0
88 9097.8 -1144.45 33.7308 0.132061 0
89 47026.7 -6336.89 205.171 0.00976996 0
90 9796.22 -1202.65 37.3358 0.00138778 0
91 102.369 -11.9451 0.35244 0.000111022 0
92 -11.0441 1.14697 0.000610623 0 0
93 52395.9 -7078.33 236.351 0.0232592 0
94 4246.76 -575.913 19.7561 0 0
