0 20.2028 -5.62641 0.372147 0 0
1 581.282 -70.6624 2.03243 0.000111022 0
2 382833 -45691.4 916.519 24.215 0
3 18.9547 -5.1963 0.329403 0.000832667 0
4 -0.780997 0.596882 0.00416334 5.55112e-05 0
5 1433.11 -171.472 5.35677 0 0
6 295797 -34891.2 361.902 35.3492 0
7 3.28956e+06 -419009 11877.4 29.7823 0
8 3086.36 -401.726 12.3675 0.0014988 0
9 294.349 -38.7407 1.2188 0.00166533 0
10 2023.3 -213.759 4.56968 0.0653921 0
11 -5.92577 0.996987 0 0 0
12 1583.63 -215.18 6.80772 0.0167089 0
13 1572.82 -223.549 7.73531 0.00865974 0
14 19365.5 -2436.34 72.7613 0.00155431 0
15 3755.81 -508.563 16.9381 0.000111022 0
16 4.78479e+06 -605638 16606.9 0.0475175 0
17 -1.31101 0.769444 0 0 0
18 518.641 -57.2292 1.60455 0 0
19 1017.34 -141.42 4.46265 0.00760503 0
20 41022.4 -4807.71 134.799 0.00160982 0
21 360.504 -57.1191 2.28462 0.0004996 0
22 37.9151 -9.12555 0.654421 0.00155431 0
23 501263 -58978.3 1250.15 20.8686 0
24 9496.31 -1546.7 54.154 0.00410783 0
25 307.888 -39.7034 1.23335 0.0004996 0
26 145.334 -18.8683 0.606404 0 0
27 375.864 -50.4368 1.63769 5.55112e-05 0
28 -67.2063 3.8334 0.139166 0 0
29 639.105 -99.4042 4.00119 0.00116573 0
30 86786.9 -12192.4 409.807 0.388023 0
31 60.3597 -7.83999 0.275724 5.55112e-05 0
32 692.376 -87.0025 2.56656 0.000388578 0
33 320579 -37418.7 750.506 17.4294 0
34 4367.55 -514.653 14.0322 0.0136557 0
35 1225.91 -148.608 3.20488 0.0791589 0
36 248.161 -24.6169 0.429268 0.00560663 0
37 118727 -11984 223.819 1.74483 0
38 277082 -33180.6 889.474 0.0315303 0
39 1027.5 -143.644 4.92523 0.00194289 0
40 21067.1 -2119.73 9.509 2.30332 0
41 167.692 -19.2446 0.36976 0.0113243 0
42 761.907 -92.5097 1.2958 0.0937028 0
43 325956 -40913.9 1190.36 0.141387 0
44 4133.64 -580.463 19.4891 0.00294209 0
45 897.85 -115.858 3.67906 0.00388578 0
46 5.43985e+06 -654577 16824.6 27.4084 0
47 867.053 -109.314 3.27943 0.000388578 0
48 14874.9 -1823.25 52.4296 0.0152656 0
49 199.313 -27.0839 0.787925 0.00338618 0
50 205.864 -51.1863 2.93482 0.00238698 0
51 -20.7643 2.84732 0.0162093 0 0
52 3615.2 -535.872 19.5152 5.55112e-05 0
53 13.2549 -0.870464 0.0470735 5.55112e-05 0
54 4806.24 -597.706 18.1464 0.0159872 0
55 467.26 -53.1609 1.13493 0.0136557 0
56 3921.7 -504.982 14.6446 0.0667244 0
57 36896.6 -5233.91 173.908 0.17697 0
58 43.1218 -4.89943 0.193567 0.000277556 0
59 1.90274 0.356353 0.0165978 5.55112e-05 0
60 22.7014 -1.46856 0.0618949 0 0
61 1583.26 -181.572 5.2347 5.55112e-05 0
62 380849 -40999.4 263.197 47.9309 0
63 17648.9 -2271.43 71.5455 5.55112e-05 0
64 581.663 -79.6451 2.73354 0.000111022 0
65 35.6231 -3.98068 0.14172 0.000444089 0
66 483.859 -56.648 1.38806 0.0179301 0
67 175628 -20957.1 510.91 5.61812 0
68 1116.69 -145.963 4.60432 0.0165423 0
69 312159 -36680.9 825.414 12.9004 0
70 8048.33 -1244.3 48.1152 0.00621725 0
71 1516.03 -191.749 4.62202 0.0963118 0
72 2.36681e+07 -2.2226e+06 22.1582 2631.34 0
73 1.95936 0.660101 0.00821565 0 0
74 344969 -45266.6 1427.71 0.00155431 0
75 6.615 0.375843 0.00383027 0.000111022 0
76 12573.1 -1344.24 30.843 0.122458 0
77 -2.20094 0.926215 0 0 0
78 52.002 -6.22262 0.22371 0 0
79 378.522 -53.0415 1.91558 0 0
80 872.295 -116.418 3.36181 0.0209832 0
81 542.908 -71.2548 2.17348 0.000333067 0
82 1297.06 -158.753 4.76619 0.00160982 0
83 1970.56 -261.347 8.52518 0.00105471 0
84 20.8525 -1.27361 0.0492384 0 0
85 31709.7 -3569.14 86.2021 0.000555112 0
86 414.69 -52.6082 1.74705 0.0019984 0
87 4592.62 -616.322 19.1223 0.0809353 0
88 155762 -13893.5 59.1066 12.3269 0
89 4765.52 -694.872 25.4949 0 0
90 78.619 -11.1565 0.481615 0.000388578 0
91 435197 -46366.5 231.645 54.5563 0
92 2440.74 -331.572 10.3589 0.00172085 0
93 305.257 -43.9888 1.69742 0 0
94 178.327 -23.1453 0.817069 0.0004996 0
