0 98.8845 -10.4706 0.161149 0.00882627 0
1 33.6678 -2.58918 0.0014988 0.00344169 0
2 2877.49 -392.121 12.7857 5.55112e-05 0
3 891.685 -121.793 4.01729 0.00582867 0
4 372.634 -43.8527 0.757949 0.0239808 0
5 2618.62 -332.023 9.86367 0.0128231 0
6 1771.07 -237.427 7.77939 0.00627276 0
7 551349 -56683.6 114.671 75.3238 0
8 28.8111 -4.01497 0.162481 0.000166533 0
9 133.59 -16.1713 0.573708 0 0
10 780.001 -104.021 3.35537 0 0
11 672.394 -87.4978 2.7533 0.000555112 0
12 564.027 -82.284 2.9618 0.000444089 0
13 -6.93812 1.04743 0 0 0
14 447.598 -63.4655 2.36283 0 0
15 33.7057 -4.80246 0.209055 0.000166533 0
16 223.431 -34.3331 1.36186 5.55112e-05 0
17 6678.16 -948.992 32.8451 0.0014988 0
18 801.102 -117.067 4.12409 0.00410783 0
19 90.0861 -11.5432 0.341838 5.55112e-05 0
20 375378 -48643 1487.9 0.171418 0
21 1.72418e+07 -1.82529e+06 1883.27 2543.29 0
22 497205 -53285.1 248.899 65.0444 0
23 281.654 -36.8281 1.13948 0.000111022 0
24 1319.94 -165.776 4.99373 0.00238698 0
25 1153.06 -162.377 5.42427 0.00094369 0
26 1210.96 -145.734 3.8673 0.0202616 0
27 3944.21 -549.121 18.0977 0.0019984 0
28 -7.90321 1.11692 0 0 0
29 506.32 -51.846 0.00188738 0.0828781 0
30 3472.46 -472.794 14.5582 0.0577871 0
31 5.79792e+06 -804379 27042.1 4.84712 0
32 46522.4 -5677.77 170.897 0.0102696 0
33 45926.1 -6370.77 217.679 0.0099365 0
34 34991.6 -4174.83 121.231 0.0454081 0
35 19443.8 -2563.42 83.9723 0.00094369 0
36 1.39118e+07 -1.7886e+06 56337.6 0.267342 0
37 26812.2 -3022.01 82.3531 0.000222045 0
38 153591 -18657.8 559.178 0.0165978 0
39 128.128 -14.1488 0.270173 0.00555112 0
40 1361.52 -215.072 8.127 0.00999201 0
41 4305.58 -589.811 17.8228 0.000666134 0
42 12301.7 -1629.65 52.06 0 0
43 27457.1 -3144.55 87.8801 0.0132117 0
44 464167 -52246.1 1458.23 0.0334177 0
45 1.84972e+07 -1.70262e+06 975.538 1980.86 0
46 29641.3 -3341.16 91.1542 0.0559552 0
47 175883 -22522.3 454.819 12.7166 0
48 444.872 -53.0461 1.4409 0.00360822 0
49 1.73782e+06 -188907 4873 0.000111022 0
50 9.36891e+06 -724712 288.073 612.68 0
51 4.28918e+06 -467893 12046.4 0.514311 0
52 51686.9 -5341.33 132.864 0.0981992 0
53 8252.46 -915.912 23.4923 0.069722 0
54 1.46517e+06 -177736 5153.69 0.0094369 0
55 161090 -17961.6 479.667 0.0669464 0
56 167859 -19866.2 555.225 0.507205 0
57 2530.24 -333.501 11.1026 0.0129896 0
58 1.88211e+06 -226705 6639.33 0.00238698 0
59 3215.92 -386.753 11.1411 0.0131561 0
60 6.6993e+06 -753168 20606.7 2.00578 0
61 14070.7 -1576.71 42.4391 0.0433542 0
62 76700.7 -8379.55 224.183 0.00133227 0
63 1.90935e+07 -1.75894e+06 4683.63 1840.88 0
64 279901 -31310.9 241.398 35.8913 0
65 322788 -36264.3 453.461 31.2294 0
66 7517.79 -893.177 17.6751 0.428879 0
67 14982.5 -1887.05 57.0686 0.0320299 0
68 7429.51 -931.824 28.0923 0.0981437 0
69 296.164 -29.3699 0.692724 0 0
70 399.852 -40.9468 1.11333 0 0
71 2839.6 -443.998 17.2793 0.00310862 0
72 2238.21 -303.709 9.67326 0.0382472 0
73 342.122 -41.8788 1.23906 0.000388578 0
74 120698 -14724.2 392.057 0 0
75 367721 -51420.8 1593.48 0.0835443 0
76 182.095 -21.8465 0.633549 0.00138778 0
77 249.774 -26.326 0.647371 0.000166533 0
78 7034.95 -956.154 30.8222 0.000166533 0
79 82.2012 -9.55404 0.278944 0.000166533 0
80 5152.68 -657.97 20.0568 0.0103806 0
81 8217.45 -1025.24 30.3909 0.0147105 0
82 7.46694 -1.44481 0.0837663 0.000277556 0
83 -12.7593 1.19208 0.000222045 0 0
84 337.177 -45.0253 1.33482 0 0
85 12830 -1597.37 49.3599 0.0304201 0
86 2667.55 -264.087 6.84053 0 0
87 1024.25 -118.916 3.34599 0.00516254 0
88 1.22314e+07 -1.21392e+06 0.282385 1526.77 0
89 365.628 -41.3659 1.106 0.00111022 0
90 311741 -35433.2 802.203 9.56335 0
91 -9.55916 1.08168 0 0 0
92 163.425 -23.4833 0.828726 0.000277556 0
93 1742.18 -153.293 3.37358 0.000666134 0
94 368.456 -45.6395 1.08047 0.0233702 0
