0 255.167 -32.1034 0.839606 0.00510703 0
1 42.4643 -5.14827 0.16126 0.000777156 0
2 393.938 -53.6239 1.73389 0 0
3 467662 -52342.5 459.679 48.4522 0
4 333044 -43302.1 1238.92 0.293821 0
5 12.9362 -1.06253 0.0536238 0 0
6 -1.43676 0.732115 0.000610623 0 0
7 110.249 -16.146 0.62933 0.000777156 0
8 396464 -50543.2 870.791 42.056 0
9 871.631 -117.013 3.44064 0.00466294 0
10 2811 -317.779 2.63817 0.343114 0
11 536.093 -74.6858 2.49656 0.00177636 0
12 330291 -37782 436.734 27.8505 0
13 111.083 -13.3421 0.475675 0 0
14 3.33964 0.346117 0.00860423 0 0
15 1675.23 -218.883 5.76322 0.0511813 0
16 153.721 -21.5427 0.73852 0.00177636 0
17 46.5577 -5.55911 0.190403 0.000444089 0
18 -0.629468 0.638362 0.00538458 0 0
19 697.843 -95.516 2.9915 0.00338618 0
20 -3.22638 0.652965 0.00294209 5.55112e-05 0
21 414.343 -56.4507 1.77863 0.000111022 0
22 1200.31 -190.46 7.36705 0.0099365 0
23 1914.59 -259.104 7.1696 0.0582867 0
24 207.742 -39.4445 1.5446 0.0034972 0
25 77.8923 -10.6792 0.360989 0.000333067 0
26 -0.935821 0.628165 0.000222045 0 0
27 1263.82 -165.004 4.71106 0.00144329 0
28 973.882 -141.499 4.81742 0.000999201 0
29 26.2383 -2.92894 0.130673 5.55112e-05 0
30 39.1766 -6.79374 0.354827 0 0
31 220.042 -26.1004 0.460687 0.0153766 0
32 7.81717 -1.07239 0.10425 0 0
33 247.926 -31.322 0.894951 0.000333067 0
34 -24.5503 -2.42358 0.042466 0.0189293 0
35 471.34 -64.8997 2.09949 0.00166533 0
36 77.2685 -9.5308 0.240807 0.00321965 0
37 -1.68097 0.796983 0 0 0
38 2.5778e+06 -325252 9074.61 0.00238698 0
39 55.4145 -6.67812 0.193179 0.000888178 0
40 1871.82 -282.394 10.13 0.0156541 0
41 -3.24678 0.781549 0 0 0
42 10.8187 -1.29924 0.0585088 5.55112e-05 0
43 71.1699 -10.6458 0.407341 5.55112e-05 0
44 -2.57464 0.716888 0 0 0
45 362.203 -48.0106 1.46672 0.000388578 0
46 755.093 -89.6352 2.2542 0.000388578 0
47 -1.06202 0.677988 0.00704992 0.000111022 0
48 6.91669 -0.505436 0.0435207 0 0
49 1.90514e+06 -282260 9988.69 0.0829892 0
50 300.325 -39.6247 1.17018 0.000777156 0
51 72.4104 -9.33487 0.199118 0.00682787 0
52 160.849 -19.5758 0.534406 0.000444089 0
53 6130.51 -769.068 21.9639 0.000111022 0
54 413166 -47069.3 371.936 46.1817 0
55 21.3885 -6.16045 0.350775 0.00671685 0
56 690.043 -89.5886 2.3912 0.0103806 0
57 20.2971 -1.81383 0.0681677 0.000166533 0
58 224.124 -29.6114 0.806855 0.00571765 0
59 -3.68209 0.818545 5.55112e-05 0 0
60 249.647 -31.1053 0.462019 0.0204836 0
61 175.245 -25.2625 0.861589 0.000388578 0
62 9038.57 -1107.5 28.613 0.00738298 0
63 2.15978e+06 -322597 11346.9 0.314859 0
