0 5413.68 -797.254 28.2955 0.0447975 0
1 1.44342e+06 -193381 5996.69 0.0489053 0
2 4346.79 -661.021 24.7201 0.00421885 0
3 4.72364e+07 -4.97052e+06 27241.8 5592.94 0
4 9268.89 -1166.84 35.2554 0.0155431 0
5 8318.97 -1129.23 36.4033 0.00704992 0
6 8632.87 -1186.38 38.5079 0.0685563 0
7 370757 -46579.3 1333.04 2.68685 0
8 14506.7 -2169.19 80.8522 0.000277556 0
9 13447.4 -1722.49 52.3214 0.115297 0
10 1.56498e+06 -225945 7765.97 0.0128231 0
11 8418.12 -1151.65 37.5631 0.0343059 0
12 -4.14838 0.775808 0.014877 0 0
13 348299 -37853.9 105.488 54.81 0
14 -3.27978 0.7187 0.000277556 0.000111022 0
15 -6.52879 0.987001 0 0 0
16 19672.1 -2658.64 85.6188 0.0253686 0
17 378132 -43895.2 658.451 32.4806 0
18 31.6743 -3.45363 0.121347 5.55112e-05 0
19 1403.27 -205.984 7.04536 0.0116573 0
20 503.51 -51.4086 0.965283 0.0165423 0
21 35.3027 -3.66968 0.0783817 0.00288658 0
22 469050 -52762.5 235.243 72.6491 0
23 217.803 -27.89 0.657474 0.017264 0
24 593.247 -94.937 3.74462 0 0
25 1.71594e+07 -1.51876e+06 150.572 1394.93 0
26 4.56575 -0.268359 0.0403011 0 0
27 29.1975 -2.44454 0.00222045 0.00632827 0
28 4635.45 -587.53 17.2165 0.0104916 0
29 776.802 -92.2284 2.58327 0 0
30 1378.65 -170.65 4.6077 0.0295319 0
31 342831 -44263.9 815.688 32.1991 0
32 11545.2 -1654.28 58.0619 0.0161537 0
33 39817.2 -4502.89 122.449 0.000610623 0
34 15.2298 -1.80138 0.0754397 0.000610623 0
35 42716.9 -5207.34 150.448 0.0615619 0
36 78850.2 -10208 306.523 0.00799361 0
37 16383.6 -2352.46 84.4798 0.00244249 0
38 224777 -29014.2 854.216 0.0560108 0
39 96.9136 -11.9526 0.370537 0.000166533 0
40 2921.47 -444.047 16.1492 0 0
41 314.074 -39.6914 1.21891 0.000222045 0
42 729.746 -87.5291 2.62007 0.00133227 0
43 3150.26 -417.824 13.906 0.000666134 0
44 1416.1 -155.602 3.7752 0.0132672 0
45 7518.45 -881.851 24.4774 0.00127676 0
46 2421.01 -310.37 9.82914 0.00266454 0
47 15719 -2384.28 89.0143 0.000111022 0
48 2.80897e+07 -2.80029e+06 16515 2937.55 0
49 189.666 -26.4849 0.916378 0.000111022 0
50 198.125 -26.2859 0.518696 0.0238143 0
51 235.009 -26.2678 0.0373035 0.0441314 0
52 3977.62 -541.539 16.6293 0.0910383 0
53 2917.12 -360.013 9.40148 0.00593969 0
54 6185.83 -726.062 20.1761 0.00788258 0
55 760.162 -74.2884 1.47704 0.0152656 0
56 6680.14 -818.519 16.9976 0.403511 0
57 2260.12 -297.307 9.41058 0 0
58 491.517 -56.7411 1.36513 0.0116018 0
59 1007.53 -121.785 2.86815 0.0258682 0
60 6985.05 -872.915 26.3935 0.00216493 0
61 564.012 -73.3673 2.32225 5.55112e-05 0
62 503.028 -64.2327 2.01178 5.55112e-05 0
63 3882.71 -543.739 18.4875 0.00216493 0
64 419483 -47578.4 607.109 37.0752 0
65 515.694 -65.5544 1.98913 0.000721645 0
66 266.514 -31.4187 0.901335 0.000166533 0
67 399.584 -57.6325 2.03193 5.55112e-05 0
68 52.1181 -5.58605 0.212774 5.55112e-05 0
69 3695.2 -472.65 14.3713 0 0
70 5.48637e+06 -602978 14011.1 54.5218 0
71 6836.65 -966.883 32.656 0.000222045 0
72 286.894 -37.3729 1.20365 0 0
73 7.38189e+06 -921860 26248.8 0.539346 0
74 334334 -39675.7 974.179 8.47489 0
75 299.337 -32.569 0.849376 0.00105471 0
76 65.5536 -13.7392 0.119016 0.0180966 0
77 382.289 -46.3731 1.33837 0.000111022 0
78 146472 -18133.3 529.238 0.00710543 0
79 38.2755 -5.15605 0.207057 5.55112e-05 0
80 36372.4 -4557.89 134.673 0.0240363 0
81 10903.1 -1772.05 72.6108 0.00216493 0
82 6.72909e+06 -833379 24209 0.117517 0
83 253289 -35865.2 1153.17 0.503209 0
84 2164.26 -259.477 6.77186 0.0436318 0
85 86806.2 -10630.5 320.155 0.00371925 0
86 1986.06 -218.69 2.66642 0.13306 0
87 1315.77 -127.914 2.92005 0.00416334 0
88 -4.36196 1.0614 5.55112e-05 0 0
89 642195 -70011.4 145.908 100.957 0
90 -5.8102 0.806208 0.0263123 0 0
91 1.49053 0.453822 0.00588418 0.000333067 0
92 76623.3 -7036.88 2.34779 7.99649 0
93 271.367 -32.2238 0.793421 0.00882627 0
94 523.032 -57.0882 1.52461 0.000222045 0
