0 -8.0896 1.16137 5.55112e-05 0 0
1 7677.71 -1066.33 35.3243 0.00321965 0
2 15816 -2268.86 80.0932 0.000388578 0
3 597.922 -78.6643 2.4819 0.0014988 0
4 62.527 -6.60923 0.207279 0.000333067 0
5 566.208 -71.225 2.16654 0.000888178 0
6 975.175 -132.17 4.52988 0.0158207 0
7 122.372 -13.1378 0.359046 0.00677236 0
8 45766.4 -4734.79 4.87566 6.72168 0
9 4511.95 -563.681 16.7178 0.0014988 0
10 1773.05 -197.151 4.1277 0.0335842 0
11 32.3879 -4.39843 0.181133 5.55112e-05 0
12 306.074 -29.0233 0.746236 0 0
13 788.568 -116.735 4.23894 0 0
14 -4.00738 0.908342 0.00432987 0 0
15 2597.23 -335.826 10.2849 0.000388578 0
16 1429.56 -208.547 7.33502 0.0004996 0
17 8.95069e+06 -1.0098e+06 26253.3 0.44581 0
18 -29.5549 1.19389 0.163702 0.0004996 0
19 374.613 -47.8541 1.44834 0.00316414 0
20 508625 -56187.7 390.427 63.1567 0
21 0.581538 0.491164 0.017486 0 0
22 1244.06 -164.224 5.12912 0.0219269 0
23 3051.38 -418.357 13.8157 0.00227596 0
24 132.174 -14.2401 0.417721 0.000277556 0
25 4276.71 -566.533 16.98 0.143108 0
26 1074.83 -114.869 0.565881 0.120681 0
27 13.1366 0.0322867 0 0.00166533 0
28 -7.26029 1.1376 0.000111022 0 0
29 883.226 -109.666 2.7901 0.0335842 0
30 13.7479 -0.512917 0.00871525 0.000388578 0
31 38790.6 -4591.04 125.376 0.132672 0
32 144.038 -18.2436 0.609013 0.000333067 0
33 539.144 -72.2128 2.52809 0.00116573 0
34 8312.77 -925.449 24.8493 0 0
35 0.388551 0.729145 0.000222045 0 0
36 -1.45068 0.911853 0 0 0
37 23.7139 -0.880359 0.0516254 0 0
38 -0.224831 0.790775 0 0 0
39 64.3904 -6.95018 0.217604 0.000888178 0
40 684.463 -81.9186 2.33746 0 0
41 10710.8 -1418.61 44.131 0.0370259 0
42 2876.86 -276.961 6.1568 0.0732192 0
43 9.4708e+06 -827992 2290.01 600.494 0
44 362380 -40294.5 799.767 12.7603 0
45 10804.6 -1162.46 28.0447 0.154543 0
46 1.68201e+07 -1.37309e+06 5.13095 1277.42 0
47 557.679 -74.566 2.59337 0.000555112 0
48 2391.53 -304.601 9.07802 0.0277001 0
49 493.136 -75.3955 2.73292 0.000832667 0
50 7472.34 -1076.6 39.2322 0.0290323 0
51 350674 -42131.6 1027.79 7.848 0
52 2222.23 -247.725 6.57729 0.00260902 0
53 913.473 -118.822 3.72619 0 0
54 133561 -17816.5 566.585 0.0819345 0
55 1.2305e+07 -1.31666e+06 2779.59 1854.24 0
56 421.703 -50.2003 1.39244 0.00638378 0
57 7842.72 -948.35 27.4145 0.0404676 0
58 340665 -38336.2 68.9975 45.8015 0
59 1180.1 -169.079 5.60263 0.00388578 0
60 1224.62 -150.591 3.02686 0.0962008 0
61 15837.9 -1935.29 53.0744 0.205058 0
62 -2.7521 0.912584 0 0 0
63 3418.02 -437.195 12.6667 0.057343 0
64 567.804 -76.6385 2.46181 0.0132672 0
65 326243 -38219 638.572 27.1149 0
66 6.6202 0.161728 0.0161537 5.55112e-05 0
67 118.115 -10.8638 0.289102 0 0
68 506.797 -76.7494 2.94303 0.0134892 0
69 69987.3 -9448.44 287.144 0.000166533 0
70 2.56947e+06 -316356 9072.39 0.230926 0
71 1668.47 -201.474 6.01497 0 0
72 1117.43 -151.877 3.77537 0.0791034 0
73 184.387 -24.7994 0.872413 5.55112e-05 0
74 5730.86 -786.761 25.2786 0.0319744 0
75 107747 -14609.6 454.218 0.000166533 0
76 249.971 -31.5161 1.03201 0.000277556 0
77 29.4247 -2.97337 0.101696 0.000555112 0
78 5681.52 -694.349 19.674 0.00566214 0
79 3149.16 -405.188 12.3016 0.00532907 0
80 227641 -28098 785.384 0.44198 0
81 52946.7 -6599.35 201.887 0.00949241 0
82 1.32958 0.806825 0 0 0
83 217.36 -30.5669 1.29696 0.00188738 0
84 793.208 -95.2303 2.87931 0.000388578 0
85 17671.7 -1842.89 49.6189 0.000999201 0
86 376.312 -36.0273 0.370648 0.0245359 0
87 491.488 -60.7828 1.64158 0.0129896 0
88 1046.57 -160.771 5.21877 0.0820455 0
89 12944.8 -1760.21 57.857 0.00976996 0
90 15.2845 -0.809411 0.0419109 0.000166533 0
91 63.8724 -6.45827 0.180966 0.000610623 0
92 312883 -37556.1 660.923 23.4645 0
93 1425.11 -192.315 5.86425 0.0382472 0
94 411034 -45832.7 421.619 45.6977 0
