0 883.517 -123.715 4.17782 0.000166533 0
1 146708 -20871.2 716.447 0.000832667 0
2 1840.63 -271.137 9.57057 0.000610623 0
3 1921.91 -239.292 6.86534 0.000388578 0
4 -3.486 0.993351 0.00138778 0 0
5 6133.05 -756.984 23.7085 0.000111022 0
6 659.491 -81.5833 2.34818 0.000222045 0
7 1276.43 -156.565 4.54797 0.0019984 0
8 453.994 -55.9485 1.66139 0.000444089 0
9 33457.7 -3863.64 99.5894 0.188127 0
10 0.968027 0.734195 0.000333067 5.55112e-05 0
11 1106.03 -158.83 5.47506 0 0
12 340.974 -43.3229 1.29169 0.000999201 0
13 1558.76 -188.633 4.93761 0.0059952 0
14 477.124 -57.6759 1.6242 0 0
15 6276.48 -853.883 26.9647 0.0355271 0
16 45634.5 -6479.5 222.133 0.0107692 0
17 -18.3669 2.15971 0.000277556 0 0
18 3998.99 -429.858 9.26642 0.0310307 0
19 202.599 -23 0.556111 0.00260902 0
20 182429 -19950.4 418.142 2.33041 0
21 12.5813 -0.821593 0.0478506 0 0
22 828.141 -106.948 3.20793 0.00105471 0
23 93.6506 -10.9664 0.333178 0.000222045 0
24 -0.273245 0.731534 0.00188738 0 0
25 367.852 -42.3712 1.27787 0.000388578 0
26 574.998 -78.2526 2.431 0.00854872 0
27 694.804 -88.4299 2.45665 0.0094369 0
28 1195.04 -136.261 3.37963 0 0
29 -145.521 -0.979918 0.307532 0.0160427 0
30 50710.2 -5095.54 127.695 0 0
31 2431.39 -294.918 8.27338 0.00610623 0
32 76.5203 -7.31578 0.205225 0 0
33 1309.13 -182.694 6.32228 0.0004996 0
34 2400.65 -278.516 7.29572 0.00421885 0
35 -1.65506 0.989618 0 0 0
36 384.356 -43.5448 1.46805 0 0
37 778.239 -105.226 3.37697 0.00094369 0
38 4718.43 -720.262 22.995 0.0019984 0
39 -1.1024 0.650111 0.00177636 0.0004996 0
40 367718 -41879.6 591.552 31.6662 0
41 6.39565e+06 -677865 3614.29 690.718 0
42 1155.61 -161.827 5.48828 0 0
43 19222.1 -2624.46 88.0931 0.00188738 0
44 26.5161 -1.70512 0.0487388 0 0
45 803.629 -91.517 2.95619 0 0
46 638.618 -81.5675 2.56167 0.000666134 0
47 92.9112 -8.92893 0.111633 0.00655032 0
48 1.12223e+06 -112690 607.724 95.6287 0
49 245.405 -30.8804 0.893396 0.000444089 0
50 101.271 -11.1562 0.354994 5.55112e-05 0
51 178.753 -22.415 0.708655 0.000111022 0
52 2471.79 -307.504 8.93952 0.00160982 0
53 58.3525 -5.7568 0.17536 0.000166533 0
54 -55.3224 3.95578 0.00105471 0 0
55 2.09646 0.710289 0 0 0
56 151.024 -17.891 0.495715 0.00260902 0
57 427.283 -49.5034 1.35647 0.00183187 0
58 64522.4 -8395.04 249.047 0.000277556 0
59 4468.41 -611.275 19.9066 0.000610623 0
60 4328.85 -661.846 25.8606 0.00144329 0
61 212.066 -26.0406 0.711931 0.00238698 0
62 28033.4 -3667.76 113.044 0.054956 0
63 2209.16 -309.556 10.5472 0.000111022 0
64 876.123 -123.763 4.24516 0.00116573 0
65 1782.54 -271.393 10.3225 0.00210942 0
66 2407.14 -268.273 7.02421 0.0229261 0
67 156.757 -20.1045 0.631384 0.000555112 0
68 6.41e+06 -794397 23298.3 1.84114 0
69 5071.46 -659.046 20.0839 0.0004996 0
70 -7.02077 1.02403 0 0 0
71 39274.9 -4443.16 112.334 0.000555112 0
72 551964 -61347.9 299.536 79.0153 0
73 638.243 -80.4477 2.29838 0.00799361 0
74 1012.94 -127.537 3.90782 0.000555112 0
75 1.36202e+07 -1.38634e+06 2.05347 1860.58 0
76 -5.68288 0.75509 0.0130451 0 0
77 -3.381 0.851654 0 0 0
78 2.41168e+07 -1.56518e+06 83.3534 375.964 0
79 3037.83 -399.359 12.9512 0.0034972 0
80 2301.63 -318.528 10.6052 0 0
81 2090.47 -261.528 7.52942 0.0134892 0
82 22162.5 -2935.37 89.9187 0.0230371 0
83 1032.77 -141.895 4.69558 0 0
84 1541.73 -208.359 6.81233 0.000222045 0
85 2.50394e+06 -331560 9887.24 0.408673 0
86 710.176 -94.7542 2.70561 0.0215938 0
87 757504 -76549.6 6.41664 97.0704 0
88 10.5085 -0.649957 0.0470179 5.55112e-05 0
89 69.3945 -8.92461 0.324851 0.000277556 0
90 20309.6 -2645.33 79.8212 0.00877076 0
91 69092 -8035.95 231.378 0.00877076 0
92 8119.15 -1264.99 47.9023 0.0106581 0
93 35.7441 -3.3595 0.147438 0.000333067 0
94 50.2775 -5.60591 0.0415223 0.00860423 0
