0 859.943 -91.9657 2.38015 0.00105471 0
1 1.79535e+06 -183924 4446.1 0.000333067 0
2 12672.7 -1360.71 37.032 0.00216493 0
3 513.296 -69.7546 2.63306 0.00144329 0
4 78336.8 -9456.12 265.297 0.00383027 0
5 22295.5 -2672.44 72.5633 0.0193734 0
6 102441 -12274 329.582 0.000222045 0
7 470.488 -60.0576 1.8564 0.0004996 0
8 3738.84 -463.646 14.1999 0.00394129 0
9 577983 -76605.2 2435.99 0 0
10 500.247 -70.9049 2.5806 0.000999201 0
11 57.66 -7.03222 0.219047 0.00094369 0
12 839557 -102778 2897.28 0.00233147 0
13 807205 -102474 2991.03 0.00127676 0
14 2781.22 -368.042 11.5544 5.55112e-05 0
15 705.756 -88.3155 2.3091 0.0156541 0
16 21809 -2690.89 79.2641 0 0
17 1287.81 -163.622 5.04496 0.000666134 0
18 118.585 -15.8745 0.547451 0 0
19 14769.6 -1911.74 57.9051 0.054734 0
20 733.084 -99.276 3.22831 0.000777156 0
21 13244.5 -1628.73 47.0115 0.00394129 0
22 537.557 -80.5556 2.99416 0 0
23 142.428 -18.8118 0.628664 5.55112e-05 0
24 259.773 -28.6001 0.0819345 0.052236 0
25 1396.71 -170.257 4.67709 0.0338063 0
26 209.515 -23.7499 0.619838 5.55112e-05 0
27 395.384 -52.2765 1.82371 0 0
28 32.8824 -4.08501 0.168532 0.000111022 0
29 492808 -52897.4 372.712 53.2598 0
30 2374.08 -291.402 8.55127 0.0111022 0
31 -3.63578 0.964679 0 0 0
32 1643.98 -177.649 4.85434 0.00588418 0
33 515815 -55721.1 188 71.8007 0
34 1496.3 -194.038 6.04744 0 0
35 2891.54 -417.891 14.118 0.0293654 0
36 1869.63 -246.299 7.46131 0.0254241 0
37 332165 -42772.3 1229.58 6.83881 0
38 -14.6284 1.5702 0 0 0
39 -0.790567 0.795233 0 0 0
40 1292.54 -147.665 3.98848 0.000832667 0
41 -0.776474 0.712124 0.00122125 0 0
42 182860 -20106.8 512.904 0.0459077 0
43 246.808 -27.7588 0.839884 5.55112e-05 0
44 1838.69 -267.795 9.12614 0.019762 0
45 -2.26856 0.603743 0.00183187 0.000333067 0
46 433.26 -53.3273 1.29458 0.0180966 0
47 137.361 -18.0685 0.608902 0.00233147 0
48 253.048 -36.9878 1.44118 0 0
49 352152 -41634.1 861.117 17.9134 0
50 34.605 -3.77127 0.134392 0 0
51 8365.15 -1154.41 38.0277 0.000999201 0
52 1196.88 -149.499 4.23683 0.00793809 0
53 4842.71 -570.146 15.2218 0.0575096 0
54 17.4409 -1.62578 0.0743294 0.000111022 0
55 -41.7636 1.14399 0.0975331 0.000333067 0
56 209.615 -19.8718 0.310196 0.00799361 0
57 1.1451 0.349108 0.0140998 5.55112e-05 0
58 23.9572 -2.34724 0.0839884 0.000333067 0
59 893.452 -135.401 5.07677 0.000610623 0
60 -6.79327 1.03647 0 0 0
61 283061 -38520.8 1248.14 0.000166533 0
62 460020 -49143.4 276.538 56.6333 0
63 3844.74 -548.662 19.0216 0.00111022 0
64 3540.41 -400.187 10.7033 0.000222045 0
65 384533 -40946.4 226.509 47.4927 0
66 693.998 -99.5425 3.60795 0.00138778 0
67 23789.8 -2683.42 62.3133 0.0516809 0
68 57731 -7783.48 244.765 0.0380251 0
69 2.33213e+07 -2.49958e+06 324.296 3487.56 0
70 23.2166 -1.6622 0.0521805 0.000721645 0
71 35.725 -3.07683 0.0690559 0.00166533 0
72 529.932 -61.0181 1.68066 0.000777156 0
73 2.64281e+06 -337076 10227.8 0.979328 0
74 8360.23 -1139.43 36.4534 0.00194289 0
75 541427 -58032.1 224.731 73.5622 0
76 1132.4 -160.824 6.61754 0.000333067 0
77 15784.4 -2158.44 69.5769 0.110911 0
78 1.76784e+07 -1.61875e+06 0.0431322 1808.86 0
79 1706.56 -226.869 7.21329 0.00116573 0
80 -0.96027 0.602892 0.014877 0 0
81 314.052 -42.6995 1.5104 0.00216493 0
82 642.976 -95.2977 3.02008 0.0274225 0
83 155.22 -20.553 0.671074 0.000610623 0
84 1047.34 -128.385 3.5914 0.00227596 0
85 8064.6 -1160.54 41.8284 0.00488498 0
86 322.591 -42.3128 1.25888 0.00621725 0
87 182848 -16675.7 0.0738298 19.9736 0
88 199517 -26540.5 827.368 0.104139 0
89 546.442 -74.504 2.44632 0.00094369 0
90 4261.7 -577.305 18.0128 0.0795475 0
91 8365.09 -1070.83 33.3096 0.00544009 0
92 76.1558 -9.73064 0.335454 0.000555112 0
93 3823.65 -488.132 15.1802 0.0233702 0
94 777.28 -110.998 4.09317 5.55112e-05 0
