0 6385.4 -754.916 22.5895 0.000333067 0
1 48.097 -4.57442 0.00965894 0.0059952 0
2 -7.11765 0.944423 0 0 0
3 1972.88 -259.323 8.05506 0.01249 0
4 44825.9 -6058.1 203.567 0.00577316 0
5 9730.85 -1423.64 51.1847 0.0189848 0
6 56932.6 -7691.04 251.229 0 0
7 177.591 -22.1597 0.575207 0.0121014 0
8 1642.49 -232.822 8.01764 0.000666134 0
9 1314.62 -171.048 4.52538 0.0404676 0
10 198570 -28732.7 1011.78 1.26121 0
11 1162.77 -134.802 3.93835 0 0
12 7643.96 -1024.94 32.9829 0.0432987 0
13 1676.71 -238.001 7.16815 0.0843769 0
14 38726.4 -5051.59 165.328 0.0133782 0
15 5375.42 -684.123 20.8178 0 0
16 279404 -71596.1 2674.72 0.0289768 0
17 8314.91 -1025.6 31.362 0.000388578 0
18 664.718 -77.6182 2.06929 0.00760503 0
19 39351.2 -5323.77 177.979 0.0744405 0
20 2479.4 -309.185 8.06311 0.0704992 0
21 4013.54 -579.004 19.1445 0.0634492 0
22 1510.59 -223.532 8.43969 0.000610623 0
23 14826.5 -1837.64 56.7026 0.00910383 0
24 284333 -30518 313.336 27.5113 0
25 1098.83 -138.562 4.21746 0.0101585 0
26 2.01496e+07 -2.42268e+06 69608.5 0.123346 0
27 73069.4 -7699.08 56.4751 8.07521 0
28 895.908 -105.039 3.27743 0.000277556 0
29 113547 -14825.6 464.22 0.147937 0
30 6.87396e+06 -855962 25097.6 2.71544 0
31 3.14862e+06 -359503 9527.64 0.0204836 0
32 13682.7 -1765.47 53.3971 0.000666134 0
33 3118.67 -432.528 15.0287 0.000222045 0
34 175698 -30190.3 1269.18 0.0324185 0
35 70575 -9610.94 311.592 0.0180411 0
36 324919 -37572 813.995 11.1237 0
37 64489.3 -10338.7 397.404 0.340727 0
38 216.348 -30.6872 1.1855 0.000111022 0
39 268976 -35121.4 980.979 0.0842104 0
40 416272 -50708.2 166.044 91.3232 0
41 -3.22195 0.590451 0.00366374 0.000166533 0
42 2471.03 -337.247 11.0507 0.01249 0
43 862.418 -114.728 3.71825 0.000333067 0
44 619.129 -57.7202 1.47932 5.55112e-05 0
45 1831.65 -227.228 6.57391 0.0305311 0
46 4.14881e+06 -550606 17358.6 0.0167644 0
47 -18.9217 2.43914 0.00205391 0 0
48 781.27 -84.0024 1.77008 0.0204836 0
49 6.80962e+06 -907759 28835.3 0.0252576 0
50 765.656 -98.9791 3.33611 0.000777156 0
51 3025.03 -336.406 8.68011 0.000111022 0
52 2739.64 -339.083 9.88176 0 0
53 -7.69075 0.88956 0.00621725 0 0
54 2167.81 -280.292 8.78414 0.000111022 0
55 323.332 -42.2683 1.38722 0.000222045 0
56 1067.41 -176.395 6.9158 0.00360822 0
57 4.57337e+06 -653043 22883 0.355216 0
58 24.8932 -3.35319 0.147327 0 0
59 4039.75 -584.524 19.6494 0.0287548 0
60 -10.9056 1.21463 0.00532907 0 0
61 1052.75 -127.008 3.20199 0.0480727 0
62 48944.8 -5392.28 8.65086 7.44249 0
63 847.605 -101.483 2.04486 0.0515699 0
64 1395.06 -183.306 5.98466 0 0
65 3.72272e+06 -480077 14956.5 1.18938 0
66 616.06 -75.0743 1.32011 0.0578426 0
67 3267.64 -459.982 16.136 0.000832667 0
68 2.39387e+06 -313367 9388.38 0.162315 0
69 58.8497 -7.27736 0.244915 0.000111022 0
70 7.08601 -0.946669 0.086875 0.000555112 0
71 434.25 -56.0676 1.73223 0.000444089 0
72 4957.69 -659.01 21.8556 0.00144329 0
73 643.19 -85.9279 2.63167 0.000555112 0
74 124.945 -11.1066 0.128342 0.00188738 0
75 9.13654e+06 -1.01686e+06 25409.1 0.164868 0
76 7327.2 -1140.94 38.7119 0.00544009 0
77 147.152 -18.7835 0.602463 0.000610623 0
78 67.2644 -7.48041 0.31275 0 0
79 1005.01 -131.99 4.0547 0.00155431 0
80 2.10407e+07 -2.25363e+06 222.099 3327.62 0
81 668.571 -96.5784 3.35654 0.000166533 0
82 2268.61 -294.919 9.1846 0.00777156 0
83 -0.540045 0.764308 0 0 0
84 4634.61 -664.248 21.4587 0.0432987 0
85 3646.17 -589.778 24.005 0.00216493 0
86 1093.07 -138.565 4.08851 0.00177636 0
87 721.373 -113.22 4.42046 0.000832667 0
88 1235.94 -166.105 5.12851 0.0130451 0
89 493209 -64711.6 1981.26 0.255129 0
90 1409.36 -220.53 8.41377 0.00666134 0
91 -1.38494 0.724829 0.00105471 0 0
92 6011.38 -811.659 24.5468 0.0392464 0
93 1480.72 -183.616 3.56448 0.11624 0
94 437864 -50671.6 695.191 36.4969 0
