0 381.773 -50.2263 1.43185 0.00838218 0
1 1919.18 -240.975 6.05183 0.042133 0
2 13.7966 -0.70226 0.0123235 0.00111022 0
3 43.7873 -5.4813 0.187406 0.000222045 0
4 323.212 -41.665 1.16829 0.000666134 0
5 678.453 -89.1211 2.53886 0.00166533 0
6 128.824 -12.5368 0.29593 0.00544009 0
7 644392 -75117.1 1537.19 15.502 0
8 7.7076 -0.189778 0 0.000832667 0
9 42.5932 -5.88121 0.175582 0.00188738 0
10 -0.470372 0.358863 0.00710543 5.55112e-05 0
11 1808.48 -268.772 9.5603 0.000832667 0
12 160.624 -22.8035 0.78143 0.00133227 0
13 121.08 -17.1855 0.614397 0.000111022 0
14 535.039 -64.1363 1.66933 0.000222045 0
15 3.19757 0.556408 0.000222045 0 0
16 6.04401 -0.184534 0.000666134 0.000888178 0
17 -1.79961 0.7211 0 0 0
18 18.0842 -1.42137 0.0359157 0 0
19 164.35 -19.7405 0.56799 0.000222045 0
20 282.03 -38.5914 1.24423 0.000999201 0
21 810.28 -118.603 4.68214 0 0
22 797.938 -108.546 3.58474 0.000111022 0
23 2291.52 -321.597 10.3607 0.0109912 0
24 321.414 -49.5468 1.85629 0.000277556 0
25 219.258 -29.5084 0.948075 0.000333067 0
26 31.9806 -3.05773 0.246025 0.000388578 0
27 76.1543 -9.9667 0.329958 0.000610623 0
28 98.0342 -12.1825 0.343392 0.00105471 0
29 478.306 -67.6741 2.17931 0.00310862 0
30 4094.62 -502.881 13.0109 0.0344724 0
31 58.6844 -6.65572 0.232814 0 0
32 93.6862 -10.0861 0.327627 0.000555112 0
33 1061 -137.234 2.76634 0.0733857 0
34 960.911 -119.903 3.23724 0.00294209 0
35 512356 -58707.6 935.883 31.4005 0
36 213.201 -29.5533 0.981548 0.000666134 0
37 68.7328 -10.2516 0.421163 5.55112e-05 0
38 904.701 -119.724 3.48194 0.000222045 0
39 1287.94 -162.586 4.37012 0.000888178 0
40 69822.3 -8362.32 192.63 0.000555112 0
41 230029 -27957.1 698.999 0.277112 0
42 318.35 -79.9809 4.01673 0.000277556 0
43 59.2324 -7.30254 0.203892 0.00116573 0
44 602.725 -81.196 2.45742 0.0019984 0
45 3457.43 -499.606 16.695 0.0169309 0
46 664.028 -90.248 2.83423 0 0
47 226356 -34074.8 1132.76 0.0464628 0
48 154.093 -17.4939 0.573208 0.0185962 0
49 2042.21 -269.44 8.27538 0 0
50 1139.58 -146.144 4.17605 0.00266454 0
51 6664.72 -806.257 19.1873 0.0309197 0
52 1.54525 0.318509 0.0113798 0 0
53 2713.1 -362.094 10.3522 0.0368594 0
54 -7.38559 1.00824 0 0 0
55 -6.54955 0.850294 0 0 0
56 -1.35121 0.718358 0 5.55112e-05 0
57 281.072 -29.5414 0.163203 0.0303091 0
58 -4.59702 0.85462 0.000166533 0 0
59 124.912 -23.0766 1.17678 0.00305311 0
60 466.974 -54.5196 1.2505 0.00999201 0
61 163.738 -27.2125 1.01258 0.0137113 0
62 257.81 -28.6309 0.240419 0.0225375 0
63 -1.98007 0.568834 0 0 0
