0 178.473 -25.6165 0.893119 0.000111022 0
1 138.124 -24.3115 1.45717 0.000333067 0
2 -2.28384 0.811584 0.000277556 0 0
3 2.32782 0.431128 5.55112e-05 0 0
4 60.7458 -7.76061 0.174305 0.00754952 0
5 -4.75476 0.758676 5.55112e-05 0 0
6 1866.16 -260.417 8.27921 0.000166533 0
7 189.134 -24.6709 0.615397 0.0109912 0
8 405.529 -44.8865 0.506706 0.029754 0
9 2.70895e+07 -2.90956e+06 20.7996 3462.12 0
10 913.227 -111.53 3.0142 0.000111022 0
11 1529.48 -176.946 3.09086 0.0991429 0
12 822.519 -114.305 3.89838 0.00693889 0
13 8256.96 -1411.92 60.5861 0.0034972 0
14 1029.41 -134.126 4.27119 0.00521805 0
15 50.9412 -6.86586 0.243028 0.000333067 0
16 946.93 -149.456 6.08114 0.035083 0
17 312.229 -45.5272 1.64907 0.000388578 0
18 234.393 -30.5337 0.899225 0.00160982 0
19 886.818 -123.928 4.27902 0 0
20 -3.30547 0.701258 0 0 0
21 5876.32 -778.605 24.2081 0.00266454 0
22 260.749 -43.1767 1.49675 0.000166533 0
23 24.8711 -2.70245 0.107636 0 0
24 3228.23 -484.567 17.4804 0.0029976 0
25 1913.61 -263.411 8.06738 0.000388578 0
26 2493.65 -368.773 13.2218 0.00111022 0
27 -135.8 -13.2667 1.08547 5.55112e-05 0
28 13.7438 -1.54463 0.0880962 0 0
29 31030.7 -4216.15 130.101 0.103306 0
30 1181.29 -181.105 6.87872 0.000721645 0
31 5437.32 -796.668 28.1007 0 0
32 298.706 -38.6765 1.49791 0.0193179 0
33 697.028 -90.4448 2.69673 0.000444089 0
34 484652 -57765.9 874.513 35.9375 0
35 1238.08 -145.217 4.55574 0.0107137 0
36 10.7548 -1.04809 0.0366374 0.000832667 0
37 216.621 -31.9651 1.11666 0.00105471 0
38 383.971 -52.7113 1.53771 0.00882627 0
39 -3.60824 0.655048 0.000832667 0 0
40 4.63546 -1.04613 0.0754952 0.000111022 0
41 531.108 -94.0414 4.43717 5.55112e-05 0
42 73533.2 -9733.42 256.692 0.000721645 0
43 510106 -73140.8 2391.82 0 0
44 109.522 -17.8335 0.815403 0 0
45 -1.81161 -0.901585 0.104583 0.0004996 0
46 524.129 -67.4904 1.8594 0.0108247 0
47 861.691 -120.722 3.81251 0.00233147 0
48 6468.17 -997.81 38.2551 0.000222045 0
49 1039.61 -173.475 7.72971 0.0220934 0
50 -4.36697 0.775914 0 0 0
51 769.845 -117.432 4.08451 0.000832667 0
52 2614.39 -375.924 12.6182 0.00410783 0
53 30328.6 -4120.33 127.573 0.00494049 0
54 1111.25 -149.446 4.78856 0.0034972 0
55 -0.791029 -0.00404759 0.0266454 0 0
56 2107.14 -311.201 10.9739 5.55112e-05 0
57 13704.8 -1811.9 49.6795 0.0625056 0
58 61.4239 -7.89261 0.244582 0.00111022 0
59 12519.4 -1713.52 50.3209 0.000333067 0
60 93.9732 -9.27182 0.187239 5.55112e-05 0
61 11585.1 -1809.84 67.6252 0.0170419 0
62 451483 -51565.8 336.399 57.1659 0
63 9068.93 -1292.44 45.0488 0.00205391 0
