0 353.181 -40.1543 0.790978 0.0193179 0
1 23732 -2980.46 87.8568 0.132894 0
2 677.491 -90.0692 2.79016 0.00116573 0
3 600.034 -81.6226 2.56489 0 0
4 -6.51711 0.738526 0.0123235 0 0
5 4352.74 -556.049 17.2305 0.00355271 0
6 675.913 -76.3238 2.00234 0.000222045 0
7 413.186 -46.5747 1.39261 5.55112e-05 0
8 -13.9224 1.39203 0.00188738 0 0
9 1637.78 -177.169 4.48414 0.0110467 0
10 425.251 -47.9095 1.26033 0.000333067 0
11 238.553 -36.6213 1.42036 5.55112e-05 0
12 590.295 -71.3004 2.3837 0.000111022 0
13 190.07 -21.2166 0.665912 0.000111022 0
14 427653 -69930.6 2107.01 0.809963 0
15 -4.54923 0.342395 0.0240363 0 0
16 -8.67865 1.06609 0 0 0
17 1122.85 -138.779 3.67179 0.03475 0
18 7.10232 -0.959661 0.0582867 0 0
19 167.429 -27.2718 1.07253 0.000222045 0
20 7.89233e+06 -948053 22790.2 154.813 0
21 343.519 -46.3675 1.39722 0.00383027 0
22 616.791 -80.201 2.45809 0.00188738 0
23 67373.3 -7279.74 155.148 1.49936 0
24 65.6927 -8.92713 0.294764 5.55112e-05 0
25 200822 -24790.1 655.22 4.31283 0
26 61.8122 -8.43237 0.289935 0.000444089 0
27 906.21 -127.627 4.56646 0 0
28 4.80767e+06 -603692 18201.9 0.0476841 0
29 2799.09 -282.077 6.8216 0.0121569 0
30 6.68224 -1.39091 0.0930922 0 0
31 -7.81689 0.935396 0.00310862 0 0
32 4.23798 -0.157069 0.0399125 0 0
33 124.59 -14.0054 0.474898 0 0
34 3.72201 0.449189 0.000166533 0.000388578 0
35 5.49032e+06 -638470 17068.6 0.16781 0
36 2886.36 -404.362 14.1027 0.0198175 0
37 2510.36 -310.451 9.31744 0.0138778 0
38 4412.48 -519.83 14.4343 0.0369704 0
39 15969.1 -2031.02 63.0281 0.0189848 0
40 1730.58 -225.826 7.21767 0.014877 0
41 380319 -40071.3 593.906 19.2217 0
42 683.258 -99.8199 3.44352 0.00843769 0
43 398111 -44482.9 1008.65 8.7596 0
44 16262.9 -2144.44 64.3563 0.0209832 0
45 247.887 -22.7605 0.04996 0.0241474 0
46 671.951 -83.7741 2.25814 0.00310862 0
47 1431.25 -267.251 9.21468 0.0235922 0
48 349.498 -46.5547 1.43108 0.000888178 0
49 27473.1 -3634.08 117.205 0.0141553 0
50 9434.62 -1332.64 45.1517 0.0014988 0
51 443.935 -51.9702 0.991318 0.0207612 0
52 289.101 -34.9279 0.932421 0.0139333 0
53 192.688 -23.2991 0.771661 0.00127676 0
54 125.048 -16.0427 0.483391 0 0
55 487.979 -65.3916 2.44949 5.55112e-05 0
56 35.5747 -3.12349 0.0613398 0.00160982 0
57 456141 -58490.6 1389.34 26.768 0
58 1633.36 -233.867 8.11651 0.00766054 0
59 62.4398 -8.05876 0.193345 0.00455191 0
60 105.905 -12.8312 0.434541 0 0
61 3404.25 -322.768 3.82377 0.129174 0
62 2511.88 -308.586 9.50201 5.55112e-05 0
63 -5.89646 0.96158 0 0 0
64 70.517 -8.15298 0.270839 0 0
65 14.9589 -1.22266 0.0561218 0.000333067 0
66 2264.37 -264.81 7.6617 5.55112e-05 0
67 154.348 -17.4496 0.288936 0.0109357 0
68 308911 -33834.4 236.208 38.5961 0
69 1.36858e+07 -1.23776e+06 468.983 1382.88 0
70 772.212 -101.507 3.195 0.00127676 0
71 212.035 -22.865 0.620559 0 0
72 343867 -38068.6 735.908 14.2604 0
73 112.675 -11.6619 0.332845 0.000166533 0
74 2309.71 -272.923 5.62927 0.122236 0
75 838.764 -105.844 3.07265 0.004996 0
76 786.483 -125.581 4.18821 0.0014988 0
77 2724.35 -342.648 10.0264 0.00627276 0
78 380.116 -57.338 2.25275 0.00122125 0
79 1.22943 0.692369 0 0 0
80 5.32412e+06 -642782 18210 0.338618 0
81 948.874 -104.106 3.16053 0.00272005 0
82 10.2501 -0.421488 0.0223155 0 0
83 41.9348 -5.45909 0.216382 0 0
84 8.89346 -0.00716446 0.0236478 0 0
85 1911.33 -265.478 7.79471 0.0669464 0
86 4631.8 -565.921 16.3802 0.00133227 0
87 459519 -51643.8 820.961 27.9764 0
88 1440.91 -182.649 5.59575 0.000277556 0
89 53.6782 -5.24567 0.196676 0.000832667 0
90 330056 -42632.9 1318.32 0.000666134 0
91 6.10505 0.528072 0 0 0
92 80022.2 -9661.05 266.388 0.140443 0
93 9151.54 -1262.44 41.9978 0.000111022 0
94 -0.271657 0.862872 0 0 0
