0 4834.66 -650.008 21.8613 0.000111022 0
1 1210.85 -148.653 4.41314 0 0
2 43.6573 -10.1046 0.567268 0.000111022 0
3 4.94103 -0.653361 0.0544564 0 0
4 1.8592e+06 -232349 6685.77 1.68388 0
5 19.3711 -2.81054 0.138001 0.000111022 0
6 113.09 -11.3822 0.284051 0.000555112 0
7 22.6635 -3.02884 0.128009 0 0
8 -11.4009 1.33926 0.000111022 5.55112e-05 0
9 78861 -11443.5 391.434 0.57343 0
10 8.3834e+06 -1.00905e+06 28205.8 0.90461 0
11 31.5644 -5.20992 0.231148 0.000222045 0
12 112488 -14049.7 422.442 0.000111022 0
13 2783.85 -315.496 7.91117 0.0656142 0
14 1649.18 -215.592 6.77408 0.00421885 0
15 15.6652 -1.88791 0.0750511 5.55112e-05 0
16 222207 -27302.5 748.254 0.210276 0
17 3981.32 -463.044 12.5232 0.0137113 0
18 346.351 -43.1897 1.28603 0.000277556 0
19 384642 -55494.3 1906.27 0.271838 0
20 483.594 -59.8855 1.68732 0.0094369 0
21 903.087 -124.466 2.93143 0.0721645 0
22 39806.9 -5046.46 157.266 0.0034972 0
23 -12.8008 1.51136 0.00532907 5.55112e-05 0
24 49539.7 -7082.34 237.553 0.00444089 0
25 7.04472e+06 -905627 26169.2 20.2313 0
26 3315.54 -486.627 19.0886 0.000777156 0
27 3640.15 -465.493 14.0699 0.0582312 0
28 814.596 -96.886 2.87481 0.000111022 0
29 8383.11 -1196.07 40.7283 0.0375255 0
30 66.8258 -6.88694 0.168698 0.00222045 0
31 17391.9 -2355.62 79.2578 0.000444089 0
32 922.58 -133.185 4.88387 0.00327516 0
33 -2.87742 0.284993 0.0279221 0.000222045 0
34 1122.26 -145.815 4.92056 0.000832667 0
35 1975.13 -246.014 7.44754 0.00610623 0
36 248143 -26384.5 131.48 31.8454 0
37 16678.8 -2372.52 80.6191 0.00571765 0
38 484015 -52447.3 265.919 63.4798 0
39 1093.33 -131.444 3.55704 0.000666134 0
40 267.933 -34.2229 1.02668 0.00954792 0
41 472.653 -59.3754 1.85507 0.000388578 0
42 102.894 -15.4898 0.604405 0 0
43 4349.66 -603.552 20.0318 0.00122125 0
44 4917.95 -647.741 20.412 0.000333067 0
45 78569 -10253.5 320.553 0.235978 0
46 16.8026 -2.88139 0.0686118 0.00360822 0
47 19.3315 -6.96532 0.465961 5.55112e-05 0
48 1677.35 -202.174 5.80547 0.000388578 0
49 1.03464e+07 -1.28663e+06 38390 0.912603 0
50 1413.98 -165.139 4.47131 0.00605072 0
51 64898 -8374.89 258.781 0.0642819 0
52 354226 -41748.2 983.886 10.8829 0
53 1.48762e+06 -186811 5235.76 0.000111022 0
54 27470.6 -4497.99 27.958 6.5945 0
55 7259.3 -858.002 22.7122 5.55112e-05 0
56 2655.58 -340.54 10.4364 0.000277556 0
57 97.0871 -10.419 0.0743849 0.0134892 0
58 145.819 -16.3014 0.534628 0.00455191 0
59 323576 -41048.7 1080.39 10.6545 0
60 9477.64 -1226.68 35.8087 0.000444089 0
61 6.14147 -1.11465 0.116407 0 0
62 805.31 -101.702 3.01376 0.00666134 0
63 7350.65 -1008.07 32.8922 5.55112e-05 0
64 121.082 -10.6762 0.0568989 0.00954792 0
65 15925.2 -2588.62 101.573 0.142997 0
66 526.823 -75.3225 2.65094 0.00127676 0
67 2.44999e+07 -2.71687e+06 4.16966 3957.48 0
68 419938 -44356.5 364.356 42.419 0
69 425481 -42723.4 216.483 44.4438 0
70 2341.34 -297.791 8.64331 0.0457967 0
71 2475.91 -333.263 10.5719 0.000666134 0
72 4261.72 -571.813 17.9855 0.0106026 0
73 15680.6 -1959.54 59.0005 0.00882627 0
74 3793.17 -507.503 16.167 0 0
75 8432.28 -977.43 28.5181 0.00216493 0
76 220120 -25160.9 603.695 0.11241 0
77 1198.54 -156.314 4.43512 0.0160427 0
78 2185.6 -255.825 6.61382 0.0113243 0
79 908.918 -124.119 3.97432 0.000610623 0
80 1070.58 -142.488 4.36962 0.000111022 0
81 363.433 -38.9911 0.837219 0.00832667 0
82 189.495 -24.2069 0.755174 0.00127676 0
83 399.495 -56.5192 1.91852 0.000444089 0
84 1854.06 -258.739 8.70048 0 0
85 169.079 -16.6766 0.433431 5.55112e-05 0
86 -4.70082 1.01196 0.000166533 0 0
87 198.58 -22.3352 0.630884 5.55112e-05 0
88 12082.1 -1635.16 52.8536 0.00144329 0
89 41.6289 -7.39108 0.30459 0.00116573 0
90 2564.81 -352.195 11.9817 0.00432987 0
91 2449.73 -361.665 11.6664 0.0520695 0
92 258.836 -34.7673 1.15014 0.000166533 0
93 1860.15 -254.745 8.26494 0.0014988 0
94 138.32 -15.8358 0.289824 0.00827116 0
95 0 0 0 0 0
