0 92384.3 -12534.2 409.971 0.0184852 0
1 29.619 -2.9811 0.123845 0.000111022 0
2 -1.76454 0.922119 0 0 0
3 5977.6 -788.417 24.8301 0.00288658 0
4 1230.6 -140.508 3.70665 0.000388578 0
5 425576 -47597.8 544.251 41.4815 0
6 348646 -40415.5 796.042 18.982 0
7 3051.77 -350.369 10.1537 0.000333067 0
8 1136.01 -148.239 4.58722 0.000444089 0
9 365720 -45649.4 1289.01 0.00327516 0
10 220.224 -25.2323 0.153821 0.0461853 0
11 2980.49 -356.99 7.09666 0.200395 0
12 435.757 -57.3429 1.8196 0.00155431 0
13 147.175 -24.866 1.20692 5.55112e-05 0
14 166.305 -9.52128 0.336786 0.00194289 0
15 2027.29 -263.288 7.86488 0.024647 0
16 235299 -25936.1 626.246 0.221212 0
17 6.13305 0.545244 0.00116573 0 0
18 404468 -44699.3 748.757 20.8357 0
19 119.29 -12.7674 0.359879 0 0
20 146.821 -17.3878 0.367373 0.010103 0
21 414805 -43973.2 701.059 20.8923 0
22 374.585 -47.5939 1.62342 0 0
23 58.8398 -7.01079 0.256739 0.000166533 0
24 481.795 -65.2918 2.04142 0 0
25 2.16552 0.49565 0.0291989 0.000388578 0
26 11.8047 0.516173 0.000222045 0 0
27 425.82 -57.5043 2.017 0.000166533 0
28 11498.8 -1355.39 38.2286 0.00138778 0
29 2766.23 -343.581 9.96103 0.00183187 0
30 3378.67 -439.637 14.2785 0 0
31 357244 -40863.7 799.235 18.285 0
32 3973.6 -574.685 19.1713 0.0143219 0
33 369.997 -41.4778 1.1286 0 0
34 160.893 -18.116 0.444089 0.00310862 0
35 737.694 -93.733 2.87048 0 0
36 294.498 -32.8735 0.881961 0.000277556 0
37 0.643312 0.683486 0 0 0
38 16.4519 -0.0901916 0.00188738 0.000610623 0
39 59.9961 -7.78388 0.297762 5.55112e-05 0
40 466.038 -69.7221 2.31926 0.000777156 0
41 608.103 -82.1674 2.70739 0.000111022 0
42 54.4599 -5.78882 0.192235 5.55112e-05 0
43 -0.859907 0.862035 0 0 0
44 678.227 -60.3024 0.419553 0.064837 0
45 1127.8 -151.628 4.73738 0.0034972 0
46 2675.34 -356.699 11.5514 0 0
47 261.9 -28.7063 0.748623 5.55112e-05 0
48 280356 -31584.9 804.924 0.322686 0
49 953.429 -124.46 3.82 0 0
50 91.9634 -10.1781 0.293321 5.55112e-05 0
51 2.11957e+07 -1.88382e+06 5070.88 1862.76 0
52 4091.41 -517.388 16.1718 0 0
53 94.9155 -14.0491 0.557887 0.000166533 0
54 67.1835 -6.35835 0.222711 0 0
55 724694 -98878.6 3198.39 0 0
56 391.156 -54.1378 1.89271 5.55112e-05 0
57 956.732 -125.335 4.00058 0 0
58 14447.7 -2005.35 66.6859 0.00294209 0
59 5239.23 -693.922 21.7096 0.00255351 0
60 5011.85 -709.054 22.7496 0.106859 0
61 103.635 -12.4541 0.40612 0 0
62 5764.87 -804.619 27.8727 0.0751621 0
63 127.499 -14.7711 0.41539 0.00111022 0
64 782.316 -115.723 3.89755 0.0140998 0
65 4687.38 -648.017 22.1417 0.0153211 0
66 1337.84 -185.748 6.18794 0.000999201 0
67 7.38663e+06 -1.01134e+06 32752 0.027145 0
68 2187 -286.868 9.51417 0.00288658 0
69 3475.44 -434.463 12.5301 0.00122125 0
70 374.632 -51.4497 1.74916 0 0
71 3052.43 -407.701 13.0443 0 0
72 3266.02 -448.134 14.8208 0.000111022 0
73 17873.4 -2102.19 60.0106 0.0044964 0
74 74.3385 -8.53895 0.211997 0.00432987 0
75 -5.31816 0.88746 0.0290323 0.00216493 0
76 1973.44 -319.148 12.1951 0.0185962 0
77 742.363 -125.052 4.82175 0.0189848 0
78 -15.2731 1.48643 0.00777156 0 0
79 86.2951 -8.81046 0.264677 0.000444089 0
80 11574 -1516.71 39.9213 0 0
81 495700 -51999.6 369.155 52.7864 0
82 658.423 -98.5246 3.48399 0.00910383 0
83 1444.25 -197.415 6.46727 0.00477396 0
84 7001.45 -886.021 26.7578 0.0340838 0
85 -15.0319 -3.86274 0.25957 0.00577316 0
86 2096.67 -297.943 10.1426 0.000333067 0
87 2625.32 -401.637 15.5499 0.000555112 0
88 291.438 -40.134 1.49464 5.55112e-05 0
89 60.5573 -7.36227 0.241418 0 0
90 11229.8 -1566.48 52.0009 0.000166533 0
91 4767.36 -583.445 18.3281 0.000111022 0
92 1564.17 -209.033 6.77636 0.00255351 0
93 522529 -62230.6 200.411 105.258 0
94 382409 -49463.7 1010.35 33.5438 0
