0 219020 -24332 676.339 0.0557887 0
1 320.553 -36.7879 0.924982 0.00216493 0
2 1.29141 0.160268 0.0255351 5.55112e-05 0
3 234.255 -27.4658 0.82373 5.55112e-05 0
4 3.93759 0.612165 0 0 0
5 16.4026 -1.96531 0.112188 0 0
6 521754 -65527.1 1904.92 5.55112e-05 0
7 3968.59 -482.556 14.0374 0.00482947 0
8 395.009 -49.9029 1.49919 5.55112e-05 0
9 747.003 -70.4337 2.05314 0.000777156 0
10 276.453 -32.6422 0.960343 0 0
11 48.12 -5.21677 0.17375 0 0
12 339738 -43190.3 1100.17 11.4064 0
13 21593.7 -2571.88 69.8191 0.0600076 0
14 17835.7 -1967.19 53.9052 0.00799361 0
15 334437 -39008.1 602.683 28.9355 0
16 -4.99279 1.0434 0 0 0
17 507747 -52284 329.83 52.5506 0
18 534.795 -72.6824 2.42611 0.00305311 0
19 13302.2 -1726.69 54.0423 0.00743849 0
20 13.4314 -1.45656 0.0815459 0.000111022 0
21 -6.00239 0.972473 0 0 0
22 1893.82 -255.781 8.54922 0.00172085 0
23 728.812 -100.02 3.66601 0.00227596 0
24 505.438 -49.5912 0.029643 0.0584532 0
25 133.46 -16.3475 0.516698 0.00105471 0
26 197.485 -27.7936 0.919098 0.00344169 0
27 14865.7 -2054.84 67.6162 0.00238698 0
28 1214.32 -156.269 4.77723 0.000999201 0
29 -3.71901 0.81961 0 0 0
30 254.974 -32.6641 0.996148 0.000666134 0
31 211876 -26495.8 725.536 2.15405 0
32 18.5338 -2.4737 0.114408 5.55112e-05 0
33 11.095 -1.21764 0.0656697 0 0
34 1863.7 -219.368 6.59156 0.000444089 0
35 7884.09 -1094.73 36.6613 0.000444089 0
36 8.75878 -2.52902 0.152101 0.0004996 0
37 2.19034e+06 -284169 8992.24 1.53905 0
38 10025 -1229.3 36.7925 0 0
39 7104.17 -988.657 33.6392 0.00177636 0
40 1000.62 -120.572 3.6306 0.000610623 0
41 13638.3 -1747.65 53.4416 0.0600631 0
42 10471.1 -1333.91 41.9888 0.000888178 0
43 -2.70661 0.390854 0.0214828 0 0
44 1104.91 -143.868 4.45532 0.00166533 0
45 2143.04 -262.202 7.76429 0.00371925 0
46 119.252 -12.0311 0.0117129 0.0174305 0
47 0.321569 -0.0887335 0.00494049 0.000832667 0
48 304.085 -29.525 0.175526 0.0263678 0
49 4007.63 -434.554 11.5509 0.0231482 0
50 73.3025 -8.13479 0.260458 5.55112e-05 0
51 55.9775 -7.72346 0.332567 0 0
52 66.7433 -10.1081 0.344558 0 0
53 517.797 -54.1493 0.625944 0.0384137 0
54 495.314 -67.69 2.20335 0.00416334 0
55 254.831 -30.2152 0.776101 0.00344169 0
56 86263.6 -11790.4 378.471 0.00144329 0
57 -12.7593 1.14428 0.00827116 0 0
58 18652.3 -2438.57 77.1883 5.55112e-05 0
59 840851 -102983 3099.54 0.109857 0
60 427.984 -48.0385 1.36957 0.00138778 0
61 1279.91 -180.503 6.09035 0.000222045 0
62 243.621 -33.0229 1.04028 0.00160982 0
63 242.543 -55.9715 2.48834 0.000111022 0
64 136.924 -18.1741 0.695555 0.000444089 0
65 2085.66 -268.804 7.6239 0.0294764 0
66 1230.33 -159.748 5.36615 0 0
67 1065.99 -136.631 4.2964 0.0216493 0
68 -11.0074 -0.381016 0.0402456 0 0
69 1799.38 -215.225 5.00622 0.062006 0
70 191.921 -27.1238 1.03251 0 0
71 189.07 -23.0095 0.655254 0.00283107 0
72 90580 -10909 313.695 5.55112e-05 0
73 540.537 -71.2182 2.30599 0.0014988 0
74 110.247 -45.7646 3.03602 0.000777156 0
75 2784.02 -356.512 10.9952 0.000666134 0
76 10546.4 -1256.14 35.9503 0.00421885 0
77 91.3048 -7.36365 0.220435 0.000721645 0
78 2475.89 -316.632 8.3043 0.123179 0
79 3.54293 0.210876 0.0140998 0 0
80 757.411 -102.144 3.30069 0.00444089 0
81 12679.7 -1674.77 51.9778 0 0
82 502.15 -64.9289 1.98619 0.000721645 0
83 157.814 -16.9188 0.393408 0.002498 0
84 352143 -48199.6 1555.26 0.000222045 0
85 374.524 -46.6926 1.39228 0.00111022 0
86 911.899 -117.688 3.54472 0.00538458 0
87 4120.3 -520.831 15.9055 0.00377476 0
88 2264.04 -317.353 10.9632 0.000388578 0
89 488.514 -66.5782 2.11964 0.00172085 0
90 194.579 -23.845 0.925537 0 0
91 14.0084 -0.931321 0.0558997 0 0
92 3285.78 -532.877 23.0249 0.00527356 0
93 3963.77 -485.467 13.9097 0 0
94 1557.51 -193.944 5.54673 0.017264 0
