0 2949.42 -367.669 10.0122 0.057232 0
1 9.93409 -1.54872 0.0867084 0 0
2 4757 -664.728 22.4593 0 0
3 36517.9 -5241.32 177.765 0.000444089 0
4 3685.54 -510.817 15.4795 0.157985 0
5 1004.36 -126.617 3.54455 0.0138223 0
6 3423.81 -443.857 14.1369 0.000166533 0
7 1066.47 -127.135 3.47011 0.0146549 0
8 413633 -49493.3 1282.02 6.96199 0
9 129.052 -20.2386 0.247302 0.0234812 0
10 327.827 -41.0837 1.2762 0.000166533 0
11 146.802 -20.8818 0.753231 0.000333067 0
12 16.9235 -2.29527 0.107025 0 0
13 521.062 -67.6458 2.1016 0.00111022 0
14 1354.6 -174.687 5.978 0.000721645 0
15 3720.14 -477.586 14.9508 0.0135447 0
16 997.641 -135.022 3.93335 0.0179301 0
17 14768.3 -1915.74 59.1331 0.143607 0
18 605.824 -81.2907 2.50516 0.00810463 0
19 3851.1 -511.367 16.1928 0.00233147 0
20 78.452 -10.2661 0.331013 0.00210942 0
21 382.826 -55.245 1.97903 0.00305311 0
22 1030.6 -166.732 5.69406 0.0708322 0
23 1837.97 -220.772 5.93126 0.0158207 0
24 631.449 -79.6089 3.5365 0 0
25 -2.84537 0.576572 0.000222045 5.55112e-05 0
26 899.576 -124.137 4.26048 0.00183187 0
27 701.93 -95.3775 2.81397 0.0103806 0
28 8692.35 -1063.59 31.7314 0.000388578 0
29 431745 -47991.5 673.274 33.8194 0
30 2878.67 -443.439 16.0991 0.0235367 0
31 1265.61 -146.527 3.27283 0.0378031 0
32 295.935 -34.4454 0.788369 0.0111022 0
33 140.601 -13.386 0.552502 5.55112e-05 0
34 14111.5 -1883.84 60.2821 0.00754952 0
35 558.46 -72.1167 2.28978 0.00688338 0
36 76.3735 -8.42331 0.253575 0.00122125 0
37 993.164 -137.697 3.48632 0.0816569 0
38 415271 -43470.4 249.641 46.3152 0
39 18666.6 -2040.34 54.3221 0.00915934 0
40 808.788 -104.928 3.57764 0.000277556 0
41 395.885 -40.0691 0.249634 0.0688338 0
42 351670 -46167.7 1335.67 5.93936 0
43 267710 -32321.6 905.653 0.103806 0
44 199.439 -27.4457 1.06054 5.55112e-05 0
45 50530.8 -7206.63 236.038 0.00532907 0
46 517.128 -65.9366 1.75115 0.0190958 0
47 21424.9 -2915.62 93.2552 0 0
48 1611.68 -214.101 6.87211 0.00305311 0
49 61.5041 -5.60991 0.0118794 0.00921485 0
50 2640.01 -364.822 11.5628 0.00338618 0
51 1037.42 -115.861 1.43913 0.0896505 0
52 2336.15 -310.903 9.57573 0.00416334 0
53 324998 -39328.6 767.944 17.6261 0
54 88.7268 -17.5386 0.0351386 0.0557887 0
55 1484.49 -230.462 9.3458 0.000111022 0
56 980.589 -138.322 4.80127 0.00333067 0
57 3080.69 -418.008 13.4445 0.000111022 0
58 108.249 -13.0895 0.399791 5.55112e-05 0
59 15.9797 -0.0143156 0.00666134 0.000277556 0
60 375270 -47040.9 1212.12 11.2573 0
61 2688.29 -390.409 14.3464 0.000111022 0
62 5133.33 -739.619 24.4578 0.0655032 0
63 2347.41 -337.656 11.5881 0.0116018 0
64 14374.5 -2132.4 76.4761 0 0
65 134.247 -17.6391 0.579814 0.000721645 0
66 284.928 -39.2172 1.27404 0.00421885 0
67 -0.40708 0.825202 0 0 0
68 0.935888 0.602698 0.00516254 0 0
69 429581 -48029.5 344.628 56.8978 0
70 5.99628e+06 -838631 28063.2 0.689615 0
71 3164.54 -474.48 17.3532 0.000555112 0
72 1277.66 -170.849 4.77518 0.0633382 0
73 459343 -62254.5 2052.23 0.000777156 0
74 2133.86 -320.094 11.6344 0.0101585 0
75 3003.95 -446.086 15.2024 0.0419109 0
76 457779 -61590 1933.62 0.0950351 0
77 2949.59 -395.595 12.5385 0.00593969 0
78 480.12 -47.444 0.255684 0.0442979 0
79 412652 -48036.5 548.734 44.4261 0
80 2362.5 -318.148 10.194 0.00160982 0
81 7335.59 -1078.5 35.2585 0.275613 0
82 2997.1 -428.867 15.4479 0.000166533 0
83 488089 -55555.7 1295.17 7.69818 0
84 18353.9 -2485.76 77.8562 0.378253 0
85 94.8022 -17.3588 0.821565 0.00177636 0
86 7229.06 -1109.89 42.1011 0.000666134 0
87 238.663 -37.038 1.33604 0 0
88 1070.92 -138.212 4.41375 0.000333067 0
89 8122.54 -1212.2 43.2928 0.029976 0
90 100.87 -9.80792 0.0176525 0.0131006 0
91 4.66091e+06 -680270 23327.2 1.86035 0
92 4792.12 -682.979 23.3429 0.000555112 0
93 533.576 -62.7658 0.623612 0.0644484 0
94 434213 -59355 1889.07 5.55112e-05 0
