0 1569.67 -252.644 10.8708 0.000610623 0
1 344.252 -45.0911 1.02962 0.0344169 0
2 37.8514 -3.94108 0.123623 0.000111022 0
3 308.471 -39.8378 1.17661 0.000888178 0
4 339.119 -45.1207 1.47066 0.00166533 0
5 2554.42 -386.581 14.0722 0.00638378 0
6 204.831 -21.1177 0.0201505 0.0277001 0
7 321.619 -44.1167 1.5174 5.55112e-05 0
8 399710 -51226.9 932.371 28.9923 0
9 169555 -18598 63.3364 21.3274 0
10 310.173 -42.4587 1.33393 0.000222045 0
11 1038.9 -111.579 0.632217 0.112355 0
12 124.104 -16.2517 0.51642 0.000166533 0
13 33.2942 -3.63636 0.0798805 0.00144329 0
14 16.6298 -1.64389 0.0636713 0 0
15 278.383 -34.6476 0.807576 0.0139888 0
16 4102.3 -577.891 19.0548 5.55112e-05 0
17 42.1765 -4.47488 0.0562883 0.00327516 0
18 2023.06 -271.186 7.91073 0.0189293 0
19 -5.07772 0.974595 0 0 0
20 714.832 -103.403 3.4453 0.00216493 0
21 374.89 -54.9074 1.90459 0.000277556 0
22 203.163 -31.3869 0.165035 0.0713873 0
23 3352.19 -437.823 13.0425 0.0029976 0
24 309751 -40029.3 1118.7 2.94781 0
25 468.062 -52.909 1.11738 0.00632827 0
26 -3.68664 0.736412 5.55112e-05 0 0
27 542.938 -76.6938 2.51971 0.00566214 0
28 210.489 -25.9332 0.743794 0.000388578 0
29 0.271577 0.527964 0.00655032 0 0
30 314.086 -32.0184 0.0653366 0.0325295 0
31 363.772 -50.0596 1.5265 0.00810463 0
32 1228.86 -154.146 4.13886 0.00138778 0
33 26.7497 -3.28811 0.123124 0.000166533 0
34 117.133 -12.5721 0.0856537 0.0136557 0
35 826.683 -106.595 2.9976 0.00177636 0
36 2356.2 -329.598 10.5142 0.0268674 0
37 572.872 -77.3924 2.55673 0.00227596 0
38 87.0937 -11.8904 0.432043 0.00116573 0
39 896.906 -114.551 2.49684 0.0600631 0
40 373.518 -53.4395 1.54599 0.017375 0
41 689.311 -98.6806 3.49409 0.00355271 0
42 447.678 -63.3675 2.1646 0.000166533 0
43 18.1371 -1.91044 0.0843769 0 0
44 69.9492 -6.01676 0.00799361 0.0115463 0
45 182.126 -22.1239 0.736078 0.000111022 0
46 40.8167 -6.66016 0.299538 0 0
47 591.257 -89.6308 3.33555 0.00111022 0
48 33.2372 -3.79072 0.0763833 0.0039968 0
49 296.507 -40.3849 1.11405 0.0102696 0
50 -1.0309 0.653927 0 0 0
51 769655 -100759 2812.55 0 0
52 444.565 -62.2135 1.9969 0.0157652 0
53 405.229 -45.8305 0.551392 0.0541789 0
54 -3.53522 0.673515 0.00111022 5.55112e-05 0
55 10.2039 -1.11438 0.0895395 0 0
56 2.11441 0.508266 0 0 0
57 -1.40238 0.700465 5.55112e-05 0 0
58 1141.33 -143.35 3.76388 0.00682787 0
59 196.515 -28.511 1.01608 0.000166533 0
60 98.9322 -11.2929 0.324296 0 0
61 180.286 -18.0124 0.445699 5.55112e-05 0
62 713.724 -96.5047 2.95702 0.00160982 0
63 1853.72 -278.23 10.1351 0.0249245 0
