0 3507.04 -464.143 13.377 0.0582867 0
1 -5.90701 0.886525 0 0 0
2 399.94 -49.7664 0.972111 0.0278666 0
3 26.1315 -2.02549 0.00544009 0.00222045 0
4 5.70773 -0.655255 0.0470179 0 0
5 241.691 -30.8884 0.545397 0.0285882 0
6 154.903 -19.2555 0.613842 0.00910383 0
7 583.544 -67.133 1.49614 0.00743849 0
8 -2.96816 0.598544 0.0242584 0 0
9 -2.99354 0.64355 0.00394129 0 0
10 -89.0554 6.18052 5.55112e-05 0.00116573 0
11 44.4206 -5.88316 0.204781 0.000277556 0
12 2199.35 -311.322 9.55241 0.0117684 0
13 85.2258 -12.9494 0.445977 0.00294209 0
14 785374 -99654.3 2630.72 5.55112e-05 0
15 743.303 -101.706 3.22387 0.000111022 0
16 123.349 -10.6966 0.0542344 0.00693889 0
17 -4.43289 0.836981 0 0 0
18 208999 -24239.5 351.117 15.9785 0
19 -2.63458 0.725412 0.000666134 0 0
20 164.322 -15.2516 0.0665024 0.01249 0
21 1676.49 -191.704 2.73176 0.116351 0
22 8780.1 -1085.74 29.3573 0.000721645 0
23 477950 -56914.1 887.054 35.8527 0
24 782.092 -99.2064 2.59515 0.000166533 0
25 9.5111 -0.615072 0.0360267 0 0
26 624.394 -86.2511 2.47752 0.0183742 0
27 -0.215644 0.491531 0.0059952 5.55112e-05 0
28 -2.19309 0.705776 0 0 0
29 -4.84521 0.75443 0 0 0
30 -6.44655 0.87964 0.012268 0 0
31 -4.1677 0.805493 0 0 0
32 3.02604 0.392074 0 0 0
33 -0.672146 0.638941 0.00155431 0 0
34 2250.36 -321.157 10.5176 0.0243694 0
35 -83.8665 -14.3692 0.419442 0.0467404 0
36 165.264 -18.5822 0.564937 0 0
37 72.8321 -8.83516 0.26551 0.00105471 0
38 236580 -28246.8 616.096 1.63347 0
39 7670.92 -870.59 21.9309 0.0054956 0
40 211.908 -27.2549 0.839051 0.00482947 0
41 219.199 -29.3802 0.886569 0.000721645 0
42 152.766 -16.0754 0.00405231 0.0229261 0
43 342.686 -41.1166 0.717426 0.027478 0
44 119.5 -12.9123 0.0738853 0.0149325 0
45 319.62 -38.1445 0.574596 0.0320854 0
46 70.9846 -6.29865 0.00111022 0.00560663 0
47 2.2904 -1.5652 0.140998 0.000832667 0
48 298.869 -43.4439 1.53727 0.00360822 0
49 1694.95 -200.484 3.62443 0.104194 0
50 446.698 -69.6022 2.63695 0.00288658 0
51 -232.328 13.1448 0.127176 0.000666134 0
52 486.357 -75.7982 2.85766 0.00976996 0
53 332892 -36737 180.432 41.0519 0
54 309800 -39683.5 953.478 10.3456 0
55 140757 -17649 476.549 0.000166533 0
56 44.0254 -5.0862 0.182965 0 0
57 720.998 -95.4789 2.06973 0.0569544 0
58 313.775 -43.9133 1.43818 0.000166533 0
59 19968.1 -2714.38 82.5237 0 0
60 2399.54 -365.64 13.7377 0.000166533 0
61 166.22 -21.1028 0.52508 0.00804912 0
62 699.948 -94.4047 2.69246 0.0163758 0
63 -15.1803 1.51071 0.0833222 0.0004996 0
64 167.111 -24.5054 1.09962 0 0
65 20986.3 -2729.19 77.1596 0.0134892 0
66 408007 -46339.3 194.582 59.1606 0
67 191.007 -19.6969 0.00888178 0.02498 0
68 70.4145 -8.59769 0.291378 0.000388578 0
69 9.80003 -0.190811 0.0224265 0 0
70 8157.74 -983.99 25.1218 0.0252576 0
71 905.469 -127.522 4.15817 0.00188738 0
72 4114.7 -543.087 15.6777 0.044964 0
73 4.23754 0.410715 0 0 0
74 582.232 -62.5593 0.360767 0.114908 0
75 79.4456 -10.5904 0.359213 0.0004996 0
76 3353.08 -520.785 16.6421 0.314693 0
77 161372 -22319.2 648.486 0.864031 0
78 1139.2 -165.625 6.12671 0.00532907 0
79 374724 -41729.7 254.448 45.6712 0
80 473367 -60198.4 1290.2 24.1194 0
81 43.7199 -5.17204 0.184242 0.000166533 0
82 187.199 -24.6234 0.7368 0.000166533 0
83 585.66 -88.7932 3.28637 0.00194289 0
84 443367 -57850.1 1466.9 11.4601 0
85 988.745 -123.504 3.04451 0.0238143 0
86 214.597 -26.8487 0.70377 0.00799361 0
87 640.282 -77.1304 1.70114 0.0238698 0
88 661.288 -84.1382 2.65754 5.55112e-05 0
89 413.514 -47.8607 1.3558 0.00111022 0
90 -1.47073 0.265162 0.0361378 5.55112e-05 0
91 1020.42 -106.937 0.0339728 0.227041 0
92 1.30132e+07 -1.62238e+06 41450.5 0.203781 0
93 37996.6 -5021.46 143.9 0.0105471 0
94 35.404 -2.28099 0.0844325 0.000277556 0
95 852.109 -101.758 1.56997 0.109079 0
