0 687.638 -82.9395 1.90381 0.0351386 0
1 9.12552 -0.389173 0.027478 0.000388578 0
2 342.406 -32.7431 0.554001 0.0114353 0
3 649.503 -84.8193 2.74369 0.0019984 0
4 79.6707 -7.34054 0.221267 0 0
5 530.473 -79.2919 2.93815 0 0
6 427.132 -57.644 1.88904 0.000444089 0
7 4449.56 -618.15 18.7501 0.161371 0
8 858.621 -109.279 3.35953 0.000111022 0
9 2498.8 -266.39 6.05915 0.0563993 0
10 538.196 -64.6854 1.79023 0.000888178 0
11 391.926 -47.0122 1.40576 0.000832667 0
12 2564.65 -356.13 11.7293 0.0520695 0
13 1305.54 -145.825 3.12689 0.0475731 0
14 357.832 -42.9116 1.3109 0.000444089 0
15 13910.6 -1923.72 63.0538 0.0987543 0
16 5795.63 -752.945 21.0054 0.19823 0
17 225716 -27126.2 439.59 14.2499 0
18 3.93605 0.501138 0.00471845 0 0
19 586.899 -88.6589 3.30469 0.000555112 0
20 6.71475e+06 -778410 19639.6 0.0587863 0
21 197452 -23984.8 694.307 0.0726086 0
22 439203 -48105.1 162.196 67.5186 0
23 1617.01 -237.184 8.36997 0 0
24 1454.34 -195.271 6.55581 5.55112e-05 0
25 104.887 -11.0195 0.450195 0.000666134 0
26 24.0582 -0.921573 0.0138223 0 0
27 -1.91488 0.916886 0 0 0
28 -0.311154 0.754791 0.00527356 0 0
29 1537.41 -207.518 6.5678 0.00838218 0
30 1.53929 0.516881 0.00166533 0 0
31 154.568 -20.4564 0.662692 0.000222045 0
32 45.197 -5.05165 0.179801 0.00133227 0
33 4.29545 0.6753 0 0 0
34 31.7455 -2.56598 0.0900391 0.000166533 0
35 27.6124 -2.16274 0.0793809 0.000222045 0
36 527.053 -64.5176 1.82016 0.0054956 0
37 653218 -73264.6 381.601 95.5007 0
38 3923.73 -496.191 14.1517 0.0184297 0
39 337.063 -37.2477 0.97139 0 0
40 691.432 -72.7637 1.182 0.0354161 0
41 5.80104 0.598069 0 0 0
42 912.591 -122.271 4.29656 0.000666134 0
43 1070.3 -143.969 4.64628 0.000610623 0
44 11058 -1468.16 45.7637 0.0110467 0
45 386841 -43985.6 1102.02 3.69871 0
46 19601.3 -2364.7 66.7573 0.00766054 0
47 140.848 -15.0654 0.254075 0.00927036 0
48 421.673 -64.3306 2.39586 0.00210942 0
49 256.882 -30.8361 0.932254 0.000832667 0
50 138957 -18999.9 625.947 0.000333067 0
51 1045.28 -145.279 4.98235 0.00094369 0
52 4558.03 -753.972 30.9573 0.00205391 0
53 4855.27 -655.392 20.3879 0.000444089 0
54 71.4372 -21.2876 0.862088 5.55112e-05 0
55 -68.81 4.87312 0.0276446 0.000444089 0
56 1251 -173.775 5.74057 0.000388578 0
57 4722.14 -804.634 31.6483 0.0737743 0
58 173.595 -24.6434 0.887179 0.000610623 0
59 533.114 -56.6561 1.31006 0.00632827 0
60 237.954 -33.5892 1.2817 0.00105471 0
61 -67.6588 4.56822 0.0140443 0.000111022 0
62 15505.8 -1897.15 50.0446 0.0554556 0
63 4.04566 0.664254 0 0 0
64 12.4175 -0.405762 0.0365263 5.55112e-05 0
65 510.048 -51.9735 0.0833222 0.0673905 0
66 1427.57 -204.472 7.12408 0.000444089 0
67 174.56 -19.4924 0.145051 0.0274225 0
68 3004.81 -349.229 9.28257 0.00982547 0
69 -1.3273 0.94948 0.000111022 0 0
70 9634.46 -1244.93 36.8729 0.139722 0
71 539.842 -67.6278 1.98896 0.000832667 0
72 2.6693e+06 -385088 13352.2 0.114742 0
73 469.341 -61.1941 1.81644 0.0019984 0
74 23.2702 -1.56088 0.00116573 0.00216493 0
75 5.01158 0.0490289 0.037137 0 0
76 86.5408 -7.03382 0.0320854 0.00760503 0
77 1135.2 -124.1 2.56861 0.0531797 0
78 85.4129 -7.60299 0.18241 0.000610623 0
79 333.024 -43.3372 1.49014 0 0
80 1188.83 -140.242 3.79763 0.0102696 0
81 234.904 -27.5189 0.768496 0.000444089 0
82 -27.0014 -1.15695 0.291656 0.000388578 0
83 -6.43911 1.17322 0 5.55112e-05 0
84 116.418 -10.3169 0.258515 0 0
85 1.57523e+07 -1.62905e+06 192.309 2085.5 0
86 107.854 -13.8353 0.455747 0.000166533 0
87 1088.86 -146.565 5.26057 0.000111022 0
88 24482.9 -3116.74 91.5899 0.000999201 0
89 10261.4 -1421.25 46.0006 0.000888178 0
90 3864.14 -463.035 12.5693 0.0019984 0
91 3478.2 -385.692 11.0791 0.000388578 0
92 241.666 -26.4642 0.800304 0.000388578 0
93 154.353 -16.1843 0.526079 0.00421885 0
94 1240.28 -164.586 4.01951 0.110301 0
95 -249297 -4.64376e+06 20909.3 51596.7 0
