0 30717.5 -3879.51 110.632 0.00127676 0
1 -4.47513 0.985974 0.00582867 0 0
2 13261.2 -1663.99 46.0696 0.0520695 0
3 1646.27 -220.807 6.8876 0.00227596 0
4 6639.43 -847.498 24.6965 0.000999201 0
5 537.193 -68.3075 1.97559 0.000333067 0
6 546.021 -62.1915 1.64796 0.00138778 0
7 451593 -51037.6 662.653 40.5938 0
8 37.1951 -3.14927 0.0136002 0.00766054 0
9 261891 -28278 276.976 26.5796 0
10 5857.32 -744.703 21.7587 0.0231482 0
11 28.8093 -3.46008 0.129785 0.000721645 0
12 -3.96062 1.00808 0.00338618 0 0
13 -8.50549 1.43281 0.000832667 0 0
14 934.897 -113.298 3.23835 0.000832667 0
15 851.45 -119.751 3.8371 0.00260902 0
16 500574 -51726.8 207.877 62.0939 0
17 333.708 -42.3387 1.23385 0.000222045 0
18 288.526 -32.8912 0.502154 0.0306422 0
19 1752 -219.442 6.68365 0.00710543 0
20 557.085 -78.463 1.95677 0.0445199 0
21 406582 -43316.3 528.178 32.1747 0
22 96.1294 -10.4094 0.331235 0.000388578 0
23 826.6 -92.4382 2.43766 0.000111022 0
24 5431.81 -686.32 19.0278 0.0029976 0
25 1608.52 -193.302 4.92334 0.0167089 0
26 -3.60663 0.978748 0.00333067 0 0
27 38.1085 -3.92355 0.133171 0.000277556 0
28 -1.5398 0.872972 0 0 0
29 433.313 -55.9205 1.58079 0.00427436 0
30 20.3734 -2.12075 0.100142 0 0
31 374.451 -49.6381 1.30895 0.0128231 0
32 1208.43 -131.245 3.58807 0.0114353 0
33 370.719 -54.5428 1.98669 0.000444089 0
34 365.116 -50.9398 1.68765 0.000888178 0
35 1121.89 -141.556 4.36573 0.00116573 0
36 2467.27 -309.993 9.47953 0.000166533 0
37 -5.97205 1.04197 0.000111022 0 0
38 -3.99562 0.945171 0 0 0
39 6.22984e+06 -497121 41.0934 552.577 0
40 2203.89 -322.79 11.1928 0.0044964 0
41 36.8004 -5.03595 0.199674 0.000777156 0
42 312068 -39646.8 1179.71 0.156208 0
43 295.021 -32.8539 0.569045 0.0116018 0
44 326.823 -38.3067 1.041 0.000610623 0
45 1603.34 -245.038 8.89172 0.00338618 0
46 10861.4 -1368.48 40.7793 0.00116573 0
47 4189.09 -527.976 15.5947 0.00727196 0
48 -4.57657 0.94817 0 0 0
49 127.187 -12.0575 0.231981 0.00122125 0
50 429.263 -84.3828 3.03207 0.00388578 0
51 1.50409 0.661427 5.55112e-05 0 0
52 872.727 -110.943 3.39873 0.00277556 0
53 170.916 -10.523 0.0374145 0.000277556 0
54 757.837 -101.453 3.07177 0.0125455 0
55 70047.3 -7129.11 0.602962 7.67486 0
56 135.82 -15.6611 0.614453 5.55112e-05 0
57 44690.9 -5907.31 183.111 0.0274225 0
58 1204.36 -187.995 7.26841 0.00238698 0
59 16.859 -1.96154 0.0979772 0 0
60 -419.457 27.2732 0.00655032 0.0289768 0
61 416.159 -56.3205 1.95849 5.55112e-05 0
62 5.2118e+06 -759231 24733.2 34.486 0
63 3289.73 -434.951 13.1737 0.0200395 0
64 248.185 -28.024 0.849321 0.0004996 0
65 -0.544367 0.894497 0 0 0
66 607.119 -72.4491 2.12103 0.00127676 0
67 2470.14 -290.521 7.88386 0.00222045 0
68 901.357 -99.0784 2.50311 0.000388578 0
69 275.322 -35.7443 1.15152 0.000610623 0
70 140.751 -12.5399 0.164868 0.00721645 0
71 702.069 -81.4976 2.62995 0.00294209 0
72 0.062348 0.739527 0.00927036 0 0
73 3531.1 -281.251 3.25001 0.105416 0
74 5557.17 -769.443 25.2693 0.000111022 0
75 1064.48 -132.96 4.08318 0 0
76 7850.84 -1050.24 33.2003 0 0
77 2069.16 -305.316 10.8039 0.00111022 0
78 -2.15255 0.858115 0 0 0
79 -0.0117256 0.774754 0.00377476 0 0
80 2669.95 -312.674 8.26111 0.032141 0
81 15.6882 -0.178437 0.0290878 0.000111022 0
82 101.502 -11.0236 0.0959788 0.0116573 0
83 -2.67553 1.07185 5.55112e-05 0 0
84 8449.15 -1058.66 29.3531 0.049849 0
85 437.118 -59.8685 1.83148 0.00904832 0
86 9387.26 -1244.92 39.2801 0.0014988 0
87 6310.96 -855.267 27.5871 0.000222045 0
88 12.0575 -0.953659 0.0602296 0.000277556 0
89 733.958 -117.375 4.03921 0.0253686 0
90 90.1632 -10.3929 0.334899 0.000111022 0
91 -2.13968 0.929 0 0 0
92 -0.053091 0.852605 0.000166533 0 0
93 2245.81 -216.574 3.70037 0.0641709 0
94 2151.69 -259.705 7.31298 0.00854872 0
