0 1111.75 -146.677 4.44944 5.55112e-05 0
1 5460.96 -700.268 20.0904 0.00255351 0
2 -5.13919 0.840623 0.0185407 0 0
4 34.3566 -5.82565 0.370148 0 0
5 16.8305 -1.99792 0.14988 0 0
6 361386 -39033.4 399.253 31.0247 0
7 526.144 -67.4372 1.94278 0.00260902 0
32 -13.8077 1.69649 0.00194289 0 0
33 199324 -23953.4 633.357 0.117573 0
34 209.7 -27.3508 0.849321 0.000111022 0
35 395270 -49613 1246.66 8.82422 0
36 182.674 -24.3626 0.769718 0.00116573 0
37 33.0717 -3.73732 0.123956 0.000666134 0
38 103.014 -12.0485 0.343281 0.000333067 0
