0 7794.61 -1062.88 35.613 0.00444089 0
1 1151.49 -152.85 4.9214 0.00116573 0
2 39882.2 -5492.39 184.865 0.00111022 0
3 5899.2 -854.994 31.2513 0.000610623 0
4 1290.47 -168.531 4.75869 0.0329736 0
5 286.606 -39.1425 1.28575 0.000166533 0
6 1108.8 -145.32 4.98901 0 0
7 59978.8 -6980.87 182.771 5.55112e-05 0
8 6525.66 -956.906 34.4324 0.0267564 0
9 4781.6 -686.392 21.675 0.000388578 0
10 834.731 -107.455 2.96274 0.0293654 0
11 270.381 -38.2154 1.30029 0.000555112 0
12 2409.68 -290.182 8.97588 0 0
13 72561.3 -9152.63 273.238 0.0433542 0
14 -5.40674 1.03577 0 5.55112e-05 0
15 3363.48 -417.146 11.9645 0.00899281 0
16 318.004 -55.6246 1.99868 0.0152656 0
17 399.269 -52.1109 1.79268 0 0
18 921.149 -91.7068 0.799416 0.069722 0
19 79.6851 -10.436 0.396738 0 0
20 1571.67 -188.369 5.62228 0.000111022 0
21 6983.4 -723.654 3.2877 0.862754 0
22 568458 -63371.2 143.619 96.9699 0
23 6679.29 -924.551 30.5032 0.0336398 0
24 20.8222 -1.93447 0.0909273 0 0
25 5525.9 -771.493 26.4635 0.0121569 0
26 479.202 -64.7478 1.91042 0.00921485 0
27 3038.64 -410.227 12.4674 0.024869 0
28 499.535 -67.0229 2.43472 0 0
29 2615.28 -359.027 11.8393 5.55112e-05 0
30 586.965 -75.3234 2.23055 0.00677236 0
31 408120 -46219.8 1052.1 9.60632 0
32 74.0593 -9.44059 0.318412 5.55112e-05 0
33 6200.26 -875.962 28.8508 0.150768 0
34 -11.5642 1.21039 0 0 0
35 -6.77172 1.05643 0 0 0
36 2971.72 -418.516 13.8936 0.0102696 0
37 32.3271 -4.91003 0.20689 0.000111022 0
38 411.618 -70.1558 2.84223 0.00144329 0
39 731.627 -101.187 3.74872 0.000166533 0
40 6.3668e+06 -783566 23266.6 0.0457967 0
41 33.4685 -4.5929 0.247413 0 0
42 -6.01135 -0.413324 0.0904277 0.000166533 0
43 504.543 -65.6702 1.88644 0.00782707 0
44 1296.58 -182.546 5.10408 0.0891509 0
45 632.636 -84.1925 2.74553 0.000555112 0
46 3324.33 -446.078 14.5498 0.00738298 0
47 250860 -25979.3 138.512 28.6608 0
48 294.912 -35.8471 1.05121 5.55112e-05 0
49 34.4994 -3.43069 5.55112e-05 0.00621725 0
50 131.242 -19.0283 0.687284 0.0014988 0
51 687453 -81819 0.47623 145.06 0
52 218117 -21772 52.5398 24.6965 0
53 168197 -20505.8 578.628 0.000222045 0
54 1886.56 -232.26 6.85713 0.000333067 0
55 374903 -45307.7 838.395 25.6151 0
56 7299.9 -984.088 31.3182 0.0464628 0
57 14385 -1692.93 50.0801 0.004996 0
58 6.63979 -0.947697 0.0691669 0 0
59 -5.18563 0.75591 0.0116573 0 0
60 458.143 -69.4729 2.53075 0.000832667 0
61 -4.52787 -0.000565557 0.0408562 0 0
62 366896 -39902 698.527 17.3797 0
63 -1.27818 0.595949 0.00821565 0 0
64 3953.53 -502.037 14.2181 0.0276446 0
65 623.169 -86.7693 3.11884 0.000333067 0
66 441.401 -59.2855 2.0951 0.000111022 0
67 3.30285 0.591264 0.00538458 0 0
68 487.658 -62.0883 1.91597 0.00133227 0
69 3510.86 -443.175 13.0427 0.029976 0
70 45.1122 -4.01604 0.129285 0 0
71 3173.57 -382.47 11.16 0.00643929 0
72 1446.47 -184.163 6.14064 0.00344169 0
73 0.723784 0.703342 0.000111022 0 0
74 31345.4 -4183.08 136.07 0.0572875 0
75 304.797 -38.1279 1.20137 0.000277556 0
76 36319.7 -4592.16 140.178 0.109912 0
77 6.50934e+06 -900449 29977.4 0.0113798 0
78 133.92 -20.4729 0.834666 0.000166533 0
79 327.483 -45.6245 1.65362 0.000832667 0
80 2035.76 -272.747 8.4685 0.0151545 0
81 2.37908e+07 -2.27214e+06 2284.73 2775.66 0
82 1.85559e+06 -238521 7147.51 0.0108802 0
83 1064.41 -129.03 2.95364 0.0781597 0
84 7437 -1112.52 40.8001 0.000444089 0
85 9242.87 -1199.76 38.4386 0.0107692 0
86 213510 -24920.9 644.997 0.0149325 0
87 11548.5 -1659.38 57.4323 0 0
88 58.94 -6.92657 0.24819 0 0
89 522.985 -82.528 3.15631 0.00283107 0
90 203.863 -31.001 1.12949 0.00383027 0
91 7854.3 -1146.83 40.2552 0.000388578 0
92 77.934 -4.95165 0.00988098 0.00177636 0
93 2199.57 -282.319 8.39384 0.00288658 0
94 -2.55506 -53.4461 4.20247 5.55112e-05 0
