0 840.68 -119.222 3.85969 0.00960343 0
1 7553.43 -824.665 22.2239 0 0
2 1750.74 -232.577 4.96181 0.159373 0
3 4521.12 -653.269 23.007 0.0145994 0
4 309161 -34662.2 278.007 38.3344 0
5 1188.64 -103.883 0.577316 0.0979217 0
6 617451 -69410.5 290.124 95.6401 0
7 354096 -42461.9 877.878 19.6068 0
8 1737.36 -235.61 7.53742 0.00432987 0
9 658.034 -93.1922 3.25823 0 0
10 1759.9 -237.682 7.56434 0.0234257 0
11 149950 -19112.5 575.1 0.0144884 0
12 352053 -73450.5 2365.89 0.830058 0
13 172.496 -17.7433 0.34206 0.00488498 0
14 2274.57 -255.563 6.70702 0.0039968 0
15 634.883 -72.703 2.08239 0.000388578 0
16 1860.99 -205.98 0.0626166 0.413447 0
17 895.283 -126.883 4.33875 0.00954792 0
18 123.115 -18.1998 0.70699 0 0
19 2551.17 -350.707 11.3214 0.0137113 0
20 1.78966 0.703913 5.55112e-05 0 0
21 236.923 -29.9947 0.945577 0.000444089 0
22 482.228 -67.5035 2.32242 0 0
23 1012.67 -135.556 4.03044 0.0325295 0
24 0.420743 0.749603 0 0 0
25 2905.1 -376.659 11.5233 0.00360822 0
26 4.96877 0.614225 0 0 0
27 3168.86 -359.875 9.52211 0.00388578 0
28 371.532 -42.648 0.720146 0.0450195 0
29 40362.7 -5853.94 200.573 0.0147105 0
30 1270.37 -180.511 6.177 0.000333067 0
31 891.895 -116.955 3.38818 0.000666134 0
32 11801 -1566.63 52.8451 0.00588418 0
33 10.3187 -1.83528 0.105027 5.55112e-05 0
34 849.19 -105.748 3.754 0 0
35 364.13 -49.538 1.70808 0 0
36 415552 -47869.4 1076.87 13.0265 0
37 24856.9 -3571.25 126.551 0.00244249 0
38 513.465 -52.0972 0.336897 0.0621725 0
39 12942 -1558.58 46.0846 0.0285327 0
40 6284.93 -839.864 26.1129 0.0502931 0
41 627.047 -78.0853 1.70003 0.0594524 0
42 6314.66 -748.168 21.8475 0.000333067 0
43 5820.96 -767.279 24.2854 0.0019984 0
44 142.37 -16.7147 0.449529 0.000222045 0
45 34.6118 -4.23007 0.174583 0.000111022 0
46 1333.71 -188.053 6.45745 0.00999201 0
47 805.693 -107.95 3.53717 0.00144329 0
48 7.3658e+06 -933342 26065.2 0.478062 0
49 2537.2 -304.187 9.13214 0 0
50 14.797 -1.5018 0.067113 5.55112e-05 0
51 1561.44 -235.021 7.5519 0.117073 0
52 362744 -40670.5 540.419 31.77 0
53 1291.15 -181.238 6.09895 0.0019984 0
54 52.6886 -7.60068 0.319078 0.0004996 0
55 91.4757 -13.7694 0.583922 5.55112e-05 0
56 -6.1555 0.449939 0.0513478 0 0
57 187.866 -17.4835 0.447253 0.000388578 0
58 6503.67 -945.678 30.7858 0.0536793 0
59 4472.04 -614.633 20.2807 0.0029976 0
60 191.735 -37.7991 1.82993 0 0
61 351868 -49798.4 1642.55 0.619005 0
62 8254.33 -1232.71 43.6942 0.00477396 0
63 212.029 -25.3084 0.854428 0.00333067 0
64 18683.9 -2148.69 19.1986 2.33052 0
65 68.6077 -8.11879 0.279443 0.000166533 0
66 1.93468e+07 -1.8262e+06 197.009 2297.83 0
67 319.743 -63.4921 2.54985 0 0
68 10.003 -0.671396 0.0476286 0 0
69 5252.3 -680.524 21.4169 5.55112e-05 0
70 101007 -12357.8 347.593 0.16509 0
71 400.643 -53.3993 1.739 0.000166533 0
72 54.0299 -5.49149 0.201283 0 0
73 1839.4 -212.52 5.91188 0.0224265 0
74 9494.94 -1127.36 32.0358 0.0134892 0
75 6675.42 -904.375 29.8878 0.064615 0
76 293.846 -30.4352 0.87208 0.00205391 0
77 39.4829 -3.51697 0.143663 5.55112e-05 0
78 23092.8 -3292.8 110.78 5.55112e-05 0
79 332731 -38175 710.085 18.7122 0
80 98152.7 -12319.9 358.069 0.000999201 0
81 374747 -50121 1627.14 0.00432987 0
82 288.465 -39.4041 1.22463 0.00310862 0
83 6552.22 -991.778 36.5155 0.00105471 0
84 1.1971e+07 -1.22073e+06 4.57134 1608.01 0
85 1155.47 -150.005 4.06586 0.0358602 0
86 5268.61 -681.502 21.3953 0.00133227 0
87 3287.63 -446.515 14.2845 0.00111022 0
88 -1.97716 0.762459 5.55112e-05 0 0
89 2350.53 -291.556 8.76688 0.000610623 0
90 1633.42 -199.411 5.28472 0.035083 0
91 336.547 -39.7643 1.12799 0 0
92 15669.2 -2480.6 97.7922 0.00194289 0
93 3119.59 -399.25 11.0527 0.0503486 0
94 2.54867e+06 -386494 14122.5 0.729528 0
