0 4219.08 -520.215 14.9749 0.00266454 0
1 165378 -21327.9 628.712 0 0
2 178.812 -37.6852 1.73789 0.000111022 0
3 9.72271e+06 -1.38904e+06 46134.2 0.749123 0
4 425.385 -55.8063 1.78707 0.0004996 0
5 8.80037e+06 -1.15454e+06 34424.2 0.728417 0
6 1395.47 -189.437 5.89001 0.00166533 0
7 444560 -46123 354.383 44.0675 0
8 2599.13 -351.476 11.7745 0.000388578 0
9 74667.9 -9071.65 263.843 0.00277556 0
10 404071 -50887.3 1352.83 6.1921 0
11 9310.42 -1307.27 45.0704 0.0194844 0
12 1819.54 -260.523 8.94107 0.00416334 0
13 1187.49 -142.444 3.97404 0.00233147 0
14 7309.16 -899.074 25.2742 0.00560663 0
15 6562.56 -951.371 32.9004 0 0
16 989.339 -133.344 4.15046 0.0131561 0
17 134.06 -21.939 0.871248 0 0
18 517497 -57559.4 218.776 77.6391 0
19 1.66434 -0.484793 0.0310862 0.00233147 0
20 8222.11 -938.405 25.5405 0.00860423 0
21 10909.5 -1706.84 64.2723 0.0111022 0
22 33.4886 -3.91521 0.141387 0.000333067 0
23 -6.96097 1.03422 0.00383027 0 0
24 3229.19 -479.914 16.5865 0.0426881 0
25 7.17549e+06 -850580 23610.1 0.496159 0
26 392170 -39570.9 416.318 26.4274 0
27 281.415 -27.3028 0.61734 0.0121569 0
28 587899 -104818 3136.38 48.1985 0
29 1471.53 -186.493 5.71082 0.00760503 0
30 697.977 -98.8038 3.22459 0.00144329 0
31 629.178 -86.5689 2.91711 0 0
32 201.465 -25.6907 0.802636 0.000166533 0
33 57.1923 -6.49288 0.212164 0.000277556 0
34 9487.25 -1226.57 36.6825 0.0145439 0
35 3.28802e+06 -391910 10937.2 4.45033 0
36 190.892 -24.8982 0.816569 0.000277556 0
37 7602.04 -1059.49 35.3175 0.000388578 0
38 327634 -38254.4 638.692 25.8099 0
39 588.648 -102.157 3.53972 0.0140443 0
40 15927.7 -2207.73 71.8248 0.0605627 0
41 0.0561659 0.627349 0.00588418 0 0
42 7.92288e+06 -1.06437e+06 33529 1.37501 0
43 78.9753 -9.03879 0.137723 0.00821565 0
44 10979.8 -1527.83 52.3747 0.00383027 0
45 822.847 -114.357 3.93269 0.00177636 0
46 645.747 -87.8238 2.72871 0.0166533 0
47 28.3512 -3.63854 0.151157 5.55112e-05 0
48 2318.94 -322.654 10.7322 0.00488498 0
49 954111 -104824 2537.81 0.00827116 0
50 109750 -12591.4 333.605 0 0
51 1089.6 -131.689 3.66673 5.55112e-05 0
52 43.9843 -5.19591 0.185407 5.55112e-05 0
53 14676.9 -2066.56 70.2745 0.000166533 0
54 2319.62 -342.609 11.8001 0.0456857 0
55 13219.2 -1798.92 60.9531 0.0163203 0
56 447.755 -53.6272 1.04106 0.0189848 0
57 273.741 -37.0199 1.16201 0.00144329 0
58 4257.71 -553.773 17.7778 0.0004996 0
59 973.336 -125.936 3.53556 0.0344169 0
60 -850.275 57.3673 0.825007 0.000444089 0
61 24340.8 -3553.01 117.481 0.376477 0
62 338.623 -44.1728 1.39161 0.00277556 0
63 579.055 -61.5054 1.47521 0.00904832 0
64 11608.5 -1419.65 40.3919 0.0401346 0
65 2.97013 0.574975 0.00116573 0.000111022 0
66 242.243 -32.38 1.10528 0.00416334 0
67 -11.6914 -8.8671 0.85576 0.000555112 0
68 275132 -35226.3 997.601 0.000666134 0
69 279.52 -34.8386 1.01008 0 0
70 -7.72314 1.10329 0 0 0
71 1.34086e+07 -1.87952e+06 60523 74.712 0
72 2959.28 -434.666 15.1559 0.067113 0
73 21654 -3159.03 108.215 0.21011 0
74 -8.75248 1.1171 0.000277556 0 0
75 20534.1 -3451.08 143.056 0.00477396 0
76 1946.93 -264.747 8.3818 0.00771605 0
77 100.062 -11.3381 0.137335 0.0114353 0
78 444496 -46659.3 315.949 47.5836 0
79 2436.39 -300.655 8.78619 5.55112e-05 0
80 -4.04194 0.786152 0.000277556 5.55112e-05 0
81 635.543 -84.7305 2.62007 0.0169864 0
82 257.97 -36.2594 1.27537 0 0
83 766.026 -102.287 3.25023 5.55112e-05 0
84 1692 -244.69 8.76255 0.00144329 0
85 331785 -40777.3 940.468 15.8937 0
86 194.166 -22.3694 0.356437 0.0202616 0
87 15.6637 -2.26583 0.0924261 0.000166533 0
88 1262.28 -165.284 5.13334 0.00394129 0
89 1817.25 -218.832 6.08769 0.000444089 0
90 50776.9 -6829.28 203.24 0 0
91 -8.66828 0.637697 0.0341394 0 0
92 2011.73 -277.294 9.49896 0.0113798 0
93 3457.82 -523.758 16.6954 0.0631717 0
94 -2.51001 0.807193 0.00155431 0 0
