0 1965.87 -225.071 6.14847 0.000444089 0
1 -9.47567 1.13789 0.000111022 0 0
2 1287.07 -174.576 5.75612 0.002498 0
3 805816 -93491 2498.35 5.65598 0
4 10491.9 -1113.46 28.4797 0.000277556 0
5 658.798 -83.5128 2.20318 0.0242584 0
6 2548.11 -284.858 5.02554 0.108524 0
7 397.162 -64.3246 2.59398 0.000333067 0
8 127.097 -17.1349 0.558553 0.00216493 0
9 221960 -26103.4 713.776 0.184242 0
10 26819.6 -3107.48 91.039 0.00244249 0
11 7228.79 -944.801 29.6329 0.000832667 0
12 552104 -58960 171.672 78.8429 0
13 -8.89691 -7.26925 0.436207 0.000111022 0
14 511.651 -65.6898 2.09188 0.000111022 0
15 1987.21 -264.139 8.31724 0.0115463 0
16 90.248 -14.8606 0.17969 0.0314193 0
17 555.388 -66.8761 1.90348 5.55112e-05 0
18 4643.28 -623.837 19.9574 0.00482947 0
19 2510.23 -306.656 8.0575 0.0425215 0
20 1.92987e+06 -262210 8482.92 0.0103806 0
21 203.544 -24.665 0.799305 0.000333067 0
22 325.235 -44.9856 1.6811 5.55112e-05 0
23 34.2724 -4.34121 0.158151 0.000222045 0
24 1.04602e+06 -144237 4781.75 0.000111022 0
25 446.887 -60.7619 1.92218 0.000166533 0
26 1.38148e+08 -1.28052e+07 11771.5 11784.7 0
27 487472 -66065.3 2070.09 0.191291 0
28 2436.44 -284.287 7.53603 0.0313638 0
29 137500 -16631.1 478.444 0.0330291 0
30 -76.3013 6.08482 0.126454 0.00144329 0
31 3.65437 -0.531821 0.0417444 0.00094369 0
32 2021.9 -303.523 9.36679 0.0874301 0
33 13592.4 -1840.84 61.1173 0.0279776 0
34 12709.2 -1705.07 54.9883 0.0608402 0
35 -3.76758 0.367497 0.025091 0 0
36 10503.7 -1412.41 45.9865 0.000111022 0
37 324.598 -44.8618 1.47382 0.00194289 0
38 351.851 -45.4476 1.36186 0.000111022 0
39 1589.1 -227.435 7.80975 0.00105471 0
40 17986.9 -2025.75 43.011 0.771772 0
41 501498 -55423.8 681.848 41.3746 0
42 186688 -19351.2 9.04843 24.8515 0
43 1978.24 -237.651 6.28392 0.00194289 0
44 -33.7778 -13.6283 1.09313 5.55112e-05 0
45 2756.86 -356.62 10.988 0.0143774 0
46 14060.9 -1807.26 57.8144 0.0137113 0
47 2146.32 -307.827 9.91907 0.110134 0
48 4753.94 -617.732 19.5618 5.55112e-05 0
49 824048 -79856.5 83.309 94.2164 0
50 753.092 -107.985 3.91065 0.0267009 0
51 4463.73 -333.508 0.00827116 0.227596 0
52 464.454 -57.8534 1.93928 0.000222045 0
53 451.051 -59.477 1.87994 0 0
54 1836.26 -241.992 7.84917 0.0149325 0
55 505.493 -64.8411 1.75771 0.0128786 0
56 6.699e+06 -823697 22229.3 0.42677 0
57 434.054 -58.1396 1.72073 0.00821565 0
58 18181.9 -2452.25 78.0038 0.00366374 0
59 221.68 -25.4506 0.516309 0.00899281 0
60 84998.8 -11500.7 328.705 0.00555112 0
61 281.681 -38.9604 1.40249 0.00094369 0
62 3670.42 -479.213 12.7098 0.125178 0
63 773.963 -96.8956 1.89793 0.0534572 0
64 1309.63 -186.13 6.56974 0.00144329 0
65 491749 -61046.3 1799.35 0.00627276 0
66 292873 -31308.2 169.963 37.5068 0
67 289.739 -44.3703 1.54943 0.00616174 0
68 849.844 -99.2028 2.77078 0.00160982 0
69 -11.6087 -2.24242 0.0290323 0.0137113 0
70 2.15926 0.827272 0 0 0
71 575.293 -72.2785 2.34912 0.00133227 0
72 1483.19 -194.497 6.37274 0.00316414 0
73 1105.01 -161.372 5.42644 0.000888178 0
74 615.653 -89.4487 3.12289 0.000166533 0
75 9978.84 -1437.11 50.0148 0.00360822 0
76 10805.2 -1372.94 40.8778 0.0718314 0
77 235.441 -29.939 0.902112 0.00216493 0
78 182501 -25764.5 876.283 0.0004996 0
79 1102.46 -173.837 6.99685 0.00133227 0
80 5.19462e+08 -4.79846e+07 7478.85 47602.9 0
81 2945.1 -428.203 14.5276 0.0410783 0
82 3906.9 -550.161 18.2814 0.039857 0
83 2858.8 -378.149 12.9031 0.000333067 0
84 17.9713 -1.31904 0.100642 5.55112e-05 0
85 7267.97 -1138 43.183 0.00388578 0
86 96.2202 -9.64027 0.251466 0 0
87 1356.51 -198.829 6.79118 0.0128231 0
88 3182.01 -450.691 15.4105 0.000166533 0
89 388.619 -51.6224 1.67366 0.000222045 0
90 123933 -14517.8 400.373 0.00244249 0
91 1069.52 -149.118 5.07927 0.00516254 0
92 434551 -44125.8 297.642 41.5942 0
93 1038.08 -125.535 3.5324 0.0029976 0
94 34.8393 -4.99315 0.232869 0 0
