0 9.9082e+06 -1.18147e+06 34260.4 0.0415779 0
1 1.5246e+07 -1.76279e+06 36408.2 797.198 0
2 19900.5 -2594.89 82.3266 0.00743849 0
3 5.16759e+06 -628493 18954.1 0.571376 0
4 101881 -13010.1 407.413 0.00927036 0
5 107192 -12805.4 373.39 0.00116573 0
6 68385.5 -8504.76 262.842 0.00116573 0
7 10188.5 -1381.68 45.3772 0.0481282 0
8 11046.5 -1349.72 40.2469 0.00133227 0
9 14056.7 -1714.63 47.9651 0.12651 0
10 4924.27 -555.848 14.7437 0.00555112 0
11 413.162 -47.0551 1.3472 0.000277556 0
12 2984.42 -357.556 10.3812 0.000610623 0
13 532.898 -62.5896 1.77269 0.00216493 0
14 456264 -58783.7 1865.25 0.00849321 0
15 25368.5 -2920.94 80.1696 0.00460743 0
16 1.62317e+07 -1.46497e+06 1886.41 1533.1 0
17 372.188 -44.5067 1.31434 0.0039968 0
18 3249.75 -410.457 11.4806 0.00760503 0
19 22034.9 -2678.14 79.1227 0.0526246 0
20 1.09089e+07 -1.03239e+06 488.609 1290.69 0
21 9217.24 -1033.22 28.8284 0.00477396 0
22 354.65 -46.1437 1.4152 0.00527356 0
23 523.863 -69.1483 2.29217 0.00216493 0
24 109194 -13488.8 408.558 0.00122125 0
25 5.56858e+06 -645065 17677 0.0240918 0
26 6.81719e+06 -876820 27602.2 0.308142 0
27 4008.94 -503.552 14.8153 0.00216493 0
28 110299 -11632.8 292.906 0.16781 0
29 228161 -30333.3 968.372 0 0
30 166.244 -21.931 0.717704 0 0
31 100156 -11911.7 352.478 0 0
32 99.2279 -14.9499 0.549838 0.00111022 0
33 3308.81 -392.16 10.812 0.00888178 0
34 570.102 -64.9207 1.04416 0.0364708 0
35 1074.2 -153.463 6.0919 0.00588418 0
36 -9.47205 1.07884 0 0 0
37 1659.8 -210.545 6.36596 0.00366374 0
38 415863 -44616.7 610.555 26.9871 0
39 1120.62 -137.221 3.97388 0.0094369 0
40 8460.84 -1106.88 35.3673 0.00410783 0
41 1217.71 -146.677 4.16006 0.00904832 0
42 8.75872 -0.0829127 0.000277556 0.000111022 0
43 426627 -45598.1 747.427 21.8227 0
44 15710 -1853.52 50.7613 0.00116573 0
45 1766.24 -208.325 5.86681 0.00516254 0
46 -12.5933 1.28885 0 0 0
47 315.394 -33.6755 0.197398 0.0268674 0
48 2770.95 -369.305 11.8649 0 0
49 67279.9 -8271.84 246.957 0.000999201 0
50 3619.85 -489.935 16.3757 0.00138778 0
51 15823.4 -1975.09 56.0722 0.0130451 0
52 1101.44 -129.431 3.48466 0.0004996 0
53 2927.53 -367.762 11.1248 0.000111022 0
54 1.62023e+07 -1.37526e+06 212.593 1207.59 0
55 110.756 -20.3307 0.934808 0 0
56 4455.06 -493.847 13.2503 0.000721645 0
57 10002 -1294.04 37.2166 0.0885958 0
58 41.0703 -5.49746 0.192624 0 0
59 513.669 -65.2224 1.99391 0.000555112 0
60 8.44507e+06 -800355 97.2759 1012.98 0
61 1576.29 -193.758 5.82739 0 0
62 3009.33 -416.135 14.2684 0.00160982 0
63 298812 -39408.8 1101.03 3.86435 0
64 810.511 -94.7964 2.66781 0.00133227 0
65 135.819 -16.442 0.504929 0.000333067 0
66 34.121 -2.71694 0.0984213 0 0
67 -16.0264 1.49934 0.0121014 0 0
68 1718.51 -211.727 5.92099 5.55112e-05 0
69 10606.4 -1193.74 32.4251 0 0
70 2176.8 -274.269 8.09575 0.00954792 0
71 41619.7 -5191.35 155.35 0 0
72 36.5402 -3.62909 0.1667 0.000166533 0
73 5562.65 -774.278 24.4649 0.0880407 0
74 840.511 -113.113 3.69821 0.00227596 0
75 285522 -33827.1 943.839 0.168976 0
76 9.37877 -0.172573 0.025091 0 0
77 8.96425e+06 -1.144e+06 35252.8 0.106803 0
78 9919.71 -1155.82 31.2096 0.00982547 0
79 1.28242e+07 -1.63509e+06 43895.3 9.48708 0
80 2668.12 -340.526 10.0626 0.0125455 0
81 1904.99 -245.913 7.12452 0.00938138 0
82 11586.5 -1370.79 36.5388 5.55112e-05 0
83 748.837 -113.325 4.09589 0.000555112 0
84 2.42812e+06 -308408 9214.34 0.90089 0
85 5042.04 -715.117 24.9828 0.0197065 0
86 284.254 -43.3258 1.6096 0.000111022 0
87 980.938 -116.447 3.53245 0.00255351 0
88 471748 -49802.7 338.913 53.4138 0
89 4710.87 -602.038 17.6462 0.00965894 0
90 -2.66638 0.990899 0 0 0
91 264.311 -31.7127 0.913936 0.00122125 0
92 95.4263 -6.82912 0.191624 0.000166533 0
93 5545.55 -738.843 22.6056 0.0108802 0
94 0.354365 0.763843 0 0 0
95 0 0 0 0 0
