0 381415 -42119.4 1162.96 0.00238698 0
1 1.33752e+06 -173756 5229.12 0.12329 0
2 2290.97 -301.501 8.93691 0.0627276 0
3 890.414 -120.835 3.04773 0.0707212 0
4 213.752 -27.9583 0.996536 0.000721645 0
5 2920.87 -329.278 8.30386 0.0487388 0
6 116.297 -21.7317 1.06598 0.000166533 0
7 495.798 -64.6431 2.15367 0.00127676 0
8 290159 -34081.6 962.404 0.508926 0
9 237391 -30456.4 913.618 0.067002 0
10 2337.05 -307.306 9.57173 0.00988098 0
11 102.99 -11.9762 0.246303 0.00810463 0
12 -8.22769 1.15963 0 0 0
13 200.901 -17.0522 0.361322 0.000166533 0
14 37.183 -4.1531 0.119016 0.00222045 0
15 2.55698 0.316514 0.0148215 0 0
16 134768 -13435.3 310.555 0.00560663 0
17 -1.81443 0.849966 0.000222045 0 0
18 393.332 -44.2938 1.07003 0.00721645 0
19 5661.56 -842.753 30.111 5.55112e-05 0
20 9.63881e+06 -937291 2.23754 1175.34 0
21 8.73568 -1.06425 0.0754397 0.000444089 0
22 74602.9 -10224.2 329.799 0.00172085 0
23 152.723 -19.3276 0.621447 0.000111022 0
24 0.0364619 0.796787 0 0 0
25 409.546 -54.9747 1.81738 0.000444089 0
26 465.095 -46.5719 0.61634 0.024647 0
27 765.9 -116.602 4.02983 0.0155986 0
28 292370 -40425.1 1159.32 12.7841 0
29 406700 -51153.5 1345.73 9.60887 0
30 1084.95 -141.188 4.72683 0.0004996 0
31 2.22479 0.477452 0.00949241 0 0
32 1.71266 0.755004 0.000832667 0 0
33 4057.08 -517.217 15.7587 0.000777156 0
34 56487.5 -6392.47 123.563 2.21484 0
35 0.339116 0.783418 0 0 0
36 3.0411 0.587444 0.0039968 5.55112e-05 0
37 1240.21 -159.604 4.62774 0.0245359 0
38 15164 -1900.1 58.1294 0.000166533 0
39 2.81551e+06 -312080 4831.55 161.131 0
40 2669.82 -389.789 14.4377 0.0138778 0
41 739490 -89220.9 2591.62 0.00277556 0
42 0.0234767 0.770048 0 0 0
43 46.1381 -5.19429 0.232314 0 0
44 578.688 -76.7293 2.30999 0.00366374 0
45 6.1027e+06 -728181 17981.9 94.1499 0
46 4284.24 -563.296 17.7449 0 0
47 518.946 -72.9645 2.35395 0.00827116 0
48 382381 -41410 617.379 24.8215 0
49 278.81 -28.702 0.952405 5.55112e-05 0
50 242.552 -24.1122 0.577316 0.000444089 0
51 390.967 -46.9865 1.36607 0.0004996 0
52 255395 -31513.7 903.408 0.034861 0
53 69.7085 -8.15845 0.259182 0.0004996 0
54 17375.9 -2299.22 74.5611 0.0244804 0
55 5334.08 -753.539 24.628 0.0155986 0
56 621.461 -83.0911 2.73942 0.00305311 0
57 4447.36 -528.371 15.2122 0.0238698 0
58 1.17356 0.730341 5.55112e-05 0 0
59 4720.96 -632.577 19.5596 0.0104916 0
60 131.207 -15.0669 0.409617 0.00227596 0
61 499.063 -60.4788 1.54587 0.0192069 0
62 3111.32 -443.258 15.6385 0.00538458 0
63 4577.18 -622.905 19.933 0.0094369 0
64 4894.85 -726.057 25.8141 0.0262013 0
65 4.02926 -0.833172 0.0455747 0.0004996 0
66 6.77879e+06 -871359 26769.7 0.00177636 0
67 7.69691e+06 -870404 88.9249 1294.6 0
68 1462.44 -175.347 4.58794 0.0457412 0
69 634.94 -97.8557 3.40239 0.0348055 0
70 1713.75 -238.648 7.88253 0.00527356 0
71 299645 -33591.6 676.063 12.1414 0
72 1.68834e+07 -2.14417e+06 65263.9 32.883 0
73 37631.6 -4823.05 151.185 0.00638378 0
74 1201.84 -152.68 4.60298 0.0004996 0
75 153.944 -19.5172 0.620726 0 0
76 3760.15 -555.523 18.5815 0.00410783 0
77 244.775 -43.4559 0.0316969 0.0909828 0
78 125.233 -13.5078 0.125511 0.0114353 0
79 767.956 -100.808 2.99955 0 0
80 48617.1 -5278.89 24.1442 7.20546 0
81 930.225 -100.018 2.52443 0.00094369 0
82 12.8311 -1.81815 0.100808 0.000166533 0
83 -6.23255 1.04409 0.000277556 0 0
84 241.46 -30.2644 0.917766 0.000222045 0
85 -15.3109 0.82831 0.0432432 0.000444089 0
86 522.622 -66.677 2.07456 0.000444089 0
87 330322 -40778.9 1175.87 0.134392 0
88 439.997 -52.4754 1.60177 0 0
89 -14.5098 1.42096 0.000222045 0 0
90 35.6097 -5.48946 0.250133 0 0
91 -6.94916 0.838075 0.0209277 5.55112e-05 0
92 2350.03 -317.015 10.3685 0.00111022 0
93 400.87 -55.7884 1.87333 0.000388578 0
94 -2.64993 -2.96876 0.315026 0 0
