0 123.395 -18.9249 0.905609 0 0
1 204.95 -20.9117 0.153155 0.0194289 0
2 490.385 -86.7496 3.58302 0.000277556 0
3 963.837 -141.783 4.72999 0.0290323 0
4 25.1157 -3.25752 0.131617 0.000277556 0
5 51.5237 -5.82396 0.17869 0.000388578 0
6 3841.95 -534.813 17.9939 0.0175415 0
7 7.96981e+06 -928255 22787.9 0.357159 0
8 90.4158 -11.3564 0.349554 0.00122125 0
9 27.9109 -4.23414 0.192457 0.000610623 0
10 330.244 -41.0097 0.689448 0.029976 0
11 361.916 -53.4497 1.82099 5.55112e-05 0
12 638.406 -56.4192 0.0786038 0.0557332 0
13 2855.23 -370.435 11.5081 0.00427436 0
14 1212.94 -158.513 5.17714 0.000222045 0
15 6799.46 -895.573 28.4244 0.000333067 0
16 224.43 -32.3872 1.14586 0.000333067 0
17 144.718 -16.5009 0.503764 0.000222045 0
18 105.228 -13.3187 0.349332 0.00410783 0
19 -8.75416 1.12019 0 0 0
20 782.353 -96.5785 2.93499 0.000111022 0
21 359.64 -44.4185 1.39083 0.000222045 0
22 1935.26 -269.016 8.39551 0.0237588 0
23 429.409 -77.2437 3.21998 5.55112e-05 0
24 34968.2 -4726.42 149.679 0.356659 0
25 20810 -2447.7 71.8106 0.0184852 0
26 23.9218 -3.65623 0.158151 5.55112e-05 0
27 144.308 -14.8563 0.00194289 0.0245914 0
28 462.207 -56.9822 1.72212 0.000388578 0
29 466.963 -61.8891 1.79839 0 0
30 20.4549 -2.21279 0.115241 5.55112e-05 0
31 12.8492 -1.45275 0.0732192 0.000222045 0
32 18418.8 -2213.63 63.3115 5.55112e-05 0
33 820.608 -99.2168 2.87209 5.55112e-05 0
34 145.319 -18.4864 0.60818 5.55112e-05 0
35 4445.48 -731.79 29.5241 0.0134892 0
36 5.30383e+08 -4.99167e+07 60970.1 52356.7 0
37 659.016 -105.027 4.29135 0 0
38 16795.4 -2179.79 69.2757 0.0195954 0
39 7589.92 -1054 35.6987 0.029643 0
40 59465.8 -7702.07 126.412 8.07737 0
41 2745.44 -393.076 13.383 0.062006 0
42 961.037 -121.804 3.00071 0.0627276 0
43 1.01454e+07 -959716 5.9095 1136.58 0
44 6.79306 -0.205909 0.0308642 0 0
45 156.581 -18.5292 0.472899 0.0128786 0
46 152.799 -22.1965 0.627054 0.00988098 0
47 724267 -77023.8 486.458 84.4906 0
48 34685.1 -5400.17 202.193 0.000222045 0
49 12955.8 -1646.52 50.051 0.0150435 0
50 193600 -25215.4 611.786 11.7588 0
51 8.76536e+06 -1.08288e+06 31187.7 0.194234 0
52 76096.3 -10653 362.737 0.0288103 0
53 181.252 -21.8407 0.619338 0.00288658 0
54 1699.29 -218.481 6.35092 0.00865974 0
55 -1.56411 0.744193 0.0094369 5.55112e-05 0
56 1.04489e+07 -1.27409e+06 38345.2 0.000111022 0
57 2795.9 -355.607 11.9098 5.55112e-05 0
58 8395.64 -1092.34 23.2781 0.754008 0
59 305723 -33908.4 215.889 40.1343 0
60 5.78472e+06 -738572 22026.1 0.103695 0
61 10994 -1374.74 41.5255 0.000166533 0
62 168.886 -24.4038 0.966394 0.00127676 0
63 111909 -14606.9 441.454 0.00222045 0
64 1799.56 -250.7 8.69171 0.00255351 0
65 517.737 -58.6137 1.62631 5.55112e-05 0
66 540.977 -53.7454 1.25489 0 0
67 3567.31 -461.163 14.7156 0.00788258 0
68 153.493 -20.0692 0.689837 5.55112e-05 0
69 14339.5 -2001.76 68.3232 0.000111022 0
70 338.738 -48.8819 1.76775 0.000166533 0
71 581353 -67293.9 1779.95 0.0212608 0
72 2535.99 -347.41 11.4295 0.00427436 0
73 1532.55 -257.221 10.6641 0.0034972 0
74 4250.3 -620.582 21.0165 0.151268 0
75 146704 -20512.3 677.588 0.0254241 0
76 2315.07 -302.753 9.43079 5.55112e-05 0
77 663.803 -73.3232 1.89176 0.00188738 0
78 1704.29 -198.379 5.78987 0 0
79 1.12865e+09 -1.07608e+08 38185.7 131006 0
80 29.9924 -2.77913 0.105027 0 0
81 845.879 -107.157 3.27022 0.000277556 0
82 150406 -15364.9 10.9527 19.7232 0
83 416011 -48495.9 440.693 55.0777 0
84 317600 -36328.2 229.647 49.0036 0
85 10.5998 0.0497514 0.0140998 0 0
86 17.5269 -0.709047 0.00388578 0.000166533 0
87 281.715 -22.6778 0.546285 5.55112e-05 0
88 1052.11 -111.437 2.79882 0 0
89 4355.45 -543.902 15.519 0.0500711 0
90 1123.48 -147.266 4.69264 0.000444089 0
91 186.482 -24.4398 0.785039 0.000777156 0
92 1268.92 -195.72 6.56486 0.0319189 0
93 204.994 -22.6856 0.332734 0.0163203 0
94 5766.41 -786.324 25.4696 0.00410783 0
