0 8051.74 -1016.45 30.9284 0.0177636 0
1 1305.5 -152.947 3.94973 0.000333067 0
2 111.817 -15.5842 0.554889 0.00155431 0
3 3880.64 -479.439 13.0373 0.00582867 0
4 4.54969e+06 -528391 12935.2 105.05 0
5 1949.28 -289.723 9.95531 0.0564548 0
6 1.27059e+07 -1.1759e+06 2.10126 1339.45 0
7 6518.07 -600.532 0.33501 0.744627 0
8 8.23892e+06 -1.08681e+06 33189.8 0.800138 0
9 47165.4 -5060.55 27.243 5.46163 0
10 148.733 -16.1597 0.437761 0.00094369 0
11 1499.19 -166.916 4.74387 0.00160982 0
12 426.659 -54.1293 1.57918 0.00899281 0
13 3848.6 -497.754 15.0921 0.0106581 0
14 9474.95 -1197.49 37.1636 0.0736633 0
15 4539.71 -605.481 19.3908 0.00172085 0
16 337306 -35679.9 330.03 32.5511 0
17 105.851 -13.8682 0.507094 0 0
18 614.513 -83.0271 2.57161 0.00865974 0
19 590033 -85093.2 2955.53 0.140443 0
20 299056 -35642.3 550.268 19.5198 0
21 572.34 -81.0226 2.88719 0.000222045 0
22 2328.75 -319.716 10.897 0.00333067 0
23 1.98222e+07 -1.85383e+06 8.17341 2079.13 0
24 8999.63 -1256.85 43.561 0.000111022 0
25 3.6309 0.248794 0.0172085 0 0
26 -4.32446 0.655067 0.0151545 0 0
27 5565.19 -866.143 32.7278 0.0307532 0
28 1.33146e+06 -193400 6736.51 1.06737 0
29 129.611 -15.4231 0.525857 0.000333067 0
30 3.72116 0.426616 0.00255351 0 0
31 119.038 -15.5072 0.516309 0.000388578 0
32 422.412 -55.4832 1.79284 0.000222045 0
33 1769.43 -237.8 7.49134 0.0121014 0
34 7573.7 -1025.51 30.9305 0.000277556 0
35 5239.19 -619.25 18.2894 0.00233147 0
36 1.54541e+07 -1.98494e+06 60492.8 1.14192 0
37 343109 -40082.1 736.932 22.8574 0
38 14053.1 -1975.84 64.1723 0.00272005 0
39 15166.3 -2052.17 67.3879 0.184464 0
40 -6.03478 0.957228 0.000166533 0 0
41 34.4762 -5.05057 0.223266 0 0
42 245.083 -29.6637 0.912825 5.55112e-05 0
43 33.1055 -4.79353 0.202172 5.55112e-05 0
44 -8.88069 1.22358 0 0 0
45 1328.05 -178.893 5.39352 0.0250355 0
46 67.8283 -9.29532 0.361433 0.000222045 0
47 -5.76056 0.551302 0.0393574 0 0
48 787.332 -96.4224 3.00893 0.000444089 0
49 130.098 -33.1736 1.72784 0.000111022 0
50 2.09359e+06 -189251 2294.1 73.6867 0
51 399884 -45608.3 703.003 28.7219 0
52 1450.93 -168.081 3.49609 0.0520695 0
53 1698.12 -191.962 5.00489 0.000888178 0
54 772.611 -106.458 3.46628 0.000888178 0
55 30512.3 -4228.4 141.27 0.00160982 0
56 13805.9 -1962.29 67.7757 5.55112e-05 0
57 227.055 -30.8984 1.01258 5.55112e-05 0
58 16681.9 -2272.46 73.2353 0.0976441 0
59 148168 -11825.8 1.06004 11.1489 0
60 4141.44 -525.283 15.3525 0.0881517 0
61 136262 -16160.9 249.422 14.4992 0
62 103.759 -13.1348 0.405787 0.00133227 0
63 496.745 -59.5093 1.59284 0.00455191 0
64 436.219 -58.7648 2.01356 0.000277556 0
65 924.199 -132.918 4.718 0.002498 0
66 5.83346e+06 -888163 33386.8 3.25856 0
67 706.938 -112.268 4.45705 0.00160982 0
68 448772 -51904.9 62.1962 88.6291 0
69 550.809 -66.7495 1.92935 0.00427436 0
70 141.358 -17.8414 0.577316 0.000333067 0
71 43.4686 -4.80919 0.179301 0 0
72 2022.12 -270.823 8.39523 0.0484612 0
73 5.25808 0.663707 0.000999201 0 0
74 1.78669e+06 -215033 5987.25 0.127787 0
75 2321.36 -317.524 11.0775 0.00205391 0
76 5529.01 -737.505 23.9467 0.00144329 0
77 4083.16 -512.551 14.5419 0.00910383 0
78 308944 -36201.4 145.894 52.0466 0
79 596.134 -86.0377 3.11567 0.000721645 0
80 1.71189 0.740612 0 0 0
81 498936 -59063.9 1.93023 110.362 0
82 2.16164e+06 -295810 9707.72 0.00488498 0
83 5269.17 -684.881 21.514 0.000888178 0
84 10796.3 -1103.27 26.9154 0.0413558 0
85 226.093 -37.2836 1.68543 0.000222045 0
86 57.9225 -5.59342 0.0738853 0.00593969 0
87 4.82661 0.684044 0.0019984 5.55112e-05 0
88 1883.96 -176.172 0.0652811 0.254408 0
89 29.2313 -2.21353 0.0798805 0 0
90 3087.35 -483.459 18.7118 0.00976996 0
91 3656.86 -537.986 17.5975 0.00321965 0
92 1059.79 -140.462 4.61792 0 0
93 447260 -51079 354.464 59.3447 0
94 2481.57 -362.266 12.4806 0 0
