0 5314 -757.324 26.073 0.0188738 0
1 96.8283 -13.4242 0.455413 0.0014988 0
2 3.79438 0.250844 0.00865974 0 0
3 683.885 -101.667 3.52912 0.0165978 0
4 35.6106 -4.34274 0.140776 0.000111022 0
5 669.449 -94.2457 3.08775 0.00105471 0
6 111.729 -15.6678 0.5968 0.000111022 0
7 3.24242e+06 -439600 13672.6 0.336398 0
8 1125.14 -151.157 4.38216 0.0039968 0
9 10171.9 -1464.37 48.72 0.00344169 0
10 1420.87 -220.288 7.72737 0.0487388 0
11 250.294 -37.7931 1.36213 0.00355271 0
12 4133.1 -603.88 20.1438 0.0444644 0
13 214.005 -30.5547 1.01363 0.00155431 0
14 1481.1 -213.179 7.08522 0.000222045 0
15 5230.62 -714.76 21.498 0.0424105 0
16 2064.17 -329.423 13.0901 0.00310862 0
17 3351.18 -418.973 8.77276 0.179468 0
18 60.5998 -8.25639 0.277611 0.00105471 0
19 3.67859 -0.152903 0.0226485 0 0
20 8005.04 -1262.33 46.2566 0.240585 0
21 667.738 -94.8362 3.1235 0.00255351 0
22 752.31 -98.975 2.43461 0.0351941 0
23 429101 -48087.9 343.87 45.0798 0
24 232.301 -32.9965 1.04433 0.000333067 0
25 764.944 -91.0708 2.4179 0.000277556 0
26 93.2125 -12.7116 0.419387 5.55112e-05 0
27 833.312 -120.071 4.15012 5.55112e-05 0
28 2871.01 -443.393 16.7997 0.0263123 0
29 8.20283 -0.411325 0.0004996 0.00155431 0
30 -2.3404 0.799106 0 0 0
31 630650 -72701.1 170.833 110.283 0
32 2558.73 -370.433 12.9061 0 0
33 469601 -54690 812.221 38.8137 0
34 93.3542 -11.8816 0.3747 0.000222045 0
35 314487 -42857.9 1304.28 0.00471845 0
36 276.528 -37.8286 1.13792 0.00355271 0
37 2881.49 -349.87 8.81384 0.0160427 0
38 296.055 -40.9872 1.02396 0.0284217 0
39 201.279 -25.9131 0.869527 0.000388578 0
40 71.1019 -8.88871 0.328737 0 0
41 698541 -95316.5 2823.83 0.000277556 0
42 1518.45 -213.64 6.98513 0.00210942 0
43 934.643 -125.664 3.2806 0.035083 0
44 3.77854 0.410827 0.00260902 5.55112e-05 0
45 854.123 -117.305 3.93341 0 0
46 85.6506 -11.6734 0.383416 0.00216493 0
47 28.996 -3.47091 0.162648 5.55112e-05 0
48 785.999 -99.1777 2.97512 0.0133227 0
49 12.2833 -0.834459 0.0436873 0 0
50 1024.62 -128.115 3.21082 0.0004996 0
51 0.977869 0.40946 0.00388578 0 0
52 2071.11 -291.029 9.34919 0 0
53 1195.96 -152.369 4.5326 0.00116573 0
54 535.79 -62.7833 0.985934 0.0432987 0
55 590.966 -73.4487 1.99851 0.00288658 0
56 301191 -40028.1 1148.48 0 0
57 206.025 -27.3444 0.812295 0.000333067 0
58 63.2654 -7.44844 0.229705 5.55112e-05 0
59 62.8299 -8.10566 0.264622 5.55112e-05 0
60 82.1235 -11.3293 0.406564 0.000166533 0
61 193.417 -23.6314 0.544731 0.00460743 0
62 2.55043 0.492586 0.000277556 0 0
63 1395.49 -190.56 5.76977 0.00194289 0
64 450.297 -62.829 2.14584 0.000111022 0
65 3.5296 0.46046 0 0 0
66 16780.2 -2057.03 55.2221 0.0184297 0
67 134.451 -16.4842 0.519251 0.00155431 0
68 172957 -25238.7 854.006 0.00166533 0
69 503740 -59161.7 897.346 34.9655 0
70 0.484588 0.612007 0.00321965 5.55112e-05 0
71 2695.58 -294.476 2.88314 0.271061 0
72 6.91931 0.342877 0 0 0
73 1.26378 0.503417 0 0 0
74 3.60315 0.485046 0.000388578 0 0
75 183.174 -22.3974 0.611844 0.00138778 0
76 264.863 -32.4727 0.762168 0.00777156 0
77 17.6804 -1.6296 0.0652811 0 0
78 22.3315 -2.48628 0.0933142 0 0
79 507.282 -63.7982 1.2601 0.0385803 0
80 63.445 -8.28391 0.287492 0.000388578 0
81 2525.08 -354.322 10.9875 0.0432987 0
82 69.4196 -6.47841 0.0129341 0.00871525 0
83 937.629 -131.96 4.27658 0.0054956 0
84 3988.65 -564.251 17.8804 0.0401346 0
85 160.475 -18.8078 0.554834 0 0
86 260.223 -31.8228 0.58048 0.0224265 0
87 626.155 -88.6982 3.05944 0.000666134 0
88 2251.75 -282.717 7.04864 0.0387468 0
89 326.63 -48.6931 1.74372 0.000222045 0
90 858.929 -114.672 2.18653 0.12601 0
91 498.01 -70.4133 2.32381 0.000777156 0
92 257.043 -36.3444 1.25649 0 0
93 72.2867 -7.4651 0.0605072 0.00954792 0
94 907.233 -136.577 4.92284 0.000666134 0
95 4891.94 -554.789 9.08823 0.25796 0
