0 511067 -54981.6 392.876 58.7287 0
1 11295.4 -1661.33 59.3607 0.000111022 0
2 2018 -260.924 6.46083 0.071998 0
3 -5.78905 0.998543 0.00183187 0 0
4 539559 -57940.4 407.213 58.088 0
5 16739.7 -2392.32 85.9932 0.00105471 0
6 458318 -52796.6 1379.39 0.00144329 0
7 7352.12 -1049.61 36.6716 5.55112e-05 0
8 217.274 -25.9818 0.984546 0 0
9 189.452 -27.2296 0.93725 0.00116573 0
10 796.317 -94.9503 2.46059 0.027145 0
11 652.387 -94.2195 3.15381 0.00383027 0
12 5.45841e+06 -680718 19644.9 0.337674 0
13 231822 -25887.7 418.704 14.6418 0
14 6790.59 -793.212 18.4053 0.192957 0
15 -3.98806 0.720597 0.00899281 0 0
16 1002.16 -125.662 3.49959 0.020095 0
17 987.473 -146.705 5.19401 0.0004996 0
18 1433.48 -141.379 3.30358 0 0
19 223.826 -29.198 0.960454 0.00183187 0
20 -7.28619 1.05017 0.00094369 0 0
21 23788.8 -3314.75 110.656 0.072109 0
22 -3.90298 0.783968 0.0130451 0 0
23 1116.87 -263.66 12.0429 0.0350275 0
24 69.0618 -10.9361 0.45719 0.000111022 0
25 -14.5337 1.49246 0.00138778 0 0
26 39.5245 -4.55644 0.110023 0.00227596 0
27 7998.84 -1099.49 36.6004 0.00749401 0
28 -6.16129 1.00641 0 0 0
29 -35.2216 -0.972561 0.330402 0.00111022 0
30 423259 -45829.4 726.476 25.324 0
31 -18.5517 -4.52526 0.468292 0.000277556 0
32 -296.327 18.5853 0.435263 0.000222045 0
33 89871 -11763 369.763 0.000111022 0
34 8.17731e+06 -874471 21907.1 0.00188738 0
35 1172.89 -180.507 6.03911 0.0717759 0
36 1785.29 -236.181 7.75796 0.000166533 0
37 254571 -31452.5 841.934 0.155986 0
38 973.888 -135.251 4.74015 0.00166533 0
39 229.782 -28.0429 0.734413 0.00799361 0
40 2054.9 -237.664 5.95479 0.0364708 0
41 1718.3 -174.074 4.42996 0 0
42 12213 -1746.65 60.7727 0.00460743 0
43 256359 -28299.5 382.608 20.5163 0
44 82.9345 -12.355 0.516143 0.000666134 0
45 382917 -44638 1090.9 9.10577 0
46 1463.77 -199.295 6.44085 0 0
47 1185.9 -134.919 3.60445 0.000444089 0
48 4287.6 -533.442 19.0901 0.00188738 0
49 43456.8 -4109.75 96.5547 0.0152656 0
50 439548 -52879.1 1414.99 3.44941 0
51 143.305 -17.8013 0.627887 0 0
52 5364.45 -556.421 13.526 0.0665579 0
53 -5.88484 0.801376 0.00477396 0 0
54 -5.0328 0.906388 5.55112e-05 0 0
55 8303.93 -918.167 22.3634 0.000444089 0
56 940.948 -109.807 2.4668 0.0308087 0
57 5105.32 -504.749 11.0922 0.020095 0
58 237.476 -25.5926 0.20739 0.027478 0
59 4956.6 -594.092 16.946 0.0114908 0
60 40.4627 -7.89897 0.413114 0.000388578 0
61 3457.46 -433.745 11.4164 0.035083 0
62 277.999 -36.6505 1.33682 0.00227596 0
63 6483.06 -887.649 29.0327 0.00094369 0
64 3.74081 0.587273 0 0 0
65 575789 -73063.1 2169.29 0.224598 0
66 3014.1 -446.426 15.2164 0.027478 0
67 571.264 -72.4811 2.21007 0.00133227 0
68 9356.09 -1110.32 30.7032 0.0354716 0
69 5755.2 -683.077 19.4169 0.00277556 0
70 1686.55 -201.628 6.19343 0.00166533 0
71 475944 -56268.8 1220.06 16.6111 0
72 2.51743 0.0110877 0.0535683 0 0
73 1573.53 -191.002 5.20711 0.00849321 0
74 135.843 -13.9527 0.0491274 0.0183742 0
75 333089 -37078.4 745.828 14.1266 0
76 554.428 -74.4396 2.49806 0.00138778 0
77 12.4149 -1.48743 0.0492939 0.00205391 0
78 495.642 -68.5203 2.41418 0.0014988 0
79 542.939 -71.046 2.22955 0.000222045 0
80 10357.6 -1049.17 28.2508 0.0245914 0
81 -3.72006 1.01232 0 0 0
82 585.409 -77.4754 2.27535 0.00432987 0
83 -1.4955 0.788012 0.0316969 0 0
84 221847 -27079.6 639.524 9.23867 0
85 366.106 -38.9718 1.03928 5.55112e-05 0
86 1005.96 -128.453 4.10227 5.55112e-05 0
87 1026.23 -137.745 4.36834 0.00194289 0
88 621.597 -79.0135 2.3696 0.000333067 0
89 22.0119 -1.67632 0.0706102 0.000166533 0
90 6668.39 -824.691 23.8945 0.0304756 0
91 307.519 -37.0634 1.23934 0.000888178 0
92 524598 -64518.6 26.9534 132.287 0
93 1773.79 -236.462 7.5282 0 0
94 65051.6 -9835.51 338.589 0.00427436 0
95 0 0 0 0 0
