0 1866.99 -232.1 6.7783 0.00505151 0
1 37074.2 -5079.67 167.221 0.0438538 0
2 2859.11 -323.305 8.71875 0.00222045 0
3 38.3498 -7.66293 0.41589 0.000388578 0
4 42560.7 -5054.83 140.307 0.0567324 0
5 318.01 -37.3304 1.17939 0 0
6 345.2 -43.5737 0.941081 0.0259237 0
7 -10.4737 1.18238 0.00455191 0 0
8 7.20286 -0.743445 0.0414113 0 0
9 762.337 -67.627 0.248357 0.062339 0
10 52.8089 -6.93693 0.25252 5.55112e-05 0
11 1655.63 -203.198 6.25522 0.0124345 0
12 -7.51575 0.994352 0 0 0
13 -3.45999 0.817912 0 0 0
14 -8.36115 1.14478 0 0 0
15 -4.38279 0.993773 0 0 0
16 351.32 -43.1038 0.788036 0.0439648 0
17 268.45 -27.2807 0.00416334 0.0328071 0
18 3173.09 -372.582 10.4766 0.00116573 0
19 305.6 -39.2503 1.38778 5.55112e-05 0
20 105.678 -10.5443 0.25846 5.55112e-05 0
21 18.7303 -1.47798 0.0883182 0 0
22 905.219 -190.599 6.4419 0.223432 0
23 1293.65 -182.743 6.12027 0.000277556 0
24 2146.81 -263.651 7.9779 0 0
25 555.456 -63.7565 1.62154 0.000166533 0
26 300.318 -30.6949 0.858147 0 0
27 9.28128 -2.20217 0.162481 0 0
28 239195 -32680.8 1032.13 0.110634 0
29 367.088 -36.1849 0.149158 0.037137 0
30 311585 -98306.5 3202.28 1.07692 0
31 9083.25 -1194.17 37.9915 0.00305311 0
32 360.797 -38.6287 1.05438 0.00210942 0
33 633689 -70222.6 178.787 106.983 0
34 797.266 -96.4386 3.11717 0 0
35 194.849 -25.6548 0.933587 0 0
36 234.698 -36.0713 1.32444 0.00238698 0
37 10503.6 -1463.55 49.5531 0.000222045 0
38 10397 -1594.35 56.1325 0.00621725 0
39 79.6827 -9.71953 0.353106 0.000999201 0
40 2631.22 -315.266 9.12342 5.55112e-05 0
41 386.254 -55.0337 1.9692 0.000111022 0
42 175.667 -22.2598 0.75262 0.000555112 0
43 146.469 -19.6922 0.56477 0.00616174 0
44 5.10158 -0.611154 0.049627 5.55112e-05 0
45 -1.91833 0.819282 0 0 0
46 617.319 -80.9614 2.46297 0.000277556 0
47 689.794 -87.8268 2.63845 0.00194289 0
48 1842.45 -212.259 5.74396 0.000999201 0
49 -5.86325 1.00737 0 0 0
50 279.19 -31.7173 0.867639 0.000222045 0
51 3415.22 -406.754 10.8581 0.00205391 0
52 9492.33 -1053.69 28.8075 0.00094369 0
53 4270.66 -456.209 0.951628 0.548506 0
54 0.166313 0.628212 0.00976996 0 0
55 422.777 -58.5484 1.91702 0.000222045 0
56 5704.22 -805.707 27.154 0.00571765 0
57 9843.9 -1373.65 43.3794 0.0187628 0
58 3963.2 -524.264 15.2775 0.0774936 0
59 865.906 -106.619 3.51702 5.55112e-05 0
60 642.204 -88.9103 2.92288 0.00194289 0
61 -6.88938 0.961324 0 0 0
62 1203.17 -145.929 4.16572 0.000721645 0
63 41405 -4943.56 125.683 0.0192624 0
64 1490.42 -214.51 7.99616 0.00094369 0
65 548.642 -72.7291 2.27957 0.00105471 0
66 1.2347 0.37549 0.0182632 0 0
67 2461.18 -302.662 8.57681 0.025091 0
68 170.12 -21.7819 0.687395 0.000333067 0
69 32.1019 -4.04352 0.14766 0.000111022 0
70 3833.97 -524.363 17.0715 0.012379 0
71 48294.6 -6463.84 207.146 0.00116573 0
72 1275.35 -186.993 6.83209 0.00560663 0
73 272.539 -35.4902 1.12188 0.000388578 0
74 284.209 -34.0541 0.933642 0.000777156 0
75 14735.9 -1813.53 51.6764 0.0126565 0
76 -5.60807 -6.48375 0.705935 0.000388578 0
77 1829.12 -199.576 4.9396 0.00921485 0
78 1097.66 -149.229 4.84918 5.55112e-05 0
79 9.16862 -0.566745 0.0432987 0 0
80 -3.97083 0.519543 0.00982547 0.000222045 0
81 524.786 -80.6294 1.52856 0.089484 0
82 -4.43885 0.94539 0.000610623 0 0
83 70.476 -7.9723 0.231259 0.000333067 0
84 47229.9 -5924.42 173.303 0.0764389 0
85 9.96573 -0.927898 0.105249 0 0
86 3183.71 -432.193 13.7228 0.00965894 0
87 1570.49 -206.311 6.68615 0.00727196 0
88 2614.11 -354.66 11.4883 0.00699441 0
89 287.433 -33.3373 0.948741 0.00927036 0
90 942.433 -118.725 3.41965 0.00727196 0
91 489.488 -64.1931 1.87883 5.55112e-05 0
92 -6.20523 1.01989 0 0 0
93 25.8503 -3.41013 0.147826 5.55112e-05 0
94 2.79323e+06 -305644 7.19136 415.148 0
