0 8345.12 -1103.58 35.8761 0.0004996 0
1 1610.79 -215.077 7.64244 5.55112e-05 0
2 79.4388 -10.7165 0.379641 0.00111022 0
3 9.88672e+08 -8.80136e+07 6950.05 73785.4 0
4 1474.87 -165.157 3.46551 0.0833222 0
5 407989 -46011.1 715.889 29.2981 0
6 19893.5 -2720.92 94.3577 5.55112e-05 0
7 171.439 -20.0706 0.613232 0.000666134 0
8 382752 -40822.5 398.234 38.2361 0
9 1259.08 -168.696 5.61878 0.000777156 0
10 752.983 -87.3653 2.64183 0.024758 0
11 1468.49 -190.79 5.90211 0.00222045 0
12 4876.64 -537.062 13.5655 0.00172085 0
13 521.302 -51.0601 1.27715 0.00266454 0
14 236.599 -31.662 1.03884 0.000444089 0
15 43.3364 -2.02228 0.0159872 0.000111022 0
16 91.9332 -11.8965 0.410616 0.0004996 0
17 603.728 -85.9255 2.87137 0.00260902 0
18 295.365 -38.9999 1.25205 0.000388578 0
19 976.123 -132.566 4.39754 0.000832667 0
20 944.505 -114.691 3.24996 0.0262568 0
21 470435 -57971.7 1524.81 11.104 0
22 198598 -26234.9 722.1 7.22644 0
23 2.46667 -0.104431 0.0583422 0 0
24 11.1942 -0.706293 0.0426881 5.55112e-05 0
25 375.669 -40.2564 0.170419 0.0625056 0
26 12035.8 -1583.65 52.5017 0.000111022 0
27 81.8359 -10.3817 0.349332 0.000333067 0
28 864.284 -117.081 3.73401 0.00305311 0
29 654.681 -78.8108 1.88871 0.0264788 0
30 63066.3 -6590.88 55.5798 6.04977 0
31 16.6833 -1.8815 0.0747735 0.000610623 0
32 1094.7 -95.9217 1.2676 0.027478 0
33 191.959 -20.7497 0.0004996 0.0337508 0
34 844.981 -95.8595 1.6811 0.0629496 0
35 302594 -44934.7 1611.14 0.256906 0
36 900.546 -126.903 4.37134 0.0004996 0
37 3673.08 -497.289 16.0695 0.000721645 0
38 7669.25 -1088.43 37.5164 0.000333067 0
39 147.719 -20.0446 0.608347 0.00244249 0
40 10044.6 -1308.99 41.3964 0.0004996 0
41 870.471 -109.638 3.35765 0 0
42 437.058 -88.9533 4.08384 0.00111022 0
43 159.107 -19.8631 0.594358 0.000111022 0
44 13172.2 -1594.94 48.1091 0.002498 0
45 6123.35 -771.213 21.2513 0.272671 0
46 118.634 -21.2001 0.981548 0.000388578 0
47 4290.11 -560.835 18.282 0.0219269 0
48 352355 -72746.3 2336.96 0.643208 0
49 -6.17941 0.490648 0.0183742 0 0
50 4205.43 -436.475 10.4858 0 0
51 -7.58066 0.978796 5.55112e-05 0 0
52 153810 -20757.2 678.718 0.0678901 0
53 124629 -14826.1 389.623 0 0
54 1927.11 -237.947 6.67744 0.0368594 0
55 10724.1 -1260.39 35.5517 0.000721645 0
56 3104.04 -479.635 18.5994 0.00333067 0
57 1267.26 -191.319 7.29755 0.00688338 0
58 51.4083 -5.74087 0.198896 0.000222045 0
59 20392.8 -2553.19 76.2398 0.0165423 0
60 1842.78 -243.227 8.33972 0.000444089 0
61 609.445 -90.3815 3.17735 0.00177636 0
62 321.583 -39.1381 0.765388 0.0255906 0
63 4927.22 -637.495 19.7289 5.55112e-05 0
64 1984.11 -220.605 5.96545 0.00116573 0
65 2808.4 -430.579 16.2324 5.55112e-05 0
66 -7.62514 0.990378 0 0 0
67 182.688 -23.3946 0.759115 0 0
68 11711 -1611.27 55.5335 0.00732747 0
69 14935.5 -2094.33 65.0823 0.089706 0
70 -4.27776 0.754466 0.00260902 5.55112e-05 0
71 41.8354 -5.12655 0.173361 0.000222045 0
72 692.785 -92.8411 3.20832 0.00865974 0
73 5635.3 -714.812 20.4327 0.0778821 0
74 1.54292e+07 -1.43044e+06 2.93948 1445.55 0
75 1891.67 -241.014 7.47691 0.00122125 0
76 1153.48 -130.701 2.57178 0.0540124 0
77 7631.59 -948.013 26.5898 0.0394684 0
78 -2.22716 0.403433 0.0140998 0.000166533 0
79 4043.85 -614.723 22.8151 0.000166533 0
80 -4.10633 0.72675 0.00838218 0 0
81 -4.08501 0.896168 0 5.55112e-05 0
82 14.5762 -1.92149 0.100309 0 0
83 1.72588e+07 -1.74613e+06 8.47911 2218.59 0
84 89493.7 -11962 358.079 1.64463 0
85 0.266111 0.326661 0.0161537 0 0
86 176.016 -23.965 0.783484 0.000333067 0
87 11.1711 -1.5294 0.0715539 0.000444089 0
88 827.431 -131.029 5.18802 0 0
89 58.6602 -8.43838 0.307809 0 0
90 3477.21 -413.899 11.0447 0.0706102 0
91 364930 -43147.4 733.422 30.7707 0
92 4815.67 -668.44 22.5566 0.00927036 0
93 102.716 -11.5881 0.184741 0.00877076 0
94 9.60621 -1.13009 0.0369149 0.00166533 0
