0 416.022 -152.6 24.1264 -2.05218 0.0858733
1 346.869 -149.562 25.9432 -1.84274 0.0426029
2 356.204 -150.593 25.6519 -1.86193 0.0494902
3 351.776 -150.202 25.7841 -1.85177 0.046233
4 355.611 -150.58 25.6535 -1.86185 0.049829
5 290.763 -127.331 25.317 -2.43552 0.0961426
6 188.863 -100.747 26.2493 -3.09096 0.137194
7 333.766 -145.441 27.0796 -2.28968 0.075676
8 153.512 -83.5443 25.7698 -3.61357 0.184077
9 169.17 -85.1999 25.1183 -3.67674 0.208185
10 474.903 -186.936 27.0568 -1.48469 0.0223945
11 472.565 -186.578 27.1526 -1.47901 0.0191917
12 462.029 -180.779 26.8037 -1.60461 0.0310296
13 444.455 -179.939 27.2051 -1.56659 0.0232181
14 491.793 -196 27.0543 -1.08289 -0.0135895
15 503.485 -197.017 26.7073 -1.11005 -0.00580738
16 501.795 -197.139 26.7189 -1.10214 -0.0034578
17 484.544 -195.35 27.2608 -1.06909 -0.0197554
18 500.72 -196.599 26.8234 -1.10146 -0.00978094
19 452.437 -183.135 26.9137 -1.36364 0.00847811
20 404.086 -169.065 27.1881 -1.7137 0.0308349
21 392.991 -168.616 27.4751 -1.68153 0.0236669
22 679.341 -256.757 28.8331 -0.0897644 -0.0936175
23 471.071 -194.3 29.888 -1.7651 0.028057
24 439.421 -183.581 29.6391 -2.00126 0.0486423
25 423.595 -181.818 30.1096 -1.97195 0.0378382
26 344.252 -155.95 29.9027 -2.58203 0.0852907
27 340.696 -156.072 29.9403 -2.57194 0.0863634
28 333.322 -155.28 30.165 -2.5589 0.0808237
29 549.617 -215.459 28.8312 -1.08895 -0.016006
30 216.048 -102.795 23.3043 -2.46169 0.101669
31 260.072 -117.234 23.0874 -2.0095 0.0662272
32 512.682 -188.925 21.9011 -0.319264 -0.0476683
33 357.142 -141.424 21.4837 -1.21793 0.0171198
34 315.301 -128.959 21.6168 -1.53062 0.0400253
35 355.121 -140.243 21.5026 -1.30061 0.0248557
36 348.343 -139.612 21.6475 -1.29716 0.0211504
37 399.966 -158.219 21.7801 -0.77495 -0.0207151
38 315.433 -125.654 20.9064 -1.57588 0.0485677
39 409.382 -157.207 21.4874 -0.960256 0.00344928
40 351.073 -139.969 21.6284 -1.31075 0.0245164
41 225.226 -101.118 21.8332 -2.22198 0.09086
42 42.7823 -53.6459 23.7187 -3.44063 0.164565
43 252.606 -111.385 21.244 -1.73754 0.0523248
44 375.225 -146.293 21.9056 -1.24806 0.0198969
45 184.686 -93.7121 23.2554 -2.52095 0.101686
46 536.981 -198.797 23.6881 -0.52576 -0.0364392
47 2052.64 -1110.39 225.851 -20.0983 0.661587
48 2059.01 -1110.7 225.751 -20.1023 0.663504
49 1976.17 -1087.87 226.326 -20.7013 0.704626
50 385.62 -175.751 32.4456 -2.55629 0.0724788
51 369.72 -170.63 32.4067 -2.67895 0.0827481
52 344.023 -163.568 32.6243 -2.85775 0.0933076
53 454.24 -194.112 32.6275 -2.31526 0.0597976
54 427.142 -190.484 32.9655 -2.32075 0.0533479
55 340.233 -159.606 32.95 -3.10567 0.113835
56 155.062 -107.417 34.4166 -4.4768 0.206536
57 438.454 -200.389 35.3715 -2.52612 0.0596359
58 400.108 -184.532 35.3373 -3.04778 0.10179
59 382.962 -183.593 35.8027 -2.99923 0.0916305
60 1926.3 -1050.03 215.516 -19.3271 0.638702
61 1946.71 -1051.85 215.02 -19.3559 0.65164
62 1851.4 -1026.72 215.535 -19.8845 0.682735
63 411.821 -194.708 37.6606 -3.21452 0.103476
