0 219.021 -89.4404 16.8666 -1.43157 0.0474698
1 224.6 -89.9624 16.6635 -1.45068 0.0536393
2 279.338 -109.047 17.3485 -1.13559 0.0271197
3 317.419 -120.919 17.1047 -0.764668 -0.00256243
4 304.304 -120.116 17.4648 -0.731917 -0.0124978
5 317.06 -120.906 17.1678 -0.751689 -0.00451995
6 335.487 -122.581 16.5915 -0.800049 0.00991292
7 310.597 -119.999 17.2842 -0.76046 -0.00724882
8 315.73 -120.94 17.1904 -0.757425 -0.00463938
9 276.092 -108.042 17.3649 -1.11184 0.0225573
10 284.071 -109.039 17.0603 -1.1374 0.0298099
11 270.367 -105.901 17.2818 -1.19539 0.0310834
12 293.407 -108.253 16.8277 -1.21225 0.0405983
13 287.517 -108.871 16.8082 -1.19743 0.0467403
14 283.053 -108.418 17.3173 -1.15099 0.0281656
15 261.225 -107.399 17.9027 -1.08763 0.0123562
16 271.198 -108.247 17.5614 -1.11986 0.0227273
17 267.764 -107.534 17.7245 -1.11438 0.0166535
18 277.449 -108.399 17.3561 -1.152 0.0284641
19 278.626 -108.297 17.3526 -1.15683 0.0268439
20 270.194 -107.878 17.5748 -1.13304 0.0218818
21 287.315 -108.735 17.0755 -1.18916 0.037916
22 268.611 -107.109 17.6331 -1.14733 0.0220716
23 274.92 -107.874 17.3917 -1.16605 0.0290166
24 277.287 -107.744 17.3745 -1.17435 0.0269107
25 265.585 -106.561 17.7598 -1.14001 0.0194851
26 275.62 -107.223 17.4827 -1.1646 0.0264843
27 268.852 -107.131 17.5931 -1.15436 0.022634
28 62.8395 -47.9697 19.8114 -3.00483 0.155045
29 88.142 -49.4207 19.2542 -3.04677 0.168181
30 97.3251 -50.4932 18.9593 -3.0627 0.177169
31 65.8396 -48.6188 19.7751 -2.98894 0.155314
32 62.6189 -48.9925 19.7388 -2.99094 0.155588
33 95.5733 -51.1116 19.0365 -3.04567 0.170215
34 150.575 -70.0718 18.2531 -2.30211 0.1121
35 82.6772 -66.5711 19.7894 -2.15483 0.0783569
36 172.833 -73.7014 18.0203 -2.25684 0.111665
37 201.473 -76.2884 17.3733 -2.29366 0.125839
38 685.436 -224.623 19.3781 0.566616 -0.0929345
39 635.058 -221.643 20.4628 0.653238 -0.114529
40 110.357 -71.4969 25.6046 -3.8607 0.205118
41 243.236 -114.623 25 -2.55826 0.10292
42 434.917 -168.213 24.1082 -1.31513 0.0205603
43 410.361 -166.508 24.7718 -1.25883 0.00361414
44 430.051 -167.813 24.3867 -1.28651 0.010206
45 474.755 -182.921 24.413 -0.942183 -0.0136981
46 906.099 -284.285 22.1032 0.86706 -0.110954
47 745.471 -276.474 25.9626 1.24694 -0.197112
48 517.716 -192.416 22.6059 -0.389874 -0.0454389
49 555.744 -194.352 21.784 -0.468303 -0.0286092
50 555.799 -194.343 21.7854 -0.46809 -0.0285759
51 395.272 -155.846 23.0666 -1.29397 0.0185403
52 212.922 -103.183 24.1945 -2.67012 0.1144
53 82.0976 -75.3755 25.1363 -3.13695 0.135187
54 126.162 -75.9312 24.0805 -3.30713 0.164278
55 72.7359 -71.7591 25.1786 -3.24285 0.143044
56 382.196 -153.75 24.4798 -1.65999 0.0411671
57 377.614 -153.73 24.5576 -1.64831 0.0403015
58 409.836 -156.089 23.912 -1.69143 0.0532653
59 351.954 -145.269 24.629 -1.88283 0.0584674
60 428.305 -172.442 25.9207 -1.46501 0.020218
61 431.393 -172.219 25.9145 -1.4722 0.0182013
62 430.953 -172.263 25.9114 -1.47213 0.018287
63 171.565 -88.2517 24.9869 -3.33601 0.16619
64 275.822 -123.452 24.7704 -2.29402 0.0846481
65 333.678 -139.442 24.3606 -1.87965 0.0567557
66 538.476 -203.687 24.0932 -0.289666 -0.0621333
67 384.921 -157.805 25.0248 -1.59081 0.0326571
68 383.385 -157.349 25.1451 -1.58008 0.0301352
69 404.856 -165.911 25.2793 -1.30909 0.00537811
70 310.674 -128.224 21.9064 -1.58558 0.0422392
71 283.672 -121.134 22.1342 -1.79719 0.0571842
72 297.383 -121.888 21.7962 -1.82816 0.0657374
73 301.32 -121.841 21.7422 -1.83673 0.066588
74 288.34 -120.999 22.1332 -1.79546 0.056681
75 255.965 -110.673 22.2811 -2.06261 0.0753129
76 255.781 -111.544 22.1206 -2.07045 0.0795431
77 615.565 -221.269 20.6737 0.822397 -0.133071
78 599.747 -219.527 21.1857 0.857221 -0.146651
79 251.291 -111.021 23.3897 -2.39884 0.102365
80 343.208 -138.06 22.4999 -1.56565 0.0406724
81 236.942 -78.6659 11.5241 -0.692133 0.0148653
82 179.152 -64.1537 11.769 -1.05228 0.0409591
83 215.292 -76.6694 11.6605 -0.720398 0.0163333
84 325.902 -113.211 11.6179 0.255849 -0.0606331
85 330.697 -113.46 11.5076 0.24446 -0.0588382
86 -14.5012 7.64356 4.81295 -1.12658 0.0650318
87 8.5928 5.94708 4.14842 -1.18494 0.082894
88 12.6779 5.18454 3.96066 -1.19945 0.0861931
89 16.4428 4.90893 3.85485 -1.20731 0.0897564
90 210.552 -59.2501 4.31104 0.376043 -0.0383818
91 138.382 -38.1777 4.93154 -0.173113 -0.002653
92 197.371 -56.6268 4.6778 0.262529 -0.0321565
93 93.8682 -23.1501 4.92467 -0.619542 0.0342179
94 246.594 -70.663 4.70426 0.54891 -0.0530875
