0 500.321 -168.317 14.9723 0.48153 -0.0756785
1 465.836 -166.15 15.9796 0.584125 -0.103334
2 465.595 -166.205 15.9685 0.582076 -0.10369
3 466.502 -166.144 15.965 0.579411 -0.104431
4 374.862 -128.947 13.6871 -0.0434985 -0.0376051
5 520.769 -154.792 11.7237 0.409639 -0.0506522
6 251.814 -88.5168 13.1009 -0.895124 0.0286432
7 344.859 -116.168 12.9942 -0.294683 -0.013468
8 344.22 -116.254 12.9824 -0.29629 -0.0136866
9 8.82354 -3.4641 7.45056 -1.57975 0.0941088
10 -36.4063 -1.58468 8.37854 -1.49045 0.076266
11 258.656 -79.1758 7.80233 -0.0609303 -0.0125513
12 83.1943 -29.7289 9.16082 -1.37378 0.0754726
13 529.353 -156.48 8.01318 1.41297 -0.114966
14 137.065 -35.0286 3.48482 -0.0465817 -0.00331866
15 113.043 -30.2236 3.48137 -0.111958 -1.30567e-05
16 83.5891 -27.7204 4.0429 -0.0875248 -0.00806555
17 189.024 -50.8367 4.24352 0.0746822 -0.0127302
18 232.502 -63.8118 4.27944 0.338673 -0.031189
19 232.821 -63.7976 4.27088 0.334354 -0.0326343
20 216.766 -63.0177 4.72796 0.389256 -0.0436058
21 158.593 -39.877 3.26618 0.0350065 -0.00603048
22 157.719 -39.5609 3.26815 0.0293293 -0.00722689
23 219.554 -44.6889 2.27981 -0.0177066 0.00788229
24 -407.478 97.031 5.10433 -2.27832 0.124881
25 367.127 -126.72 14.9904 -0.467319 -0.00825809
26 399.792 -142.234 15.5034 -0.00720199 -0.0512917
27 154.076 -54.7881 11.7882 -1.39478 0.0677028
28 207.537 -67.3709 11.4944 -1.18581 0.0591414
29 183.954 -66.5311 12.0481 -1.12163 0.0473756
30 309.783 -104.368 11.0569 -0.0369461 -0.0288103
31 211.398 -77.0646 12.371 -0.851433 0.021828
32 164.667 -63.1942 12.5364 -1.15609 0.0429239
33 147.571 -61.383 12.8591 -1.16825 0.0399745
34 152.52 -60.8476 12.8872 -1.17555 0.0365874
35 167.673 -66.4545 12.7556 -1.08763 0.0349388
36 214.89 -78.9257 12.7536 -0.841377 0.019043
37 88.2176 -45.2109 13.6312 -1.65754 0.0706868
38 191.431 -76.8548 14.3359 -1.19762 0.0401861
39 194.196 -76.8485 14.2877 -1.20509 0.041012
40 363.282 -131.161 15.2819 -0.118221 -0.0449666
41 359.325 -129.768 15.5491 -0.110158 -0.0537655
42 371.322 -132.106 15.0064 -0.118461 -0.0396676
43 429.871 -151.42 14.8978 0.397287 -0.0802096
44 240.472 -92.5557 15.2111 -0.969683 0.0171327
45 528.076 -175.063 13.1396 1.22249 -0.132696
46 201.579 -66.7177 9.5561 -0.544434 0.0110145
47 -2.98887 -6.34627 10.5046 -2.05791 0.116524
48 -15.9106 -5.92796 10.7847 -2.02534 0.111035
49 334.168 -113.383 13.7286 -0.396914 -0.0124709
50 391.647 -134.633 13.3315 0.246461 -0.0604172
51 249.943 -87.5516 12.9518 -0.785505 0.0170931
52 215.595 -79.0862 12.9777 -0.966662 0.0314184
53 199.563 -77.985 13.3655 -0.947116 0.0246147
54 300.613 -111.194 14.9402 -0.550155 -0.00964053
55 266.046 -98.1173 15.1767 -1.001 0.0252124
56 276.342 -99.1374 14.825 -1.03028 0.0358361
57 -1.48101 -20.9915 16.0322 -2.77471 0.148023
58 3.08756 -21.4714 15.8621 -2.78696 0.152512
59 301.309 -109.929 14.8563 -0.64264 0.000341964
60 293.85 -108.748 15.175 -0.621369 -0.00651034
61 295.574 -108.634 15.163 -0.628494 -0.00848934
62 283.728 -108.199 15.3997 -0.604542 -0.0124275
63 286.411 -107.871 15.4264 -0.606259 -0.0139774
64 313.014 -110.387 14.5269 -0.683003 0.00881423
65 229.761 -85.9638 15.1037 -1.23122 0.0411438
66 226.844 -86.0227 15.1356 -1.22607 0.0407468
67 274.64 -78.0636 9.67292 -0.490443 0.0088318
68 232.65 -78.0876 10.2716 -0.413944 -0.00263282
69 170.483 -58.3177 9.57256 -0.695197 0.0196987
70 164.855 -58.3762 9.66359 -0.680339 0.0177773
71 195.171 -66.2926 9.72093 -0.57994 0.0129175
72 263.785 -84.7546 9.62037 -0.240004 -0.00813957
73 184.858 -64.9452 9.89123 -0.604522 0.0133015
74 203.315 -69.667 9.83096 -0.478309 0.0034655
75 324.408 -106.265 10.6594 0.0509593 -0.0339694
76 298.355 -104.32 11.5192 0.141337 -0.0565491
77 322.062 -106.741 10.7681 0.0910107 -0.0388265
78 318.691 -106.605 10.8492 0.0984539 -0.0407089
79 228.176 -78.9983 11.3347 -0.630735 0.0109994
80 201.272 -69.461 11.1167 -0.890585 0.0335159
81 243.158 -79.5408 11.0012 -0.614126 0.0119625
82 245.248 -80.6463 10.7614 -0.628556 0.0188402
83 811.729 -413.732 81.6034 -7.02306 0.223471
84 -540.627 317.88 -63.3107 5.44427 -0.169201
85 -307.642 253.109 -64.9571 7.02821 -0.272114
86 -309.329 252.939 -64.9613 7.03237 -0.27051
87 -445.652 297.517 -66.2048 6.28427 -0.211152
88 -443.339 297.703 -66.2121 6.2763 -0.213589
89 -488.143 306.657 -65.5087 6.08347 -0.205769
90 -73.4676 186.111 -67.7679 9.18576 -0.423793
91 -257.096 239.256 -66.2137 7.62831 -0.31213
92 -100.769 196.842 -67.4833 8.75835 -0.388454
93 -546.504 336.568 -71.2621 6.60145 -0.22499
94 -516.949 334.39 -72.0794 6.53057 -0.20348
