0 425.007 -178.604 28.5503 -1.77483 0.0321811
1 455.276 -181.236 27.8257 -1.82295 0.048037
2 423.801 -179.066 28.6599 -1.75623 0.0275935
3 178.254 -98.4823 25.6534 -2.89483 0.119665
4 219.575 -101.42 24.4481 -3.00476 0.149776
5 215.57 -101.013 24.586 -2.99309 0.146016
6 733.173 -278.852 30.8319 0.0795731 -0.115816
7 754.963 -281.078 30.3126 0.0550544 -0.103521
8 744.501 -280.744 30.5481 0.0826975 -0.108845
9 735.726 -279.336 30.7075 0.0788261 -0.113206
10 733.819 -279.459 30.7241 0.0881319 -0.110585
11 735.986 -279.311 30.7172 0.0825581 -0.112108
12 707.649 -276.145 31.4763 0.112353 -0.133258
13 724.125 -277.292 31.1176 0.0862266 -0.125393
14 747.096 -280.885 30.6851 0.0925181 -0.114331
15 710.554 -278.694 31.6857 0.183951 -0.140083
16 734.739 -280.057 30.9986 0.113913 -0.118634
17 724.617 -279.724 31.2345 0.140181 -0.125756
18 715.202 -278.694 31.4908 0.150244 -0.133283
19 729.162 -279.553 31.1671 0.124943 -0.124713
20 734.633 -280.104 30.9819 0.108487 -0.120891
21 732.869 -279.882 31.0439 0.114155 -0.121615
22 712.749 -278.562 31.6033 0.167388 -0.135248
23 734.062 -280.372 31.1281 0.135208 -0.126971
24 714.623 -279.24 31.6198 0.18023 -0.137385
25 714.996 -279.232 31.6111 0.17711 -0.138168
26 335.149 -157.099 31.1762 -2.75076 0.0912364
27 243.853 -131.151 32.015 -3.50196 0.146007
28 394.511 -175.267 32.4403 -2.70784 0.0880473
29 477.674 -203.48 32.5816 -2.02587 0.0358348
30 363.692 -167.123 32.6766 -2.94668 0.105985
31 348.391 -166.008 33.1028 -2.90897 0.0964733
32 373.597 -167.787 32.4151 -2.96974 0.114217
33 370.581 -167.546 32.4879 -2.96643 0.111822
34 363.023 -166.517 32.8174 -2.93722 0.103402
35 342.437 -164.975 33.2155 -2.92583 0.0964413
36 344.089 -164.815 33.2221 -2.92769 0.0957686
37 372.048 -166.383 32.4432 -3.00764 0.115949
38 370.161 -166.515 32.4484 -3.00294 0.117246
39 369.695 -166.657 32.4203 -3.007 0.116882
40 347.23 -164.451 33.1836 -2.94925 0.0984855
41 349.013 -164.325 33.1757 -2.95514 0.0968267
42 359.494 -164.617 32.9944 -2.97164 0.101007
43 356.483 -164.957 32.9681 -2.97084 0.101968
44 356.078 -165.032 32.9541 -2.97342 0.101488
45 358.243 -164.816 32.969 -2.97393 0.101005
46 345.111 -164.537 33.172 -2.95202 0.0989484
47 355.836 -164.605 33.0375 -2.96854 0.0995436
48 352.898 -164.943 33.0102 -2.96799 0.100467
49 356.78 -164.552 33.0265 -2.97383 0.0981039
50 351.769 -165.082 33.0016 -2.9658 0.101606
51 356.875 -165.108 32.9185 -2.97432 0.104929
52 335.209 -162.412 33.5356 -2.94892 0.089224
53 345.045 -163.834 33.3004 -2.95712 0.0937871
54 342.8 -164.069 33.2933 -2.95142 0.0961265
55 362.652 -165.414 32.7129 -3.00457 0.110577
56 357.81 -166.225 33.1237 -2.94673 0.0984353
57 358.569 -166.231 33.101 -2.95386 0.0967685
58 356.525 -166.374 33.1169 -2.94376 0.099747
59 340.208 -164.772 33.5506 -2.92046 0.0887238
60 369.66 -167.498 32.6953 -2.97808 0.110321
61 317.07 -162.664 34.0301 -2.90162 0.0807116
62 382.653 -166.341 32.1555 -3.10811 0.131985
63 351.039 -163.919 33.0519 -3.03113 0.108667
64 389.474 -168.159 32.2177 -3.07226 0.123131
65 388.761 -168.256 32.2045 -3.07405 0.122887
66 389.453 -168.157 32.2183 -3.07215 0.123144
67 376.861 -166.865 32.5047 -3.05816 0.116978
68 372.067 -167.269 32.5015 -3.04845 0.120192
69 378.658 -166.844 32.4825 -3.06278 0.116541
70 369.374 -166.534 32.6294 -3.04825 0.114864
71 391.677 -167.81 32.2093 -3.07953 0.121801
72 384.057 -168.517 32.186 -3.06745 0.1265
73 330.841 -160.857 33.1562 -3.06896 0.10721
74 354.35 -162.533 32.5806 -3.11456 0.120601
75 352.132 -162.727 32.5747 -3.11168 0.121616
76 340.583 -163.849 32.4657 -3.12226 0.120588
77 354.866 -162.35 32.5915 -3.11787 0.11925
78 358.532 -162.054 32.5994 -3.12162 0.118052
79 360.299 -161.95 32.5933 -3.12534 0.117152
80 352.895 -162.479 32.5989 -3.11421 0.119815
81 340.257 -161.344 32.8737 -3.0962 0.114805
82 316.58 -159.387 33.2785 -3.07929 0.107506
83 597.696 -239.149 33.3833 -1.54637 0.00314864
84 602.412 -238.876 33.3685 -1.55543 0.000996361
85 572.377 -237.016 34.0911 -1.49366 -0.0148897
86 582.558 -237.85 33.832 -1.51178 -0.00921724
87 356.135 -166.294 34.2149 -3.37434 0.135465
88 355.943 -166.362 34.1976 -3.37823 0.134653
89 360.263 -166.041 34.2003 -3.38303 0.13346
90 366.546 -167.186 33.95 -3.39356 0.140914
91 343.465 -166.043 34.592 -3.32069 0.124993
92 346.311 -165.967 34.5646 -3.3288 0.12341
93 370.57 -168.472 33.9291 -3.36221 0.139661
94 372.487 -168.294 33.9327 -3.36603 0.138327
95 371.738 -168.364 33.9287 -3.36564 0.138526
