0 628.88 -297.549 54.757 -4.37978 0.12937
1 655.176 -305.037 54.5195 -4.17603 0.117148
2 567.784 -277.257 54.8582 -4.94154 0.172428
3 767.75 -331.647 54.8081 -3.94277 0.105623
4 410.015 -228.082 54.6715 -6.02992 0.254481
5 232.092 -82.8597 12.3849 -0.765493 0.0177141
6 231.703 -82.5833 12.4011 -0.773019 0.0180662
7 384.873 -165.149 28.8001 -2.17244 0.0613225
8 -210.637 170.734 -41.299 4.18976 -0.150746
9 -370.763 216.692 -40.2978 3.02413 -0.0710725
10 -234.13 176.737 -40.9281 3.9961 -0.137573
11 -244.121 180.447 -41.0349 3.93593 -0.134248
12 -140.982 148.532 -41.0142 4.66784 -0.188703
13 -12.3085 115.773 -41.513 5.25406 -0.221621
14 -89.9646 133.026 -40.7364 4.87654 -0.199475
15 -1077.26 664.463 -144.866 13.6617 -0.468661
16 -708.903 548.572 -144.313 16.2724 -0.667039
17 -142.93 111.776 -24.7234 2.31879 -0.076963
18 -157.417 115.447 -24.6371 2.25886 -0.0735166
19 -26.7081 77.5328 -24.9328 3.09817 -0.132431
20 -128.567 109.684 -25.0098 2.35779 -0.0778651
21 29.3929 64.8093 -26.27 3.54421 -0.155605
22 47.2576 62.9018 -26.6319 3.54073 -0.149875
23 -67.6985 88.9475 -24.6423 2.83546 -0.115734
24 -119.882 107.904 -25.0295 2.37097 -0.0760951
25 -97.889 102.762 -25.1102 2.44918 -0.0819718
26 173.509 -70.3796 13.8552 -1.20519 0.039599
27 203.191 -80.2169 14.0868 -1.06224 0.0299602
28 208.867 -80.9898 14.0087 -1.06122 0.031131
29 197.292 -78.1265 14.0252 -1.09762 0.0331661
30 413.715 -141.931 14.3007 0.126226 -0.0515545
31 1055.09 -500.795 89.5131 -6.88636 0.194535
32 1089.78 -503.575 88.8863 -6.9114 0.201731
33 1244.7 -543.246 88.5147 -6.2174 0.160818
34 1370.47 -575.731 88.8214 -5.77486 0.133016
35 1287.41 -553.077 88.7895 -6.169 0.158658
36 1287.27 -553.1 88.7859 -6.16955 0.158571
37 1271.68 -552.541 89.1428 -6.12885 0.151471
38 1506.07 -609.833 90.1301 -5.61206 0.125537
39 1450.15 -607.373 91.3256 -5.49256 0.100805
40 1447.57 -607.143 91.3941 -5.48692 0.0997511
41 1430.11 -606.396 91.7591 -5.45044 0.0922739
42 1430.1 -606.256 91.7728 -5.45285 0.0910232
43 1436.4 -606.762 91.6449 -5.45872 0.0939308
44 -1573.02 877.943 -174.425 14.9314 -0.463874
45 -978.027 712.696 -173.917 17.856 -0.658932
46 -1898.74 962.409 -176.636 14.1186 -0.413259
47 -1205.33 783.331 -180.982 18.148 -0.666238
48 -1161.81 780.815 -181.952 18.0614 -0.645599
49 145.106 -31.2715 1.49245 0.17622 -0.0106086
50 2468.13 -1230.34 229.695 -18.7677 0.566734
51 2544.63 -1234.9 228.143 -18.8851 0.595225
52 2450.24 -1224.19 229.355 -18.8797 0.577426
53 2484.7 -1226.06 228.723 -18.9235 0.589373
54 2112.04 -1151.74 236.667 -21.3474 0.712426
55 1909.48 -1126.28 238.751 -21.3584 0.6875
56 1964.01 -1107.75 237.104 -22.4177 0.790782
57 2803.24 -1338.1 239.364 -18.8233 0.551667
58 29.9554 3.44201 -1.09845 0.117544 -0.00268744
59 559.635 -123.696 -0.225708 1.62135 -0.0867979
60 464.294 -120.478 1.68062 1.83344 -0.124131
61 142.461 -25.8077 -0.221762 0.380382 -0.0197134
62 28.1985 3.16713 -0.922685 0.110979 -0.00344743
63 245.898 -58.3753 -0.338066 1.15904 -0.0753852
64 108.228 -22.4555 2.13622 -0.0727894 0.00171319
65 307.71 -117.041 17.932 -1.15754 0.0275923
66 244.179 -101.526 18.766 -1.52584 0.047087
67 -591.343 396.45 -90.3735 8.82889 -0.311791
68 215.842 -74.5114 10.7459 -0.582258 0.00853259
69 1284.9 -645.45 123.386 -10.3709 0.325104
70 186.166 -60.436 8.33542 -0.445545 0.00821884
71 213.173 -68.3923 8.61421 -0.363417 0.00251304
72 197.582 -65.5122 8.82636 -0.407742 0.00339474
73 177.205 -58.7523 8.84494 -0.589937 0.0169376
74 93.7377 -14.027 0.240719 0.119357 -0.00480183
75 178.138 -64.4437 10.9053 -0.790304 0.0216996
76 705.875 -335.232 61.5325 -4.90243 0.144018
77 664.946 -324.476 61.938 -5.16061 0.159381
78 661.278 -324.425 62.0032 -5.15358 0.158109
79 720.133 -339.072 61.4585 -4.83374 0.140529
80 201.826 -70.7113 10.6946 -0.670633 0.0157625
81 234.894 -78.8398 10.3671 -0.487288 0.00573866
82 348.028 -113.064 11.3649 -0.037535 -0.0268884
83 -71.7627 69.3846 -15.3398 1.42335 -0.0459565
84 -96.9918 76.9422 -15.6169 1.36005 -0.0419625
85 -110.161 81.2253 -15.5692 1.25659 -0.0348768
86 433.705 -186.63 31.6429 -2.27216 0.0590444
87 380.803 -171.987 31.5632 -2.49878 0.072958
88 343.702 -161.081 31.8409 -2.7934 0.0929239
89 527.126 -254.767 48.8704 -4.09135 0.126894
90 545.166 -258.752 48.6373 -4.01803 0.124719
91 540.662 -257.956 48.7966 -4.01249 0.121696
92 500.427 -246.706 49.0085 -4.29965 0.141964
93 -112.358 100.862 -22.8111 2.12225 -0.0677813
94 -145.932 107.424 -22.4718 2.01934 -0.0649783
