0 562.765 -265.021 49.5603 -4.07191 0.126555
1 583.44 -273.385 49.9003 -3.91399 0.113042
2 -1539.28 832.806 -159.909 13.2431 -0.39861
3 -1092.01 708.047 -162.658 16.2208 -0.590306
4 -1409.55 807.787 -164.29 14.4479 -0.461659
5 -1247.26 757.895 -163.441 15.3613 -0.530396
6 -1238.88 756.62 -163.844 15.3267 -0.519049
7 -1217.37 754.987 -164.471 15.273 -0.503131
8 -1109.36 715.566 -164.254 16.5486 -0.617602
9 -1171.46 734.887 -164.362 16.0396 -0.575031
10 -1182.8 735.874 -163.982 16.0749 -0.585885
11 -1276.64 762.91 -163.023 15.214 -0.522441
12 -1258.5 761.978 -163.459 15.1741 -0.511836
13 -1257.53 761.941 -163.481 15.1714 -0.511541
14 -1241.18 760.747 -164.019 15.1146 -0.495782
15 -1274.1 764.298 -163.144 15.1504 -0.514649
16 -1230.95 760.128 -164.335 15.0759 -0.485103
17 -1275.46 763.509 -163.078 15.1795 -0.517583
18 -1265.88 763.155 -163.32 15.151 -0.510673
19 -1275.19 763.804 -163.121 15.1638 -0.514724
20 -731.268 587.916 -159.495 18.4668 -0.77385
21 -1063.06 688.154 -157.29 15.6796 -0.574189
22 -1058.23 687.507 -157.478 15.667 -0.568756
23 -1077.28 689.788 -157.058 15.6783 -0.579048
24 -1079.17 689.6 -157.061 15.6837 -0.576972
25 -1055.9 687.905 -157.802 15.6059 -0.558311
26 -1150.52 714.98 -157.397 15.1035 -0.53154
27 -1155.76 714.353 -157.445 15.1071 -0.52864
28 -1133.54 713.404 -157.993 15.0453 -0.515865
29 -1154.97 714.563 -157.439 15.1008 -0.529572
30 -1149.79 714.211 -157.578 15.0894 -0.525877
31 -1178.78 720.322 -157.055 15.0201 -0.531057
32 -1164.44 718.914 -157.661 14.9499 -0.512821
33 -1255.07 744.305 -156.742 14.2476 -0.469048
34 -1233.5 742.977 -157.371 14.1829 -0.451786
35 -1241.55 743.988 -157.098 14.1991 -0.459474
36 -1249.73 744.272 -156.911 14.2229 -0.462006
37 -1248.53 744.371 -156.915 14.2184 -0.463435
38 -1212.1 740.783 -157.896 14.1546 -0.439853
39 -1143.2 712.411 -157.691 15.1584 -0.532007
40 -1161.92 713.821 -157.163 15.1975 -0.546703
41 -1127.5 710.765 -158.021 15.1422 -0.526169
42 -1134.98 711.198 -157.832 15.1599 -0.530513
43 -1153.46 712.121 -157.311 15.223 -0.542343
44 -1106.54 699.764 -157.777 15.5386 -0.563819
45 -1077.9 697.594 -158.473 15.4856 -0.547171
46 -1085.29 697.992 -158.307 15.5 -0.551235
47 -1087.36 697.996 -158.27 15.5067 -0.550899
48 -1098.25 698.851 -157.94 15.5347 -0.560732
49 -1102.2 699.207 -157.822 15.5443 -0.56331
50 -1092.84 698.38 -158.087 15.5251 -0.55734
51 -1104 698.946 -157.786 15.5584 -0.564745
52 -937.473 651.915 -158.221 16.5304 -0.627311
53 -1089.38 692.708 -157.286 15.6601 -0.576851
54 -1089.28 692.745 -157.276 15.6623 -0.576408
55 -1049.93 688.897 -158.336 15.5893 -0.551669
56 -1031.68 677.911 -157.897 16.0503 -0.599205
57 -1033.21 677.835 -157.9 16.0483 -0.600116
58 -1029.09 677.654 -157.986 16.0394 -0.598726
59 -1019.05 676.87 -158.277 16.0145 -0.590613
60 -1433.84 835.003 -171.515 14.954 -0.457022
61 -1431.74 835.057 -171.543 14.9451 -0.458948
62 -1433.02 834.969 -171.533 14.9513 -0.457126
63 -1430.52 834.838 -171.582 14.9469 -0.456478
64 -1430.98 834.766 -171.593 14.9451 -0.456759
65 -1430.82 834.792 -171.589 14.9457 -0.456658
66 -1432.71 834.595 -171.594 14.9515 -0.454269
67 -1376.81 831.012 -173.047 14.8157 -0.419181
68 -1379.75 830.784 -173.042 14.8228 -0.417073
69 -1379.75 830.784 -173.042 14.8228 -0.417073
70 -1380.19 830.716 -173.053 14.8211 -0.417338
71 -1383.52 830.37 -173.06 14.8315 -0.413089
72 -1382.97 830.471 -173.041 14.835 -0.412442
73 -1374.31 830.99 -173.082 14.8113 -0.418554
74 -1374.46 830.967 -173.085 14.8107 -0.418643
75 -1379.54 830.498 -173.085 14.8259 -0.413399
76 -1380.41 830.361 -173.107 14.8226 -0.413929
77 -1380.26 830.386 -173.103 14.8232 -0.413834
78 -1374.52 830.975 -173.086 14.8093 -0.41936
79 -1378.58 830.624 -173.08 14.8222 -0.415207
80 -1382.62 830.288 -173.079 14.8311 -0.412406
81 -1383.11 830.211 -173.091 14.8292 -0.412703
82 -1379.57 830.519 -173.079 14.8262 -0.413882
83 -1365.05 831.373 -173.136 14.7914 -0.422774
84 -1366.17 831.166 -173.175 14.7843 -0.424098
85 -1364.07 831.494 -173.123 14.7923 -0.422829
86 -1364.07 831.494 -173.123 14.7923 -0.422829
87 -1364.05 831.498 -173.123 14.7924 -0.422814
88 -1364.07 831.494 -173.123 14.7923 -0.422829
89 -1364.12 831.487 -173.124 14.7922 -0.422857
90 -1363.1 831.647 -173.099 14.7961 -0.422239
91 -1363.1 831.647 -173.099 14.7961 -0.422239
92 -1363.34 831.609 -173.105 14.7952 -0.422385
93 -1363.34 831.609 -173.105 14.7952 -0.422385
94 -1380.24 829.927 -173.153 14.8315 -0.40855
