0 4.12917 66.1508 -24.1618 3.20673 -0.142502
1 189.15 13.3907 -25.8896 4.77147 -0.252239
2 175.836 14.0311 -25.5656 4.79911 -0.262312
3 177.351 14.1783 -25.5606 4.79658 -0.263269
4 176.11 14.1109 -25.5452 4.80362 -0.261443
5 492.941 -82.8596 -25.6234 6.94952 -0.414223
6 -290.123 157.956 -23.5567 0.849786 0.0362086
7 66.6818 51.5776 -25.1962 3.63523 -0.166815
8 -2.96416 68.9724 -24.3619 3.17212 -0.138724
9 -379.091 198.834 -30.0004 1.2401 0.0285662
10 -113.884 119.216 -31.4863 3.43034 -0.130604
11 -21.9381 90.1211 -31.6224 4.17937 -0.187946
12 -67.1953 106.399 -31.7005 3.69968 -0.148592
13 -100.969 113.52 -31.1864 3.54261 -0.141939
14 -77.9748 108.149 -31.3475 3.67007 -0.150073
15 -109.748 117.046 -31.1563 3.44953 -0.135046
16 -140.919 125.952 -31.0012 3.20484 -0.117203
17 40.7157 71.4906 -30.7956 4.31673 -0.198229
18 94.2222 54.0436 -30.941 4.79397 -0.233199
19 -81.2218 106.254 -29.8876 3.36739 -0.131264
20 -88.6302 106.83 -29.6837 3.38434 -0.135177
21 861.429 -413.152 75.5029 -5.96857 0.173603
22 807.979 -396.305 75.2674 -6.2668 0.193917
23 834.324 -406.05 75.4757 -6.05183 0.178121
24 763.265 -385.897 75.9438 -6.54356 0.209896
25 654.671 -355.791 76.5644 -7.26579 0.257489
26 938.669 -431.951 75.2574 -5.65635 0.155757
27 738.786 -379.653 76.4582 -6.81301 0.229032
28 778.841 -391.167 76.1772 -6.47075 0.20376
29 814.993 -401.1 75.8292 -6.23063 0.189708
30 762.288 -384.624 75.936 -6.62712 0.217622
31 810.523 -398.721 75.6574 -6.26102 0.192596
32 820.193 -398.867 75.4733 -6.2827 0.198097
33 789.655 -396.565 76.3706 -6.20556 0.173388
34 794.693 -393.558 75.9303 -6.40299 0.200274
35 795.65 -393.234 75.9703 -6.40497 0.19787
36 782.598 -392.482 76.2642 -6.38142 0.191859
37 889.78 -423.41 75.4765 -5.56839 0.138667
38 627.964 -349.133 78.3751 -7.82073 0.293334
39 542.152 -322.121 78.0754 -8.43434 0.342078
40 567.932 -323.872 77.4197 -8.48508 0.358388
41 552.248 -323.513 77.7701 -8.4399 0.349086
42 553.641 -323.325 77.7908 -8.43876 0.348811
43 540.836 -321.616 78.2806 -8.4085 0.334614
44 552.153 -322.892 77.8577 -8.44492 0.34592
45 558.158 -323.34 77.7303 -8.4521 0.348799
46 564.937 -324.254 77.4373 -8.47576 0.357964
47 571.503 -324.084 77.368 -8.48699 0.359613
48 552.279 -322.901 77.8459 -8.44694 0.347256
49 573.165 -324.885 77.4425 -8.46293 0.355597
50 574.932 -325.053 77.3857 -8.46739 0.357281
51 1084.29 -485.668 76.5979 -4.36886 0.0444073
52 1061.08 -482.338 77.2075 -4.35144 0.0294895
53 1060.85 -482.359 77.2072 -4.35095 0.0296596
54 1059.36 -482.517 77.1983 -4.34927 0.0304662
55 1058.86 -482.565 77.1977 -4.34812 0.0308505
56 1051.69 -481.976 77.3731 -4.3376 0.0259917
57 1040.95 -481.439 77.6463 -4.30912 0.0199985
58 759.284 -382.477 74.6827 -6.32909 0.197404
59 745.44 -381.179 75.2091 -6.27746 0.181816
60 767.983 -382.49 74.6786 -6.32302 0.194593
61 759.753 -382.479 74.8027 -6.30815 0.191631
62 779.36 -384.741 74.3996 -6.31967 0.200932
63 566.475 -320.555 73.998 -7.55554 0.286777
64 630.534 -326.122 72.3279 -7.67954 0.322281
65 631.262 -326.076 72.3228 -7.68254 0.321416
66 629.182 -326.232 72.3279 -7.67675 0.323152
67 520.862 -318.81 74.7487 -7.50286 0.273382
68 575.262 -322.476 73.6131 -7.58775 0.295843
69 596.581 -324.347 73.0811 -7.62036 0.3089
70 564.91 -321.918 73.8122 -7.57256 0.292485
71 564.939 -321.911 73.8137 -7.57225 0.292541
72 564.116 -321.997 73.8068 -7.57236 0.292658
73 622.468 -326.586 72.5541 -7.65159 0.319992
74 578.197 -322.58 73.5431 -7.60142 0.297638
75 576.446 -322.704 73.5486 -7.59656 0.29902
76 1113.45 -377.038 63.5441 -7.98559 0.491218
77 715.399 -363.447 73.5519 -6.74628 0.23855
78 689.472 -361.138 74.1688 -6.70678 0.225451
79 882.592 -416.387 74.6278 -5.74436 0.158946
80 880.718 -416.594 74.611 -5.74417 0.159484
81 878.854 -416.713 74.6208 -5.73817 0.161097
82 738.485 -376.495 75.7887 -6.853 0.237272
83 739.594 -376.4 75.7912 -6.85449 0.236766
84 739.087 -376.428 75.7984 -6.85093 0.237795
85 794.37 -381.329 74.2308 -6.97405 0.278657
86 754.236 -378.606 75.4511 -6.85222 0.243433
87 758.999 -378.209 75.4536 -6.86177 0.240325
88 732.083 -376.694 76.0994 -6.80215 0.22738
89 732.262 -376.773 76.0746 -6.80556 0.227797
90 715.584 -376.1 76.3979 -6.77364 0.22201
91 744.165 -376.541 75.6844 -6.88778 0.241404
92 741.474 -376.726 75.6876 -6.88314 0.242624
93 740.888 -376.796 75.6792 -6.88415 0.242502
94 745.191 -376.359 75.7021 -6.88859 0.240489
95 732.162 -376.131 75.9937 -6.84696 0.235133
