0 917.724 -523.137 116.411 -11.4468 0.421036
1 838.326 -501.607 117.099 -12.0335 0.461285
2 1180.51 -584.045 108.159 -8.61803 0.251656
3 1148.8 -570.846 108.108 -9.0042 0.281936
4 1125.94 -569.032 108.8 -8.94553 0.265977
5 1137.43 -570.183 108.428 -8.97635 0.274475
6 1135.27 -570.375 108.43 -8.96941 0.276786
7 1137.67 -570.052 108.467 -8.96673 0.276578
8 1134.25 -569.351 108.63 -8.9605 0.270493
9 1132.62 -569.599 108.594 -8.96542 0.269868
10 864.153 -488.495 108.897 -10.8708 0.41072
11 848.884 -486.186 109.401 -10.8469 0.398775
12 847.044 -486.457 109.365 -10.851 0.398476
13 848.084 -486.292 109.39 -10.8472 0.399021
14 846.639 -486.514 109.359 -10.8511 0.398725
15 848.996 -486.221 109.384 -10.8522 0.397433
16 849.378 -486.113 109.411 -10.8458 0.398837
17 865.054 -487.389 108.92 -10.892 0.411332
18 866.006 -487.208 108.955 -10.8856 0.412532
19 856.865 -486.827 109.129 -10.8759 0.406474
20 837.837 -485.819 109.565 -10.8377 0.397625
21 840.948 -486.008 109.466 -10.8511 0.398752
22 840.995 -485.993 109.47 -10.8502 0.398966
23 834.087 -485.195 109.723 -10.8289 0.393525
24 865.252 -487.301 108.785 -10.9273 0.418434
25 867.822 -486.99 108.812 -10.9281 0.417341
26 865.336 -487.296 108.783 -10.9288 0.417938
27 864.967 -487.364 108.77 -10.9312 0.417502
28 866.809 -487.157 108.787 -10.9312 0.417066
29 889.478 -489.384 108.097 -10.9833 0.434361
30 885.766 -489.627 108.123 -10.968 0.43861
31 891.92 -489 108.146 -10.9795 0.433996
32 881.321 -488.77 108.344 -10.9588 0.42852
33 880.179 -488.925 108.322 -10.9616 0.428129
34 886.424 -488.477 108.321 -10.9711 0.425556
35 888.45 -488.363 108.31 -10.9764 0.424287
36 882.155 -488.872 108.307 -10.9653 0.427695
37 886.732 -488.466 108.316 -10.973 0.424972
38 879.504 -489.019 108.32 -10.9589 0.429086
39 898.632 -490.202 107.85 -11.0006 0.441015
40 902.036 -489.937 107.846 -11.0093 0.438355
41 903.941 -489.791 107.844 -11.0133 0.437188
42 904.224 -489.747 107.851 -11.0122 0.437359
43 904.224 -489.747 107.851 -11.0122 0.437359
44 842.45 -487.559 109.272 -10.8377 0.402169
45 843.962 -487.42 109.279 -10.8388 0.401687
46 843.924 -487.426 109.278 -10.839 0.401664
47 844.816 -487.291 109.298 -10.836 0.402096
48 844.77 -487.298 109.297 -10.8362 0.402068
49 852.685 -486.849 109.279 -10.8485 0.399199
50 852.685 -486.849 109.279 -10.8485 0.399199
51 872.255 -488.954 108.67 -10.8862 0.414542
52 865.736 -488.557 108.815 -10.8754 0.411298
53 865.162 -488.647 108.801 -10.8776 0.41095
54 865.23 -488.636 108.803 -10.8773 0.410992
55 865.23 -488.636 108.803 -10.8773 0.410992
58 865.507 -488.593 108.809 -10.8763 0.41116
59 872.033 -489.13 108.581 -10.896 0.421115
60 872.033 -489.13 108.581 -10.896 0.421115
62 873.311 -489.113 108.555 -10.9044 0.419206
63 871.905 -489.244 108.559 -10.8978 0.421634
64 862.902 -488.382 108.913 -10.8601 0.411036
65 858.376 -487.851 109.098 -10.8453 0.404478
66 858.232 -487.876 109.094 -10.8461 0.404359
67 857.229 -487.935 109.105 -10.8404 0.40593
68 919.315 -496.071 107.763 -10.8779 0.435223
69 881.091 -492.141 109.002 -10.7859 0.401824
70 885.299 -493.133 108.747 -10.8032 0.40962
71 873.8 -492.784 109.038 -10.7647 0.402554
72 875.92 -492.525 109.061 -10.7652 0.401675
73 870.796 -492.374 109.176 -10.7537 0.397385
74 872.738 -492.282 109.154 -10.7631 0.394987
75 872.394 -492.273 109.167 -10.7588 0.39604
76 873.645 -492.085 109.194 -10.7552 0.39649
77 874.407 -492.059 109.174 -10.7639 0.393843
78 875.128 -491.93 109.197 -10.76 0.394506
79 868.694 -491.767 109.326 -10.7443 0.392953
80 892.506 -493.807 108.54 -10.8158 0.414629
81 884.679 -492.815 108.731 -10.8093 0.41012
82 887.61 -492.444 108.765 -10.8099 0.408752
83 886.228 -492.661 108.732 -10.8147 0.408058
84 884.943 -492.753 108.741 -10.8091 0.409706
85 867.837 -491.739 109.307 -10.7403 0.392924
86 867.073 -491.876 109.283 -10.7444 0.392221
87 866.564 -491.903 109.291 -10.7403 0.393483
88 869.764 -491.574 109.306 -10.7452 0.3914
89 871.121 -491.372 109.333 -10.7422 0.391553
90 867.021 -491.811 109.294 -10.7439 0.391913
91 889.852 -493.329 108.726 -10.7855 0.406567
92 889.837 -493.282 108.744 -10.7805 0.407731
93 890.893 -493.086 108.78 -10.7738 0.408981
94 888.114 -493.395 108.74 -10.7818 0.40695
