0 755.853 -314.277 50.4289 -3.55849 0.0953927
1 752.421 -314.605 50.4125 -3.5554 0.0967531
2 736.172 -312.097 50.5535 -3.56509 0.0941543
3 458.314 -233.527 50.9858 -5.22963 0.210789
4 463.739 -234.12 50.815 -5.24036 0.215362
5 560.521 -266.365 51.1367 -4.46235 0.151547
6 559.448 -266.511 51.1168 -4.46505 0.151179
7 566.856 -267.093 50.9103 -4.47919 0.158275
8 572.009 -266.726 50.9009 -4.49026 0.155242
9 565.749 -266.548 51.0205 -4.47678 0.153034
10 552.396 -265.465 51.3262 -4.45515 0.14694
11 550.172 -265.695 51.3203 -4.44922 0.149322
12 601.017 -278.343 51.0018 -4.18179 0.133154
13 603.598 -278.164 50.9917 -4.18972 0.130894
14 606.7 -277.965 50.9852 -4.19537 0.129477
15 606.428 -278.002 50.9801 -4.19605 0.129384
16 606.856 -277.935 50.9907 -4.1944 0.129643
17 603.177 -278.265 50.9812 -4.18885 0.131656
18 605.482 -278.152 50.9716 -4.19319 0.130696
19 594.257 -278.183 51.1465 -4.16479 0.129254
20 601.582 -277.563 51.1569 -4.17699 0.125233
21 557.004 -274.608 52.1603 -4.10206 0.1046
22 578.414 -276.746 51.4742 -4.15817 0.123902
23 562.091 -274.341 51.9616 -4.14083 0.111662
24 587.435 -277.364 51.3685 -4.16496 0.125313
25 581.476 -276.906 51.5611 -4.14596 0.12017
26 579.252 -277.135 51.5453 -4.14514 0.120822
27 579.207 -277.104 51.557 -4.14214 0.121489
28 455.15 -235.592 51.2372 -5.12752 0.198295
29 454.101 -235.665 51.2402 -5.12488 0.19902
30 453.805 -235.687 51.2403 -5.12438 0.19916
31 453.824 -235.684 51.2407 -5.12433 0.199167
32 480.003 -237.606 50.6165 -5.1732 0.213329
33 459.868 -236.183 51.1585 -5.12674 0.201095
34 460.104 -236.168 51.1555 -5.12844 0.200562
35 467.267 -236.773 50.9667 -5.14159 0.205681
36 456.755 -235.965 51.2641 -5.11777 0.198006
37 452.315 -235.721 51.3765 -5.1071 0.195345
38 469.338 -236.799 50.8788 -5.15729 0.208927
39 443.405 -234.856 51.6188 -5.09766 0.189669
40 442.507 -234.951 51.6113 -5.09766 0.189846
41 477.471 -239.147 50.8515 -5.11845 0.208059
42 580.477 -275.086 52.2257 -4.48426 0.151031
43 564.281 -274.085 52.6901 -4.43998 0.137757
44 635.36 -290.507 51.2533 -3.92484 0.112088
45 596.87 -288.027 52.4123 -3.80321 0.0815339
46 747.718 -326.697 51.8881 -3.18564 0.0524482
47 507.491 -259.102 53.6113 -4.93322 0.170837
48 562.856 -270.392 52.747 -4.72111 0.167178
49 574.717 -271.857 52.4425 -4.73248 0.174789
50 536.601 -268.903 53.5316 -4.64693 0.148248
51 570.126 -271.36 52.5764 -4.73022 0.171134
52 572.244 -271.171 52.5818 -4.73338 0.169998
53 533.915 -268.238 53.5767 -4.65502 0.147262
54 557.398 -269.887 52.8869 -4.72291 0.164394
55 574.538 -271.186 52.3916 -4.7623 0.178639
56 530.059 -268.868 53.7168 -4.60868 0.142622
57 563.488 -271.524 52.8461 -4.6725 0.162698
58 537.06 -268.783 53.5099 -4.64117 0.146938
59 548.431 -269.781 53.1575 -4.66939 0.155226
60 544.296 -269.553 53.2495 -4.66261 0.153863
61 642.856 -296.774 52.4695 -3.93968 0.10492
62 624.758 -294.926 52.9601 -3.91141 0.0932612
63 644.23 -296.389 52.3821 -3.96262 0.108417
64 627.997 -295.39 52.8144 -3.9261 0.0997067
65 490.615 -244.826 50.7438 -4.82593 0.178856
66 598.79 -279.174 50.4776 -3.88794 0.106841
67 614.167 -280.364 49.9895 -3.93492 0.119738
68 715.857 -312.392 49.3078 -2.96171 0.0453411
69 630.727 -287.394 50.0596 -3.68253 0.0952543
70 651.77 -296.69 50.1542 -3.35169 0.0662633
71 656.098 -296.657 50.0976 -3.36058 0.0665655
72 617.16 -283.699 49.9328 -3.71237 0.0974407
73 576.856 -280.255 51.184 -3.60678 0.0651819
74 605.509 -282.083 50.3793 -3.68289 0.0857647
75 594.726 -275.819 50.1447 -3.92932 0.112436
76 460.054 -237.901 50.8904 -4.86061 0.174486
77 601.824 -282.178 51.2409 -3.95228 0.107895
78 398.89 -218.782 51.7123 -5.59137 0.231182
79 627.26 -286.536 50.0542 -3.68102 0.094995
80 626.922 -286.256 50.1127 -3.67745 0.093469
81 416 -227.832 51.8888 -5.27534 0.201943
82 609.916 -287.903 52.6211 -4.06973 0.110234
83 609.926 -287.666 52.6651 -4.06803 0.108726
84 613.148 -288.116 52.5332 -4.07711 0.113196
85 626.876 -289.557 52.1331 -4.10759 0.12113
86 399.659 -222.807 53.922 -5.95145 0.250959
87 394.308 -222.329 54.074 -5.94123 0.24713
88 606.723 -288.33 53.2866 -4.19842 0.118149
89 609.409 -288.781 53.1601 -4.20956 0.120207
90 601.946 -288.101 53.4285 -4.18064 0.114721
91 611.092 -288.721 53.1628 -4.20743 0.121146
92 280.129 -193.792 56.5566 -7.06554 0.320646
93 300.312 -195.62 55.9226 -7.11938 0.337011
94 396.267 -226.191 55.2404 -6.01331 0.244489
