0 -50.2107 51.7228 -12.4399 1.15925 -0.0357826
1 45.3842 -2.67112 -1.18929 0.17717 -0.00587149
2 84.3452 -12.0595 -1.65973 0.389508 -0.0166974
4 95.3162 -13.9863 -1.80142 0.433736 -0.0187679
5 108.624 -17.8236 -1.90547 0.511552 -0.0230011
6 66.1773 -7.76684 -1.73929 0.350069 -0.014835
7 69.272 -8.27227 -1.77423 0.360596 -0.0151647
32 214.518 -89.6782 15.0119 -1.11382 0.0317637
33 331.815 -154.009 27.8297 -2.19867 0.0641542
34 321.285 -153.631 27.8853 -2.20364 0.064863
35 334.94 -155.213 27.7762 -2.1676 0.0623409
36 247.345 -110.741 19.0532 -1.41741 0.0389848
37 164.324 -61.6054 8.5462 -0.450134 0.00726301
38 411.753 -201.447 37.5355 -3.0527 0.0917968
