0 573.277 -298.938 62.5199 -5.74404 0.194007
1 556.856 -292.886 62.6267 -5.91712 0.208766
2 593.416 -303.932 62.4422 -5.65834 0.190821
3 600.32 -304.843 62.1998 -5.67385 0.196598
4 606.638 -305.546 61.9968 -5.68531 0.202381
5 591.645 -303.29 62.5485 -5.65667 0.18789
6 601.073 -304.323 62.2084 -5.68196 0.198465
7 597.362 -304.723 62.1884 -5.67603 0.201154
8 541.394 -287.565 62.3549 -5.9964 0.216201
9 540.906 -288.042 62.2622 -6.00089 0.219762
10 802.971 -364.414 61.2106 -4.1743 0.0920292
11 -689.554 399.116 -79.6962 6.8698 -0.214606
12 -659.745 396.83 -80.2705 6.83918 -0.203429
13 -655.408 395.743 -80.5347 6.825 -0.194679
14 -673.774 397.484 -79.9447 6.86959 -0.210156
15 -661.944 396.75 -80.2783 6.83842 -0.201406
16 -664.612 396.441 -80.2985 6.84184 -0.199466
17 -664.366 396.783 -80.2472 6.84042 -0.202734
18 -664.686 396.768 -80.2426 6.84242 -0.202203
19 -663.825 396.876 -80.2324 6.84258 -0.202462
20 -647.55 395.628 -80.7201 6.79983 -0.190177
21 -646.129 395.779 -80.7138 6.79703 -0.191372
22 -640.055 395.176 -80.8634 6.78932 -0.187535
23 -845.689 461.341 -82.7549 5.82076 -0.117649
24 -850.87 460.818 -82.782 5.82609 -0.115257
25 -853.663 461.146 -82.6639 5.8397 -0.1171
26 -852.831 461.23 -82.6611 5.83813 -0.117711
27 -847.012 461.818 -82.6391 5.82776 -0.121837
28 -850.8 461.361 -82.6759 5.82985 -0.119885
29 -850.731 461.321 -82.6933 5.82484 -0.121111
30 -826.23 458.323 -83.2886 5.81167 -0.103768
31 -826.309 458.328 -83.2843 5.81304 -0.10343
32 -844.017 459.813 -82.7362 5.85793 -0.11908
33 -829.127 457.101 -83.2391 5.84083 -0.106768
34 -830.688 457.453 -83.1679 5.84451 -0.108195
35 -842.247 458.371 -82.8283 5.8729 -0.117086
36 -861.647 461.312 -82.5066 5.86595 -0.125662
37 -861.239 461.377 -82.4966 5.86741 -0.125463
38 -858.083 461.712 -82.4774 5.86414 -0.127069
39 -828.966 458.42 -83.5002 5.79368 -0.0992992
40 -860.692 460.598 -82.5762 5.883 -0.123088
41 -857.244 460.824 -82.5742 5.882 -0.122703
42 -855.665 460.89 -82.6011 5.87079 -0.125684
43 -851.004 460.033 -82.8383 5.85658 -0.116464
44 -855.375 460.618 -82.6436 5.87352 -0.122447
45 -832.724 458.743 -83.2888 5.82608 -0.10645
46 -833.888 458.637 -83.2865 5.83059 -0.104889
47 -864.773 460.926 -82.3644 5.90673 -0.131935
48 -863.052 461.187 -82.3255 5.91241 -0.131117
49 -863.921 461.025 -82.3549 5.90722 -0.13201
50 -846.126 459.859 -82.8475 5.86471 -0.116986
51 -850.267 459.652 -82.8358 5.86797 -0.117047
52 -848.806 459.764 -82.8448 5.86105 -0.119192
53 -845.064 460.229 -82.7997 5.86256 -0.119974
54 -847.314 459.977 -82.8174 5.86401 -0.11899
55 -825.486 457.26 -83.3609 5.84437 -0.106469
56 -859.985 461.041 -82.5486 5.88198 -0.123748
57 -856.957 461.312 -82.5446 5.87592 -0.125784
58 -850.813 461.109 -82.5996 5.87491 -0.124178
59 -846.511 459.491 -82.9525 5.8555 -0.114038
60 -843.494 459.379 -83.0145 5.84979 -0.112587
61 -793.053 456.627 -84.3329 5.7196 -0.0791541
62 -822.955 458.707 -83.635 5.76567 -0.0957258
63 -849.939 460.333 -82.8673 5.84476 -0.113495
64 -853.633 460.49 -82.8139 5.84357 -0.116558
65 -535.33 365.419 -84.7872 8.55945 -0.318116
66 -537.925 365.12 -84.8085 8.56156 -0.316731
67 -522.211 364.054 -85.2408 8.52187 -0.304906
68 -543.255 365.924 -84.6526 8.56152 -0.320174
69 -552.83 366.463 -84.4177 8.58216 -0.325562
70 -535.222 365.368 -84.9508 8.52649 -0.310741
71 -536.354 366.171 -84.8384 8.52699 -0.314167
72 -528.419 365.522 -85.1231 8.49779 -0.304656
73 -534.962 366.032 -84.9445 8.50616 -0.311952
74 -536.115 365.986 -84.9196 8.51708 -0.308795
75 -684.173 413.113 -85.2828 7.47384 -0.230727
76 -683.216 413.203 -85.28 7.4723 -0.231287
77 -678.758 412.638 -85.4659 7.45572 -0.226571
78 -683.826 413.644 -85.234 7.47111 -0.231016
79 -684.015 413.163 -85.3323 7.4637 -0.228873
80 -676.846 412.88 -85.4661 7.45414 -0.224941
81 -688.525 414.107 -85.1404 7.47025 -0.234005
82 -658.257 411.545 -86.1122 7.38135 -0.207398
83 -642.221 398.51 -85.3211 7.90566 -0.265994
84 -639.755 398.788 -85.306 7.90132 -0.268143
85 -641.999 398.57 -85.3115 7.90605 -0.266391
86 -641.27 398.619 -85.3172 7.90269 -0.267349
87 -638.063 399.017 -85.2801 7.90313 -0.268318
88 -469.916 345.206 -84.2165 8.85798 -0.33798
89 -481.864 345.589 -83.9309 8.89095 -0.346226
90 -683.288 407.273 -83.9084 7.44035 -0.236506
91 -557.267 373.089 -85.3185 8.43608 -0.303088
92 -563.36 373.939 -85.0584 8.45725 -0.309787
93 -555.044 372.85 -85.3915 8.43103 -0.300755
94 -542.988 372.417 -85.692 8.39484 -0.293594
