0 -271.896 193.915 -41.0681 3.64991 -0.114146
1 -190.809 164.772 -39.2639 3.87713 -0.130962
2 508.627 -53.8695 -40.0164 9.19819 -0.528381
3 476.777 -50.9207 -39.029 9.27068 -0.557386
4 -346.342 221.677 -44.0528 3.63083 -0.102368
5 -337.751 221.287 -44.2648 3.61049 -0.0960747
6 -389.138 235.16 -43.6647 3.21707 -0.0716444
7 -376.564 234.532 -43.9543 3.19264 -0.0636891
8 -323.545 212.812 -43.3625 3.81344 -0.123196
9 -334.61 212.718 -43.2592 3.82598 -0.124172
10 -286.805 209.69 -44.6186 3.69265 -0.0881502
11 7.16597 120.437 -46.5468 6.41098 -0.296194
12 -313.383 206.942 -42.2423 3.64294 -0.110667
13 -211.671 173.582 -41.2818 4.13905 -0.147086
14 -30.8355 121.283 -42.6619 5.68112 -0.260238
15 -180.236 166.412 -41.9089 4.44024 -0.168266
16 -171.013 165.695 -42.1595 4.42104 -0.162632
17 -108.096 142.736 -42.3406 5.16182 -0.223213
18 -98.2612 142.04 -42.5931 5.14062 -0.217776
19 136.862 62.0865 -39.4779 6.37253 -0.321836
20 -120.127 140.167 -37.5491 4.13105 -0.160876
21 -120.603 140.296 -37.5246 4.13183 -0.161664
22 60.414 85.0929 -38.9484 5.72645 -0.274553
23 -152.863 157.777 -40.3845 4.26499 -0.15908
24 -183.125 163.334 -40.1043 4.15121 -0.153927
25 -197.747 164.947 -39.6384 4.18161 -0.165829
26 -191.634 164.188 -39.8909 4.16007 -0.158185
27 -170.821 162.87 -40.4401 4.10971 -0.144877
28 -182.758 164.24 -40.0752 4.13128 -0.153903
29 -186.743 163.842 -40.0905 4.13784 -0.15131
30 -270.213 188.386 -39.4678 3.50504 -0.110163
31 -249.392 187.114 -40.0209 3.45429 -0.0960275
32 -160.3 154.973 -40.9613 4.46747 -0.172337
33 -59.8054 127.737 -41.1925 5.01592 -0.20894
34 -58.4723 127.828 -41.1959 5.01291 -0.209742
35 -362.241 218.093 -40.6678 2.87135 -0.0508067
36 -360.43 218.222 -40.6742 2.8658 -0.0524348
37 -359.034 218.321 -40.6746 2.86375 -0.0529855
38 -416.133 221.837 -39.5421 2.94542 -0.0733304
39 -434.65 222.751 -39.1833 2.97459 -0.0796592
40 -328.026 215.994 -41.526 2.79482 -0.0300865
41 -321.598 216.342 -41.555 2.78035 -0.0334532
42 -384.803 221.02 -40.2191 2.87058 -0.0592105
43 -364.795 220.137 -40.7904 2.80088 -0.0439425
44 -361.862 220.322 -40.798 2.7951 -0.0453827
45 -369.283 219.637 -40.8189 2.80747 -0.040615
46 -365.41 219.953 -40.8178 2.79984 -0.0430208
47 -239.563 179.775 -40.799 3.83207 -0.12503
48 -241.739 179.644 -40.79 3.83746 -0.123692
49 -242.589 179.528 -40.8057 3.83532 -0.123983
50 -215.709 178.351 -41.5422 3.74862 -0.101502
51 -218.037 178.034 -41.5853 3.74276 -0.102299
52 -206.495 178.789 -41.591 3.728 -0.106065
53 -253.015 183.1 -40.7233 3.77129 -0.120251
54 -221.494 180.524 -41.6121 3.6969 -0.0979998
55 -250.147 183.152 -40.8432 3.74779 -0.116786
56 -250.775 183.095 -40.8474 3.74766 -0.116749
57 -225.435 181.017 -41.2761 3.72755 -0.109827
58 -223.361 181.133 -41.2832 3.72355 -0.11076
59 -222.544 181.193 -41.2835 3.72223 -0.111127
60 -239.589 181.055 -40.9893 3.77194 -0.11664
61 -247.579 182.023 -40.7581 3.78526 -0.122028
62 -211.186 179.205 -41.727 3.70993 -0.0991856
63 -206.201 179.702 -41.7074 3.70124 -0.102896
64 -259.521 182.955 -40.4458 3.81327 -0.128236
65 -91.4009 136.033 -41.9288 5.14026 -0.219617
66 -111.445 137.776 -41.4486 5.16692 -0.230782
67 -95.4872 136.256 -41.8941 5.13294 -0.22071
68 -33.5215 116.52 -42.0951 5.66813 -0.259359
69 -39.8909 117.19 -41.878 5.68477 -0.265193
70 -22.9731 115.935 -42.4046 5.63301 -0.251488
71 -138.821 150.149 -42.8084 5.04739 -0.210788
72 -261.508 196.908 -45.8731 4.50649 -0.15773
73 -178.75 176.395 -46.9877 5.07051 -0.188451
74 -263.087 196.209 -45.8557 4.59222 -0.165997
75 -251.36 195.061 -46.1118 4.57657 -0.162076
76 -248.705 194.568 -46.2625 4.56633 -0.155033
77 -35.3175 127.014 -46.9797 6.43589 -0.299411
78 -41.1534 127.779 -46.7883 6.44415 -0.305631
79 -48.9798 128.103 -46.5985 6.46519 -0.30936
80 -16.388 125.906 -47.553 6.36868 -0.283653
81 -45.0268 127.605 -46.6972 6.46145 -0.306429
82 -196.731 178.307 -46.3647 5.05879 -0.196853
83 -193.444 177.801 -46.5169 5.04507 -0.193664
84 -198.244 177.988 -46.4035 5.05811 -0.195781
85 -207.244 179.301 -46.0414 5.0842 -0.20451
86 -223.428 179.935 -45.6505 5.12654 -0.214878
87 -221.856 180.112 -45.637 5.12597 -0.215427
88 -102.809 149.122 -46.4191 5.70721 -0.244741
89 188.628 51.1632 -43.505 7.49012 -0.390837
90 -157.116 155.976 -41.532 4.51628 -0.16963
91 -349.408 213.936 -42.2753 3.5173 -0.100818
92 78.1055 79.7519 -41.0233 6.30604 -0.311752
93 66.5316 80.8395 -40.6755 6.33095 -0.321245
94 -111.389 142.663 -41.364 4.738 -0.186681
