0 70.7708 -1.88409 -0.212586 -0.00561854 0.000712907
1 70.7708 -1.88409 -0.212586 -0.00561854 0.000712907
2 70.7708 -1.88409 -0.212586 -0.00561854 0.000712907
3 70.7708 -1.88409 -0.212586 -0.00561854 0.000712907
4 70.7708 -1.88409 -0.212586 -0.00561854 0.000712907
5 70.7708 -1.88409 -0.212586 -0.00561854 0.000712907
6 70.7708 -1.88409 -0.212586 -0.00561854 0.000712907
7 70.7708 -1.88409 -0.212586 -0.00561854 0.000712907
8 70.7708 -1.88409 -0.212586 -0.00561854 0.000712907
9 70.7708 -1.88409 -0.212586 -0.00561854 0.000712907
10 70.7708 -1.88409 -0.212586 -0.00561854 0.000712907
11 70.7708 -1.88409 -0.212586 -0.00561854 0.000712907
12 70.7708 -1.88409 -0.212586 -0.00561854 0.000712907
13 70.7708 -1.88409 -0.212586 -0.00561854 0.000712907
14 70.7708 -1.88409 -0.212586 -0.00561854 0.000712907
15 70.7708 -1.88409 -0.212586 -0.00561854 0.000712907
16 70.7708 -1.88409 -0.212586 -0.00561854 0.000712907
17 70.7708 -1.88409 -0.212586 -0.00561854 0.000712907
18 70.7708 -1.88409 -0.212586 -0.00561854 0.000712907
19 70.7708 -1.88409 -0.212586 -0.00561854 0.000712907
20 70.7708 -1.88409 -0.212586 -0.00561854 0.000712907
21 70.7708 -1.88409 -0.212586 -0.00561854 0.000712907
22 70.7708 -1.88409 -0.212586 -0.00561854 0.000712907
23 70.7708 -1.88409 -0.212586 -0.00561854 0.000712907
24 70.7708 -1.88409 -0.212586 -0.00561854 0.000712907
25 70.7708 -1.88409 -0.212586 -0.00561854 0.000712907
26 70.7708 -1.88409 -0.212586 -0.00561854 0.000712907
27 70.7708 -1.88409 -0.212586 -0.00561854 0.000712907
28 70.7708 -1.88409 -0.212586 -0.00561854 0.000712907
29 70.7708 -1.88409 -0.212586 -0.00561854 0.000712907
30 70.7708 -1.88409 -0.212586 -0.00561854 0.000712907
31 70.7708 -1.88409 -0.212586 -0.00561854 0.000712907
33 82.4609 -2.39486 -0.264034 -0.00702091 0.000889595
43 82.4609 -2.39486 -0.264034 -0.00702091 0.000889595
46 82.4609 -2.39486 -0.264034 -0.00702091 0.000889595
48 82.4609 -2.39486 -0.264034 -0.00702091 0.000889595
50 82.4609 -2.39486 -0.264034 -0.00702091 0.000889595
52 82.4609 -2.39486 -0.264034 -0.00702091 0.000889595
58 82.4609 -2.39486 -0.264034 -0.00702091 0.000889595
62 82.4609 -2.39486 -0.264034 -0.00702091 0.000889595
63 82.4609 -2.39486 -0.264034 -0.00702091 0.000889595
64 82.4609 -2.39486 -0.264034 -0.00702091 0.000889595
65 82.4609 -2.39486 -0.264034 -0.00702091 0.000889595
67 82.4609 -2.39486 -0.264034 -0.00702091 0.000889595
68 82.4609 -2.39486 -0.264034 -0.00702091 0.000889595
69 82.4609 -2.39486 -0.264034 -0.00702091 0.000889595
70 82.4609 -2.39486 -0.264034 -0.00702091 0.000889595
71 82.4609 -2.39486 -0.264034 -0.00702091 0.000889595
72 82.4609 -2.39486 -0.264034 -0.00702091 0.000889595
73 82.4609 -2.39486 -0.264034 -0.00702091 0.000889595
74 82.4609 -2.39486 -0.264034 -0.00702091 0.000889595
75 82.4609 -2.39486 -0.264034 -0.00702091 0.000889595
76 82.4609 -2.39486 -0.264034 -0.00702091 0.000889595
77 83.7187 -2.3171 -0.259227 -0.00672377 0.000907964
78 83.7187 -2.3171 -0.259227 -0.00672377 0.000907964
79 83.7187 -2.3171 -0.259227 -0.00672377 0.000907964
80 83.7187 -2.3171 -0.259227 -0.00672377 0.000907964
81 83.7187 -2.3171 -0.259227 -0.00672377 0.000907964
82 83.7187 -2.3171 -0.259227 -0.00672377 0.000907964
83 83.7187 -2.3171 -0.259227 -0.00672377 0.000907964
84 83.7187 -2.3171 -0.259227 -0.00672377 0.000907964
85 83.7187 -2.3171 -0.259227 -0.00672377 0.000907964
86 83.7187 -2.3171 -0.259227 -0.00672377 0.000907964
87 83.7187 -2.3171 -0.259227 -0.00672377 0.000907964
88 83.7187 -2.3171 -0.259227 -0.00672377 0.000907964
89 83.7187 -2.3171 -0.259227 -0.00672377 0.000907964
90 83.7187 -2.3171 -0.259227 -0.00672377 0.000907964
91 83.7187 -2.3171 -0.259227 -0.00672377 0.000907964
92 83.7187 -2.3171 -0.259227 -0.00672377 0.000907964
93 83.7187 -2.3171 -0.259227 -0.00672377 0.000907964
94 83.7187 -2.3171 -0.259227 -0.00672377 0.000907964
