0 -61.3093 5.83081 0.0457196 -0.0152913 0.000590027
1 -61.3093 5.83081 0.0457196 -0.0152913 0.000590027
2 -61.3093 5.83081 0.0457196 -0.0152913 0.000590027
3 -61.3093 5.83081 0.0457196 -0.0152913 0.000590027
4 -61.3093 5.83081 0.0457196 -0.0152913 0.000590027
5 -61.3093 5.83081 0.0457196 -0.0152913 0.000590027
6 -61.3093 5.83081 0.0457196 -0.0152913 0.000590027
7 -61.3093 5.83081 0.0457196 -0.0152913 0.000590027
8 -61.3093 5.83081 0.0457196 -0.0152913 0.000590027
9 -61.3093 5.83081 0.0457196 -0.0152913 0.000590027
10 -61.3093 5.83081 0.0457196 -0.0152913 0.000590027
11 -61.3093 5.83081 0.0457196 -0.0152913 0.000590027
12 -61.3093 5.83081 0.0457196 -0.0152913 0.000590027
13 -61.3093 5.83081 0.0457196 -0.0152913 0.000590027
14 -61.3093 5.83081 0.0457196 -0.0152913 0.000590027
15 -61.3093 5.83081 0.0457196 -0.0152913 0.000590027
16 -61.3093 5.83081 0.0457196 -0.0152913 0.000590027
17 -61.3093 5.83081 0.0457196 -0.0152913 0.000590027
18 -61.3093 5.83081 0.0457196 -0.0152913 0.000590027
19 -61.3093 5.83081 0.0457196 -0.0152913 0.000590027
20 -61.3093 5.83081 0.0457196 -0.0152913 0.000590027
21 -61.3093 5.83081 0.0457196 -0.0152913 0.000590027
22 -61.3093 5.83081 0.0457196 -0.0152913 0.000590027
23 -61.3093 5.83081 0.0457196 -0.0152913 0.000590027
24 -61.3093 5.83081 0.0457196 -0.0152913 0.000590027
25 -61.3093 5.83081 0.0457196 -0.0152913 0.000590027
26 -61.3093 5.83081 0.0457196 -0.0152913 0.000590027
27 -61.3093 5.83081 0.0457196 -0.0152913 0.000590027
28 -61.3093 5.83081 0.0457196 -0.0152913 0.000590027
29 -61.3093 5.83081 0.0457196 -0.0152913 0.000590027
30 -61.3093 5.83081 0.0457196 -0.0152913 0.000590027
31 -61.3093 5.83081 0.0457196 -0.0152913 0.000590027
32 -61.3093 5.83081 0.0457196 -0.0152913 0.000590027
33 -61.3093 5.83081 0.0457196 -0.0152913 0.000590027
34 -61.3093 5.83081 0.0457196 -0.0152913 0.000590027
35 -61.3093 5.83081 0.0457196 -0.0152913 0.000590027
36 -61.3093 5.83081 0.0457196 -0.0152913 0.000590027
37 -61.3093 5.83081 0.0457196 -0.0152913 0.000590027
38 -61.3093 5.83081 0.0457196 -0.0152913 0.000590027
39 -61.3093 5.83081 0.0457196 -0.0152913 0.000590027
40 -61.3093 5.83081 0.0457196 -0.0152913 0.000590027
41 -61.3093 5.83081 0.0457196 -0.0152913 0.000590027
42 -61.3093 5.83081 0.0457196 -0.0152913 0.000590027
43 -61.3093 5.83081 0.0457196 -0.0152913 0.000590027
44 -61.3093 5.83081 0.0457196 -0.0152913 0.000590027
45 -61.3093 5.83081 0.0457196 -0.0152913 0.000590027
46 -61.3093 5.83081 0.0457196 -0.0152913 0.000590027
47 -61.3093 5.83081 0.0457196 -0.0152913 0.000590027
48 -61.3093 5.83081 0.0457196 -0.0152913 0.000590027
49 -61.3093 5.83081 0.0457196 -0.0152913 0.000590027
50 -61.3093 5.83081 0.0457196 -0.0152913 0.000590027
51 -61.3093 5.83081 0.0457196 -0.0152913 0.000590027
52 -61.3093 5.83081 0.0457196 -0.0152913 0.000590027
53 -61.3093 5.83081 0.0457196 -0.0152913 0.000590027
54 -61.3093 5.83081 0.0457196 -0.0152913 0.000590027
55 -61.3093 5.83081 0.0457196 -0.0152913 0.000590027
56 -61.3093 5.83081 0.0457196 -0.0152913 0.000590027
57 -61.3093 5.83081 0.0457196 -0.0152913 0.000590027
58 -61.3093 5.83081 0.0457196 -0.0152913 0.000590027
59 -61.3093 5.83081 0.0457196 -0.0152913 0.000590027
60 -61.3093 5.83081 0.0457196 -0.0152913 0.000590027
61 -61.3093 5.83081 0.0457196 -0.0152913 0.000590027
62 -61.3093 5.83081 0.0457196 -0.0152913 0.000590027
63 -61.3093 5.83081 0.0457196 -0.0152913 0.000590027
66 -61.3093 5.83081 0.0457196 -0.0152913 0.000590027
67 -61.3093 5.83081 0.0457196 -0.0152913 0.000590027
68 -61.3093 5.83081 0.0457196 -0.0152913 0.000590027
73 -61.3093 5.83081 0.0457196 -0.0152913 0.000590027
74 -61.3093 5.83081 0.0457196 -0.0152913 0.000590027
75 -61.3093 5.83081 0.0457196 -0.0152913 0.000590027
77 -61.3093 5.83081 0.0457196 -0.0152913 0.000590027
78 -61.3093 5.83081 0.0457196 -0.0152913 0.000590027
79 -61.3093 5.83081 0.0457196 -0.0152913 0.000590027
81 -61.3093 5.83081 0.0457196 -0.0152913 0.000590027
82 -61.3093 5.83081 0.0457196 -0.0152913 0.000590027
83 -61.3093 5.83081 0.0457196 -0.0152913 0.000590027
84 -61.3093 5.83081 0.0457196 -0.0152913 0.000590027
85 -61.3093 5.83081 0.0457196 -0.0152913 0.000590027
86 -61.3093 5.83081 0.0457196 -0.0152913 0.000590027
87 -61.3093 5.83081 0.0457196 -0.0152913 0.000590027
88 -61.3093 5.83081 0.0457196 -0.0152913 0.000590027
89 -61.3093 5.83081 0.0457196 -0.0152913 0.000590027
90 -61.3093 5.83081 0.0457196 -0.0152913 0.000590027
91 -61.3093 5.83081 0.0457196 -0.0152913 0.000590027
92 -61.3093 5.83081 0.0457196 -0.0152913 0.000590027
93 -61.3093 5.83081 0.0457196 -0.0152913 0.000590027
94 -61.3093 5.83081 0.0457196 -0.0152913 0.000590027
