0 156.252 -11.3036 -0.164988 0.0136669 0.000337023
1 156.252 -11.3036 -0.164988 0.0136669 0.000337023
2 156.252 -11.3036 -0.164988 0.0136669 0.000337023
3 156.252 -11.3036 -0.164988 0.0136669 0.000337023
4 156.252 -11.3036 -0.164988 0.0136669 0.000337023
5 156.434 -11.2916 -0.164198 0.0137189 0.000340444
6 156.434 -11.2916 -0.164198 0.0137189 0.000340444
7 156.434 -11.2916 -0.164198 0.0137189 0.000340444
8 156.434 -11.2916 -0.164198 0.0137189 0.000340444
9 156.434 -11.2916 -0.164198 0.0137189 0.000340444
10 156.434 -11.2916 -0.164198 0.0137189 0.000340444
11 156.434 -11.2916 -0.164198 0.0137189 0.000340444
12 156.434 -11.2916 -0.164198 0.0137189 0.000340444
13 156.434 -11.2916 -0.164198 0.0137189 0.000340444
14 156.434 -11.2916 -0.164198 0.0137189 0.000340444
15 156.434 -11.2916 -0.164198 0.0137189 0.000340444
16 156.434 -11.2916 -0.164198 0.0137189 0.000340444
17 156.434 -11.2916 -0.164198 0.0137189 0.000340444
18 156.434 -11.2916 -0.164198 0.0137189 0.000340444
19 156.434 -11.2916 -0.164198 0.0137189 0.000340444
20 156.434 -11.2916 -0.164198 0.0137189 0.000340444
21 156.434 -11.2916 -0.164198 0.0137189 0.000340444
22 156.434 -11.2916 -0.164198 0.0137189 0.000340444
23 156.434 -11.2916 -0.164198 0.0137189 0.000340444
24 156.434 -11.2916 -0.164198 0.0137189 0.000340444
25 156.434 -11.2916 -0.164198 0.0137189 0.000340444
26 156.434 -11.2916 -0.164198 0.0137189 0.000340444
27 156.434 -11.2916 -0.164198 0.0137189 0.000340444
28 156.434 -11.2916 -0.164198 0.0137189 0.000340444
29 156.434 -11.2916 -0.164198 0.0137189 0.000340444
30 156.434 -11.2916 -0.164198 0.0137189 0.000340444
31 157.492 -11.23 -0.160604 0.0139283 0.000352651
32 157.492 -11.23 -0.160604 0.0139283 0.000352651
33 157.492 -11.23 -0.160604 0.0139283 0.000352651
34 157.492 -11.23 -0.160604 0.0139283 0.000352651
35 157.492 -11.23 -0.160604 0.0139283 0.000352651
36 157.492 -11.23 -0.160604 0.0139283 0.000352651
37 157.492 -11.23 -0.160604 0.0139283 0.000352651
38 157.492 -11.23 -0.160604 0.0139283 0.000352651
39 157.492 -11.23 -0.160604 0.0139283 0.000352651
40 157.492 -11.23 -0.160604 0.0139283 0.000352651
41 157.492 -11.23 -0.160604 0.0139283 0.000352651
42 157.492 -11.23 -0.160604 0.0139283 0.000352651
43 2.45109 0.357608 0.139963 -0.0133736 0.000328181
44 2.45109 0.357608 0.139963 -0.0133736 0.000328181
45 2.45109 0.357608 0.139963 -0.0133736 0.000328181
46 2.45109 0.357608 0.139963 -0.0133736 0.000328181
47 2.45109 0.357608 0.139963 -0.0133736 0.000328181
48 2.45109 0.357608 0.139963 -0.0133736 0.000328181
49 2.65108 0.370769 0.14083 -0.0133167 0.000331932
50 2.65108 0.370769 0.14083 -0.0133167 0.000331932
51 2.65108 0.370769 0.14083 -0.0133167 0.000331932
52 2.65108 0.370769 0.14083 -0.0133167 0.000331932
53 2.65108 0.370769 0.14083 -0.0133167 0.000331932
54 2.65108 0.370769 0.14083 -0.0133167 0.000331932
55 2.65108 0.370769 0.14083 -0.0133167 0.000331932
56 2.65108 0.370769 0.14083 -0.0133167 0.000331932
57 2.65108 0.370769 0.14083 -0.0133167 0.000331932
58 2.65108 0.370769 0.14083 -0.0133167 0.000331932
59 2.86161 0.384623 0.141741 -0.0132567 0.00033588
60 2.86161 0.384623 0.141741 -0.0132567 0.00033588
61 2.86161 0.384623 0.141741 -0.0132567 0.00033588
62 2.86161 0.384623 0.141741 -0.0132567 0.00033588
63 2.86161 0.384623 0.141741 -0.0132567 0.00033588
64 2.86161 0.384623 0.141741 -0.0132567 0.00033588
65 2.86161 0.384623 0.141741 -0.0132567 0.00033588
66 2.86161 0.384623 0.141741 -0.0132567 0.00033588
67 2.86161 0.384623 0.141741 -0.0132567 0.00033588
68 2.86161 0.384623 0.141741 -0.0132567 0.00033588
69 2.86161 0.384623 0.141741 -0.0132567 0.00033588
70 2.86161 0.384623 0.141741 -0.0132567 0.00033588
71 2.86161 0.384623 0.141741 -0.0132567 0.00033588
72 2.86161 0.384623 0.141741 -0.0132567 0.00033588
73 2.86161 0.384623 0.141741 -0.0132567 0.00033588
74 2.86161 0.384623 0.141741 -0.0132567 0.00033588
75 2.86161 0.384623 0.141741 -0.0132567 0.00033588
76 2.86161 0.384623 0.141741 -0.0132567 0.00033588
77 2.86161 0.384623 0.141741 -0.0132567 0.00033588
78 2.86161 0.384623 0.141741 -0.0132567 0.00033588
79 2.86161 0.384623 0.141741 -0.0132567 0.00033588
80 2.86161 0.384623 0.141741 -0.0132567 0.00033588
81 2.86161 0.384623 0.141741 -0.0132567 0.00033588
82 2.86161 0.384623 0.141741 -0.0132567 0.00033588
83 2.86161 0.384623 0.141741 -0.0132567 0.00033588
84 2.86161 0.384623 0.141741 -0.0132567 0.00033588
85 2.86161 0.384623 0.141741 -0.0132567 0.00033588
86 2.86161 0.384623 0.141741 -0.0132567 0.00033588
87 2.86161 0.384623 0.141741 -0.0132567 0.00033588
88 2.86161 0.384623 0.141741 -0.0132567 0.00033588
89 2.86161 0.384623 0.141741 -0.0132567 0.00033588
90 2.86161 0.384623 0.141741 -0.0132567 0.00033588
91 2.86161 0.384623 0.141741 -0.0132567 0.00033588
92 2.86161 0.384623 0.141741 -0.0132567 0.00033588
93 2.86161 0.384623 0.141741 -0.0132567 0.00033588
94 2.86161 0.384623 0.141741 -0.0132567 0.00033588
