0 -64.2208 5.63921 0.0331114 -0.016121 0.000535427
1 -64.2208 5.63921 0.0331114 -0.016121 0.000535427
2 -64.2208 5.63921 0.0331114 -0.016121 0.000535427
4 -64.2208 5.63921 0.0331114 -0.016121 0.000535427
5 -64.2208 5.63921 0.0331114 -0.016121 0.000535427
6 -64.2208 5.63921 0.0331114 -0.016121 0.000535427
32 -64.2208 5.63921 0.0331114 -0.016121 0.000535427
33 -64.2208 5.63921 0.0331114 -0.016121 0.000535427
34 -64.2208 5.63921 0.0331114 -0.016121 0.000535427
36 -64.2208 5.63921 0.0331114 -0.016121 0.000535427
38 -64.2208 5.63921 0.0331114 -0.016121 0.000535427
