0 8.15111 0.285376 0.00801462 8.3068e-05 -1.19204e-05
1 8.15111 0.285376 0.00801462 8.3068e-05 -1.19204e-05
2 8.15111 0.285376 0.00801462 8.3068e-05 -1.19204e-05
3 8.15111 0.285376 0.00801462 8.3068e-05 -1.19204e-05
4 8.15111 0.285376 0.00801462 8.3068e-05 -1.19204e-05
5 8.15111 0.285376 0.00801462 8.3068e-05 -1.19204e-05
6 8.15111 0.285376 0.00801462 8.3068e-05 -1.19204e-05
7 8.15111 0.285376 0.00801462 8.3068e-05 -1.19204e-05
8 8.15111 0.285376 0.00801462 8.3068e-05 -1.19204e-05
9 8.15111 0.285376 0.00801462 8.3068e-05 -1.19204e-05
10 8.15111 0.285376 0.00801462 8.3068e-05 -1.19204e-05
11 8.15111 0.285376 0.00801462 8.3068e-05 -1.19204e-05
13 8.15111 0.285376 0.00801462 8.3068e-05 -1.19204e-05
14 8.15111 0.285376 0.00801462 8.3068e-05 -1.19204e-05
15 8.15111 0.285376 0.00801462 8.3068e-05 -1.19204e-05
16 8.15111 0.285376 0.00801462 8.3068e-05 -1.19204e-05
17 8.15111 0.285376 0.00801462 8.3068e-05 -1.19204e-05
18 8.15111 0.285376 0.00801462 8.3068e-05 -1.19204e-05
19 8.15111 0.285376 0.00801462 8.3068e-05 -1.19204e-05
20 8.15111 0.285376 0.00801462 8.3068e-05 -1.19204e-05
22 8.15111 0.285376 0.00801462 8.3068e-05 -1.19204e-05
23 8.15111 0.285376 0.00801462 8.3068e-05 -1.19204e-05
24 8.15111 0.285376 0.00801462 8.3068e-05 -1.19204e-05
25 8.15111 0.285376 0.00801462 8.3068e-05 -1.19204e-05
26 8.15111 0.285376 0.00801462 8.3068e-05 -1.19204e-05
27 8.15111 0.285376 0.00801462 8.3068e-05 -1.19204e-05
28 8.15111 0.285376 0.00801462 8.3068e-05 -1.19204e-05
29 8.15111 0.285376 0.00801462 8.3068e-05 -1.19204e-05
30 8.15111 0.285376 0.00801462 8.3068e-05 -1.19204e-05
31 8.15111 0.285376 0.00801462 8.3068e-05 -1.19204e-05
32 8.15111 0.285376 0.00801462 8.3068e-05 -1.19204e-05
33 8.15111 0.285376 0.00801462 8.3068e-05 -1.19204e-05
34 8.15111 0.285376 0.00801462 8.3068e-05 -1.19204e-05
35 8.15111 0.285376 0.00801462 8.3068e-05 -1.19204e-05
36 8.15111 0.285376 0.00801462 8.3068e-05 -1.19204e-05
37 8.15111 0.285376 0.00801462 8.3068e-05 -1.19204e-05
38 8.15111 0.285376 0.00801462 8.3068e-05 -1.19204e-05
39 8.15111 0.285376 0.00801462 8.3068e-05 -1.19204e-05
40 8.15111 0.285376 0.00801462 8.3068e-05 -1.19204e-05
41 8.15111 0.285376 0.00801462 8.3068e-05 -1.19204e-05
42 8.15111 0.285376 0.00801462 8.3068e-05 -1.19204e-05
43 8.15111 0.285376 0.00801462 8.3068e-05 -1.19204e-05
44 8.15111 0.285376 0.00801462 8.3068e-05 -1.19204e-05
45 8.15111 0.285376 0.00801462 8.3068e-05 -1.19204e-05
46 8.15111 0.285376 0.00801462 8.3068e-05 -1.19204e-05
47 8.15111 0.285376 0.00801462 8.3068e-05 -1.19204e-05
48 8.15111 0.285376 0.00801462 8.3068e-05 -1.19204e-05
49 8.15111 0.285376 0.00801462 8.3068e-05 -1.19204e-05
50 8.15111 0.285376 0.00801462 8.3068e-05 -1.19204e-05
51 8.15111 0.285376 0.00801462 8.3068e-05 -1.19204e-05
52 8.15111 0.285376 0.00801462 8.3068e-05 -1.19204e-05
53 8.15111 0.285376 0.00801462 8.3068e-05 -1.19204e-05
54 8.15111 0.285376 0.00801462 8.3068e-05 -1.19204e-05
55 8.15111 0.285376 0.00801462 8.3068e-05 -1.19204e-05
56 8.15111 0.285376 0.00801462 8.3068e-05 -1.19204e-05
57 8.15111 0.285376 0.00801462 8.3068e-05 -1.19204e-05
58 8.15111 0.285376 0.00801462 8.3068e-05 -1.19204e-05
59 8.15111 0.285376 0.00801462 8.3068e-05 -1.19204e-05
60 8.15111 0.285376 0.00801462 8.3068e-05 -1.19204e-05
61 8.15111 0.285376 0.00801462 8.3068e-05 -1.19204e-05
62 8.15111 0.285376 0.00801462 8.3068e-05 -1.19204e-05
63 8.15111 0.285376 0.00801462 8.3068e-05 -1.19204e-05
64 8.15111 0.285376 0.00801462 8.3068e-05 -1.19204e-05
65 8.15111 0.285376 0.00801462 8.3068e-05 -1.19204e-05
66 8.15111 0.285376 0.00801462 8.3068e-05 -1.19204e-05
67 8.15111 0.285376 0.00801462 8.3068e-05 -1.19204e-05
68 8.15111 0.285376 0.00801462 8.3068e-05 -1.19204e-05
69 8.15111 0.285376 0.00801462 8.3068e-05 -1.19204e-05
70 8.15111 0.285376 0.00801462 8.3068e-05 -1.19204e-05
71 8.15111 0.285376 0.00801462 8.3068e-05 -1.19204e-05
72 8.15111 0.285376 0.00801462 8.3068e-05 -1.19204e-05
73 8.15111 0.285376 0.00801462 8.3068e-05 -1.19204e-05
74 8.15111 0.285376 0.00801462 8.3068e-05 -1.19204e-05
75 8.15111 0.285376 0.00801462 8.3068e-05 -1.19204e-05
76 8.15111 0.285376 0.00801462 8.3068e-05 -1.19204e-05
77 8.15111 0.285376 0.00801462 8.3068e-05 -1.19204e-05
78 8.15111 0.285376 0.00801462 8.3068e-05 -1.19204e-05
79 8.15111 0.285376 0.00801462 8.3068e-05 -1.19204e-05
80 8.15111 0.285376 0.00801462 8.3068e-05 -1.19204e-05
81 70.7708 -1.88409 -0.212586 -0.00561854 0.000712907
82 70.7708 -1.88409 -0.212586 -0.00561854 0.000712907
83 70.7708 -1.88409 -0.212586 -0.00561854 0.000712907
84 70.7708 -1.88409 -0.212586 -0.00561854 0.000712907
85 70.7708 -1.88409 -0.212586 -0.00561854 0.000712907
86 70.7708 -1.88409 -0.212586 -0.00561854 0.000712907
87 70.7708 -1.88409 -0.212586 -0.00561854 0.000712907
88 70.7708 -1.88409 -0.212586 -0.00561854 0.000712907
89 70.7708 -1.88409 -0.212586 -0.00561854 0.000712907
90 70.7708 -1.88409 -0.212586 -0.00561854 0.000712907
91 70.7708 -1.88409 -0.212586 -0.00561854 0.000712907
92 70.7708 -1.88409 -0.212586 -0.00561854 0.000712907
93 70.7708 -1.88409 -0.212586 -0.00561854 0.000712907
94 70.7708 -1.88409 -0.212586 -0.00561854 0.000712907
