0 0 0 0 0 0
1 0 0 0 0 0
2 0 0 0 0 0
3 0 0 0 0 0
4 0 0 0 0 0
5 0 0 0 0 0
6 0 0 0 0 0
7 0 0 0 0 0
8 0 0 0 0 0
9 0 0 0 0 0
10 0 0 0 0 0
11 0 0 0 0 0
12 0 0 0 0 0
13 0 0 0 0 0
14 0 0 0 0 0
15 0 0 0 0 0
16 0 0 0 0 0
17 0 0 0 0 0
18 0 0 0 0 0
19 0 0 0 0 0
20 0 0 0 0 0
21 0 0 0 0 0
22 0 0 0 0 0
23 0 0 0 0 0
24 0 0 0 0 0
25 0 0 0 0 0
26 0 0 0 0 0
27 0 0 0 0 0
28 0 0 0 0 0
29 0 0 0 0 0
30 0 0 0 0 0
31 0 0 0 0 0
32 0 0 0 0 0
33 0 0 0 0 0
34 0 0 0 0 0
35 0 0 0 0 0
36 0 0 0 0 0
37 0 0 0 0 0
38 0 0 0 0 0
39 0 0 0 0 0
40 0 0 0 0 0
41 0 0 0 0 0
42 0 0 0 0 0
43 0 0 0 0 0
44 0 0 0 0 0
45 0 0 0 0 0
46 0 0 0 0 0
47 0 0 0 0 0
48 0 0 0 0 0
49 7.44398 0.241662 0.00531231 -8.39839e-05 -2.22472e-05
50 7.44398 0.241662 0.00531231 -8.39839e-05 -2.22472e-05
51 8.15111 0.285376 0.00801462 8.3068e-05 -1.19204e-05
52 8.15111 0.285376 0.00801462 8.3068e-05 -1.19204e-05
53 8.15111 0.285376 0.00801462 8.3068e-05 -1.19204e-05
54 8.15111 0.285376 0.00801462 8.3068e-05 -1.19204e-05
55 8.15111 0.285376 0.00801462 8.3068e-05 -1.19204e-05
56 8.15111 0.285376 0.00801462 8.3068e-05 -1.19204e-05
57 8.15111 0.285376 0.00801462 8.3068e-05 -1.19204e-05
58 8.15111 0.285376 0.00801462 8.3068e-05 -1.19204e-05
59 8.15111 0.285376 0.00801462 8.3068e-05 -1.19204e-05
60 8.15111 0.285376 0.00801462 8.3068e-05 -1.19204e-05
61 8.15111 0.285376 0.00801462 8.3068e-05 -1.19204e-05
62 8.15111 0.285376 0.00801462 8.3068e-05 -1.19204e-05
63 8.15111 0.285376 0.00801462 8.3068e-05 -1.19204e-05
64 8.15111 0.285376 0.00801462 8.3068e-05 -1.19204e-05
65 8.15111 0.285376 0.00801462 8.3068e-05 -1.19204e-05
66 8.15111 0.285376 0.00801462 8.3068e-05 -1.19204e-05
67 8.15111 0.285376 0.00801462 8.3068e-05 -1.19204e-05
68 8.15111 0.285376 0.00801462 8.3068e-05 -1.19204e-05
69 8.15111 0.285376 0.00801462 8.3068e-05 -1.19204e-05
70 8.15111 0.285376 0.00801462 8.3068e-05 -1.19204e-05
71 8.15111 0.285376 0.00801462 8.3068e-05 -1.19204e-05
72 8.15111 0.285376 0.00801462 8.3068e-05 -1.19204e-05
73 8.15111 0.285376 0.00801462 8.3068e-05 -1.19204e-05
74 8.15111 0.285376 0.00801462 8.3068e-05 -1.19204e-05
75 8.15111 0.285376 0.00801462 8.3068e-05 -1.19204e-05
76 8.15111 0.285376 0.00801462 8.3068e-05 -1.19204e-05
77 8.15111 0.285376 0.00801462 8.3068e-05 -1.19204e-05
78 8.15111 0.285376 0.00801462 8.3068e-05 -1.19204e-05
79 8.15111 0.285376 0.00801462 8.3068e-05 -1.19204e-05
80 8.15111 0.285376 0.00801462 8.3068e-05 -1.19204e-05
81 8.15111 0.285376 0.00801462 8.3068e-05 -1.19204e-05
82 8.15111 0.285376 0.00801462 8.3068e-05 -1.19204e-05
83 8.15111 0.285376 0.00801462 8.3068e-05 -1.19204e-05
84 8.15111 0.285376 0.00801462 8.3068e-05 -1.19204e-05
85 8.15111 0.285376 0.00801462 8.3068e-05 -1.19204e-05
86 8.15111 0.285376 0.00801462 8.3068e-05 -1.19204e-05
87 8.15111 0.285376 0.00801462 8.3068e-05 -1.19204e-05
88 8.15111 0.285376 0.00801462 8.3068e-05 -1.19204e-05
89 8.15111 0.285376 0.00801462 8.3068e-05 -1.19204e-05
90 8.15111 0.285376 0.00801462 8.3068e-05 -1.19204e-05
91 8.15111 0.285376 0.00801462 8.3068e-05 -1.19204e-05
92 8.15111 0.285376 0.00801462 8.3068e-05 -1.19204e-05
93 8.15111 0.285376 0.00801462 8.3068e-05 -1.19204e-05
94 8.15111 0.285376 0.00801462 8.3068e-05 -1.19204e-05
