0 14.2044 3.50369 -0.174003 -0.0206377 0.00104343
1 14.2044 3.50369 -0.174003 -0.0206377 0.00104343
2 14.2044 3.50369 -0.174003 -0.0206377 0.00104343
3 14.2044 3.50369 -0.174003 -0.0206377 0.00104343
4 14.2044 3.50369 -0.174003 -0.0206377 0.00104343
5 14.2044 3.50369 -0.174003 -0.0206377 0.00104343
6 14.2044 3.50369 -0.174003 -0.0206377 0.00104343
7 14.2044 3.50369 -0.174003 -0.0206377 0.00104343
8 14.2044 3.50369 -0.174003 -0.0206377 0.00104343
9 14.2044 3.50369 -0.174003 -0.0206377 0.00104343
10 14.2044 3.50369 -0.174003 -0.0206377 0.00104343
11 14.2044 3.50369 -0.174003 -0.0206377 0.00104343
12 14.2044 3.50369 -0.174003 -0.0206377 0.00104343
13 14.2044 3.50369 -0.174003 -0.0206377 0.00104343
14 14.2044 3.50369 -0.174003 -0.0206377 0.00104343
15 14.2044 3.50369 -0.174003 -0.0206377 0.00104343
16 14.2044 3.50369 -0.174003 -0.0206377 0.00104343
17 14.2044 3.50369 -0.174003 -0.0206377 0.00104343
18 14.2044 3.50369 -0.174003 -0.0206377 0.00104343
19 14.2044 3.50369 -0.174003 -0.0206377 0.00104343
20 14.2044 3.50369 -0.174003 -0.0206377 0.00104343
21 14.2044 3.50369 -0.174003 -0.0206377 0.00104343
22 14.2044 3.50369 -0.174003 -0.0206377 0.00104343
23 14.2044 3.50369 -0.174003 -0.0206377 0.00104343
24 14.2044 3.50369 -0.174003 -0.0206377 0.00104343
25 14.2044 3.50369 -0.174003 -0.0206377 0.00104343
26 14.2044 3.50369 -0.174003 -0.0206377 0.00104343
27 14.2044 3.50369 -0.174003 -0.0206377 0.00104343
28 14.2044 3.50369 -0.174003 -0.0206377 0.00104343
29 14.2044 3.50369 -0.174003 -0.0206377 0.00104343
30 14.2044 3.50369 -0.174003 -0.0206377 0.00104343
31 14.2044 3.50369 -0.174003 -0.0206377 0.00104343
32 14.2044 3.50369 -0.174003 -0.0206377 0.00104343
33 14.2044 3.50369 -0.174003 -0.0206377 0.00104343
34 14.2044 3.50369 -0.174003 -0.0206377 0.00104343
35 14.2044 3.50369 -0.174003 -0.0206377 0.00104343
36 14.2044 3.50369 -0.174003 -0.0206377 0.00104343
37 14.2044 3.50369 -0.174003 -0.0206377 0.00104343
38 14.2044 3.50369 -0.174003 -0.0206377 0.00104343
39 14.2044 3.50369 -0.174003 -0.0206377 0.00104343
40 14.2044 3.50369 -0.174003 -0.0206377 0.00104343
41 14.2044 3.50369 -0.174003 -0.0206377 0.00104343
42 14.2044 3.50369 -0.174003 -0.0206377 0.00104343
43 14.2044 3.50369 -0.174003 -0.0206377 0.00104343
44 14.2044 3.50369 -0.174003 -0.0206377 0.00104343
45 14.2044 3.50369 -0.174003 -0.0206377 0.00104343
46 14.2044 3.50369 -0.174003 -0.0206377 0.00104343
47 14.2044 3.50369 -0.174003 -0.0206377 0.00104343
48 14.2044 3.50369 -0.174003 -0.0206377 0.00104343
49 14.2044 3.50369 -0.174003 -0.0206377 0.00104343
50 14.2044 3.50369 -0.174003 -0.0206377 0.00104343
51 14.2044 3.50369 -0.174003 -0.0206377 0.00104343
52 14.2044 3.50369 -0.174003 -0.0206377 0.00104343
53 14.2044 3.50369 -0.174003 -0.0206377 0.00104343
54 14.2044 3.50369 -0.174003 -0.0206377 0.00104343
55 14.2044 3.50369 -0.174003 -0.0206377 0.00104343
56 14.2044 3.50369 -0.174003 -0.0206377 0.00104343
57 14.2044 3.50369 -0.174003 -0.0206377 0.00104343
58 14.2044 3.50369 -0.174003 -0.0206377 0.00104343
59 14.2044 3.50369 -0.174003 -0.0206377 0.00104343
60 14.2044 3.50369 -0.174003 -0.0206377 0.00104343
61 14.2044 3.50369 -0.174003 -0.0206377 0.00104343
62 14.2044 3.50369 -0.174003 -0.0206377 0.00104343
63 14.2044 3.50369 -0.174003 -0.0206377 0.00104343
64 14.2044 3.50369 -0.174003 -0.0206377 0.00104343
65 14.2044 3.50369 -0.174003 -0.0206377 0.00104343
66 14.2044 3.50369 -0.174003 -0.0206377 0.00104343
67 14.2044 3.50369 -0.174003 -0.0206377 0.00104343
68 14.2044 3.50369 -0.174003 -0.0206377 0.00104343
69 14.2044 3.50369 -0.174003 -0.0206377 0.00104343
70 14.2044 3.50369 -0.174003 -0.0206377 0.00104343
71 14.2044 3.50369 -0.174003 -0.0206377 0.00104343
72 14.2044 3.50369 -0.174003 -0.0206377 0.00104343
73 14.2044 3.50369 -0.174003 -0.0206377 0.00104343
74 14.2044 3.50369 -0.174003 -0.0206377 0.00104343
75 14.2044 3.50369 -0.174003 -0.0206377 0.00104343
76 14.2044 3.50369 -0.174003 -0.0206377 0.00104343
77 14.2044 3.50369 -0.174003 -0.0206377 0.00104343
78 14.2044 3.50369 -0.174003 -0.0206377 0.00104343
79 14.2044 3.50369 -0.174003 -0.0206377 0.00104343
80 14.2044 3.50369 -0.174003 -0.0206377 0.00104343
81 14.2044 3.50369 -0.174003 -0.0206377 0.00104343
82 14.2044 3.50369 -0.174003 -0.0206377 0.00104343
83 14.2044 3.50369 -0.174003 -0.0206377 0.00104343
84 14.2044 3.50369 -0.174003 -0.0206377 0.00104343
85 14.2044 3.50369 -0.174003 -0.0206377 0.00104343
86 14.2044 3.50369 -0.174003 -0.0206377 0.00104343
87 14.2044 3.50369 -0.174003 -0.0206377 0.00104343
88 14.2044 3.50369 -0.174003 -0.0206377 0.00104343
89 14.2044 3.50369 -0.174003 -0.0206377 0.00104343
90 14.2044 3.50369 -0.174003 -0.0206377 0.00104343
91 14.2044 3.50369 -0.174003 -0.0206377 0.00104343
92 14.2044 3.50369 -0.174003 -0.0206377 0.00104343
93 14.2044 3.50369 -0.174003 -0.0206377 0.00104343
94 14.2044 3.50369 -0.174003 -0.0206377 0.00104343
