0 -80.2871 6.68443 0.140361 -0.0131309 4.35199e-05
2 -80.2871 6.68443 0.140361 -0.0131309 4.35199e-05
4 -80.2871 6.68443 0.140361 -0.0131309 4.35199e-05
7 -80.2871 6.68443 0.140361 -0.0131309 4.35199e-05
17 -80.2871 6.68443 0.140361 -0.0131309 4.35199e-05
21 -80.2871 6.68443 0.140361 -0.0131309 4.35199e-05
33 -80.2871 6.68443 0.140361 -0.0131309 4.35199e-05
34 -80.2871 6.68443 0.140361 -0.0131309 4.35199e-05
38 -80.2871 6.68443 0.140361 -0.0131309 4.35199e-05
39 -80.2871 6.68443 0.140361 -0.0131309 4.35199e-05
41 -80.2871 6.68443 0.140361 -0.0131309 4.35199e-05
47 -80.2871 6.68443 0.140361 -0.0131309 4.35199e-05
50 -80.2871 6.68443 0.140361 -0.0131309 4.35199e-05
54 -80.2871 6.68443 0.140361 -0.0131309 4.35199e-05
55 -80.2871 6.68443 0.140361 -0.0131309 4.35199e-05
57 -80.2871 6.68443 0.140361 -0.0131309 4.35199e-05
58 -80.2871 6.68443 0.140361 -0.0131309 4.35199e-05
64 -80.2871 6.68443 0.140361 -0.0131309 4.35199e-05
65 -80.2871 6.68443 0.140361 -0.0131309 4.35199e-05
66 -80.2871 6.68443 0.140361 -0.0131309 4.35199e-05
67 -80.2871 6.68443 0.140361 -0.0131309 4.35199e-05
68 -80.2871 6.68443 0.140361 -0.0131309 4.35199e-05
69 -80.2871 6.68443 0.140361 -0.0131309 4.35199e-05
70 -80.2871 6.68443 0.140361 -0.0131309 4.35199e-05
71 -80.2871 6.68443 0.140361 -0.0131309 4.35199e-05
72 -80.2871 6.68443 0.140361 -0.0131309 4.35199e-05
73 -80.2871 6.68443 0.140361 -0.0131309 4.35199e-05
74 -80.2871 6.68443 0.140361 -0.0131309 4.35199e-05
75 -80.2871 6.68443 0.140361 -0.0131309 4.35199e-05
76 -80.2871 6.68443 0.140361 -0.0131309 4.35199e-05
77 -80.2871 6.68443 0.140361 -0.0131309 4.35199e-05
78 -80.2871 6.68443 0.140361 -0.0131309 4.35199e-05
79 -80.2871 6.68443 0.140361 -0.0131309 4.35199e-05
80 -80.2871 6.68443 0.140361 -0.0131309 4.35199e-05
81 -80.2871 6.68443 0.140361 -0.0131309 4.35199e-05
82 -80.2871 6.68443 0.140361 -0.0131309 4.35199e-05
83 -80.2871 6.68443 0.140361 -0.0131309 4.35199e-05
84 -80.2871 6.68443 0.140361 -0.0131309 4.35199e-05
85 -80.2871 6.68443 0.140361 -0.0131309 4.35199e-05
86 -80.2871 6.68443 0.140361 -0.0131309 4.35199e-05
87 -80.2871 6.68443 0.140361 -0.0131309 4.35199e-05
88 -80.2871 6.68443 0.140361 -0.0131309 4.35199e-05
89 -80.2871 6.68443 0.140361 -0.0131309 4.35199e-05
90 -80.2871 6.68443 0.140361 -0.0131309 4.35199e-05
91 -80.2871 6.68443 0.140361 -0.0131309 4.35199e-05
92 -80.2871 6.68443 0.140361 -0.0131309 4.35199e-05
93 -80.2871 6.68443 0.140361 -0.0131309 4.35199e-05
94 -80.2871 6.68443 0.140361 -0.0131309 4.35199e-05
