0 -18.3685 4.63641 -0.0571699 -0.0176021 0.000676321
1 -18.3685 4.63641 -0.0571699 -0.0176021 0.000676321
2 -18.3685 4.63641 -0.0571699 -0.0176021 0.000676321
3 -18.3685 4.63641 -0.0571699 -0.0176021 0.000676321
4 -18.3685 4.63641 -0.0571699 -0.0176021 0.000676321
5 -18.3685 4.63641 -0.0571699 -0.0176021 0.000676321
6 -18.3685 4.63641 -0.0571699 -0.0176021 0.000676321
7 -18.3685 4.63641 -0.0571699 -0.0176021 0.000676321
8 -18.3685 4.63641 -0.0571699 -0.0176021 0.000676321
9 -18.3685 4.63641 -0.0571699 -0.0176021 0.000676321
10 -18.3685 4.63641 -0.0571699 -0.0176021 0.000676321
11 -18.3685 4.63641 -0.0571699 -0.0176021 0.000676321
12 -18.3685 4.63641 -0.0571699 -0.0176021 0.000676321
13 -18.3685 4.63641 -0.0571699 -0.0176021 0.000676321
14 -18.3685 4.63641 -0.0571699 -0.0176021 0.000676321
15 -18.3685 4.63641 -0.0571699 -0.0176021 0.000676321
16 -18.3685 4.63641 -0.0571699 -0.0176021 0.000676321
17 -18.3685 4.63641 -0.0571699 -0.0176021 0.000676321
18 -18.3685 4.63641 -0.0571699 -0.0176021 0.000676321
19 -18.3685 4.63641 -0.0571699 -0.0176021 0.000676321
20 -18.3685 4.63641 -0.0571699 -0.0176021 0.000676321
21 -18.3685 4.63641 -0.0571699 -0.0176021 0.000676321
22 -18.3685 4.63641 -0.0571699 -0.0176021 0.000676321
23 -18.3685 4.63641 -0.0571699 -0.0176021 0.000676321
24 -18.3685 4.63641 -0.0571699 -0.0176021 0.000676321
25 -18.3685 4.63641 -0.0571699 -0.0176021 0.000676321
26 -18.3685 4.63641 -0.0571699 -0.0176021 0.000676321
27 -18.3685 4.63641 -0.0571699 -0.0176021 0.000676321
28 -18.3685 4.63641 -0.0571699 -0.0176021 0.000676321
29 -18.3685 4.63641 -0.0571699 -0.0176021 0.000676321
30 -18.3685 4.63641 -0.0571699 -0.0176021 0.000676321
31 -18.3685 4.63641 -0.0571699 -0.0176021 0.000676321
32 -18.3685 4.63641 -0.0571699 -0.0176021 0.000676321
33 -18.1364 4.65168 -0.0561649 -0.017536 0.000680674
34 -18.1364 4.65168 -0.0561649 -0.017536 0.000680674
35 -18.1364 4.65168 -0.0561649 -0.017536 0.000680674
36 -18.1364 4.65168 -0.0561649 -0.017536 0.000680674
37 -18.1364 4.65168 -0.0561649 -0.017536 0.000680674
38 -18.1364 4.65168 -0.0561649 -0.017536 0.000680674
39 -18.1364 4.65168 -0.0561649 -0.017536 0.000680674
40 -18.1364 4.65168 -0.0561649 -0.017536 0.000680674
41 -18.1364 4.65168 -0.0561649 -0.017536 0.000680674
42 -18.1364 4.65168 -0.0561649 -0.017536 0.000680674
43 -18.1364 4.65168 -0.0561649 -0.017536 0.000680674
44 -18.1364 4.65168 -0.0561649 -0.017536 0.000680674
45 -18.1364 4.65168 -0.0561649 -0.017536 0.000680674
46 -18.1364 4.65168 -0.0561649 -0.017536 0.000680674
47 -18.1364 4.65168 -0.0561649 -0.017536 0.000680674
48 -18.1364 4.65168 -0.0561649 -0.017536 0.000680674
49 -18.1364 4.65168 -0.0561649 -0.017536 0.000680674
50 -18.1364 4.65168 -0.0561649 -0.017536 0.000680674
51 -18.1364 4.65168 -0.0561649 -0.017536 0.000680674
52 -18.1364 4.65168 -0.0561649 -0.017536 0.000680674
53 -18.1364 4.65168 -0.0561649 -0.017536 0.000680674
54 -18.1364 4.65168 -0.0561649 -0.017536 0.000680674
55 -18.1364 4.65168 -0.0561649 -0.017536 0.000680674
56 -18.1364 4.65168 -0.0561649 -0.017536 0.000680674
57 -18.1364 4.65168 -0.0561649 -0.017536 0.000680674
59 -18.1364 4.65168 -0.0561649 -0.017536 0.000680674
60 -18.1364 4.65168 -0.0561649 -0.017536 0.000680674
61 -18.1364 4.65168 -0.0561649 -0.017536 0.000680674
62 -18.1364 4.65168 -0.0561649 -0.017536 0.000680674
63 -18.1364 4.65168 -0.0561649 -0.017536 0.000680674
64 -18.1364 4.65168 -0.0561649 -0.017536 0.000680674
65 -18.1364 4.65168 -0.0561649 -0.017536 0.000680674
66 -18.1364 4.65168 -0.0561649 -0.017536 0.000680674
67 -18.1364 4.65168 -0.0561649 -0.017536 0.000680674
68 -18.1364 4.65168 -0.0561649 -0.017536 0.000680674
69 -18.1364 4.65168 -0.0561649 -0.017536 0.000680674
70 -18.1364 4.65168 -0.0561649 -0.017536 0.000680674
71 -18.1364 4.65168 -0.0561649 -0.017536 0.000680674
72 -18.1364 4.65168 -0.0561649 -0.017536 0.000680674
73 -18.1364 4.65168 -0.0561649 -0.017536 0.000680674
74 -18.1364 4.65168 -0.0561649 -0.017536 0.000680674
75 -18.1364 4.65168 -0.0561649 -0.017536 0.000680674
76 -18.1364 4.65168 -0.0561649 -0.017536 0.000680674
77 -18.1364 4.65168 -0.0561649 -0.017536 0.000680674
78 -18.1364 4.65168 -0.0561649 -0.017536 0.000680674
79 -18.1364 4.65168 -0.0561649 -0.017536 0.000680674
80 -18.1364 4.65168 -0.0561649 -0.017536 0.000680674
81 -18.1364 4.65168 -0.0561649 -0.017536 0.000680674
82 -18.1364 4.65168 -0.0561649 -0.017536 0.000680674
83 -18.1364 4.65168 -0.0561649 -0.017536 0.000680674
84 -18.1364 4.65168 -0.0561649 -0.017536 0.000680674
85 -18.1364 4.65168 -0.0561649 -0.017536 0.000680674
86 -18.1364 4.65168 -0.0561649 -0.017536 0.000680674
87 -18.1364 4.65168 -0.0561649 -0.017536 0.000680674
88 -18.1364 4.65168 -0.0561649 -0.017536 0.000680674
89 -18.1364 4.65168 -0.0561649 -0.017536 0.000680674
90 -18.1364 4.65168 -0.0561649 -0.017536 0.000680674
91 -18.1364 4.65168 -0.0561649 -0.017536 0.000680674
92 -18.1364 4.65168 -0.0561649 -0.017536 0.000680674
93 -18.1364 4.65168 -0.0561649 -0.017536 0.000680674
94 -18.1364 4.65168 -0.0561649 -0.017536 0.000680674
