0 -64.2208 5.63921 0.0331114 -0.016121 0.000535427
1 -64.2208 5.63921 0.0331114 -0.016121 0.000535427
2 -64.2208 5.63921 0.0331114 -0.016121 0.000535427
4 -64.2208 5.63921 0.0331114 -0.016121 0.000535427
5 -64.2208 5.63921 0.0331114 -0.016121 0.000535427
6 -64.2208 5.63921 0.0331114 -0.016121 0.000535427
8 -64.2208 5.63921 0.0331114 -0.016121 0.000535427
9 -64.2208 5.63921 0.0331114 -0.016121 0.000535427
10 -64.2208 5.63921 0.0331114 -0.016121 0.000535427
11 -64.2208 5.63921 0.0331114 -0.016121 0.000535427
13 -64.2208 5.63921 0.0331114 -0.016121 0.000535427
14 -64.2208 5.63921 0.0331114 -0.016121 0.000535427
15 -64.2208 5.63921 0.0331114 -0.016121 0.000535427
16 -64.2208 5.63921 0.0331114 -0.016121 0.000535427
17 -64.2208 5.63921 0.0331114 -0.016121 0.000535427
18 -64.2208 5.63921 0.0331114 -0.016121 0.000535427
19 -64.2208 5.63921 0.0331114 -0.016121 0.000535427
20 -64.2208 5.63921 0.0331114 -0.016121 0.000535427
22 -64.2208 5.63921 0.0331114 -0.016121 0.000535427
23 -64.2208 5.63921 0.0331114 -0.016121 0.000535427
25 -64.2208 5.63921 0.0331114 -0.016121 0.000535427
26 -64.2208 5.63921 0.0331114 -0.016121 0.000535427
30 -64.2208 5.63921 0.0331114 -0.016121 0.000535427
31 -64.2208 5.63921 0.0331114 -0.016121 0.000535427
32 -64.2208 5.63921 0.0331114 -0.016121 0.000535427
33 -64.2208 5.63921 0.0331114 -0.016121 0.000535427
34 -64.2208 5.63921 0.0331114 -0.016121 0.000535427
35 -64.2208 5.63921 0.0331114 -0.016121 0.000535427
36 -64.2208 5.63921 0.0331114 -0.016121 0.000535427
37 -64.2208 5.63921 0.0331114 -0.016121 0.000535427
38 -64.2208 5.63921 0.0331114 -0.016121 0.000535427
39 -64.2208 5.63921 0.0331114 -0.016121 0.000535427
40 -64.2208 5.63921 0.0331114 -0.016121 0.000535427
41 -64.2208 5.63921 0.0331114 -0.016121 0.000535427
42 -64.2208 5.63921 0.0331114 -0.016121 0.000535427
43 -64.2208 5.63921 0.0331114 -0.016121 0.000535427
44 -64.2208 5.63921 0.0331114 -0.016121 0.000535427
46 -64.2208 5.63921 0.0331114 -0.016121 0.000535427
47 -64.2208 5.63921 0.0331114 -0.016121 0.000535427
48 -64.2208 5.63921 0.0331114 -0.016121 0.000535427
49 -64.2208 5.63921 0.0331114 -0.016121 0.000535427
50 -64.2208 5.63921 0.0331114 -0.016121 0.000535427
51 -64.2208 5.63921 0.0331114 -0.016121 0.000535427
54 -64.2208 5.63921 0.0331114 -0.016121 0.000535427
55 -64.2208 5.63921 0.0331114 -0.016121 0.000535427
56 -64.2208 5.63921 0.0331114 -0.016121 0.000535427
58 -64.2208 5.63921 0.0331114 -0.016121 0.000535427
59 -64.2208 5.63921 0.0331114 -0.016121 0.000535427
60 -64.2208 5.63921 0.0331114 -0.016121 0.000535427
61 -64.2208 5.63921 0.0331114 -0.016121 0.000535427
62 -64.2208 5.63921 0.0331114 -0.016121 0.000535427
63 -64.2208 5.63921 0.0331114 -0.016121 0.000535427
64 -64.2208 5.63921 0.0331114 -0.016121 0.000535427
65 -64.2208 5.63921 0.0331114 -0.016121 0.000535427
66 -64.2208 5.63921 0.0331114 -0.016121 0.000535427
67 -64.2208 5.63921 0.0331114 -0.016121 0.000535427
68 -64.2208 5.63921 0.0331114 -0.016121 0.000535427
69 -64.2208 5.63921 0.0331114 -0.016121 0.000535427
70 -64.2208 5.63921 0.0331114 -0.016121 0.000535427
71 -64.2208 5.63921 0.0331114 -0.016121 0.000535427
72 -64.2208 5.63921 0.0331114 -0.016121 0.000535427
73 -64.2208 5.63921 0.0331114 -0.016121 0.000535427
74 -64.2208 5.63921 0.0331114 -0.016121 0.000535427
75 -64.2208 5.63921 0.0331114 -0.016121 0.000535427
76 -64.2208 5.63921 0.0331114 -0.016121 0.000535427
77 -64.2208 5.63921 0.0331114 -0.016121 0.000535427
78 -64.2208 5.63921 0.0331114 -0.016121 0.000535427
79 -64.2208 5.63921 0.0331114 -0.016121 0.000535427
80 -64.2208 5.63921 0.0331114 -0.016121 0.000535427
81 -64.2208 5.63921 0.0331114 -0.016121 0.000535427
82 -64.2208 5.63921 0.0331114 -0.016121 0.000535427
83 -64.2208 5.63921 0.0331114 -0.016121 0.000535427
84 -64.2208 5.63921 0.0331114 -0.016121 0.000535427
85 -64.2208 5.63921 0.0331114 -0.016121 0.000535427
86 -64.2208 5.63921 0.0331114 -0.016121 0.000535427
87 -64.2208 5.63921 0.0331114 -0.016121 0.000535427
88 -64.2208 5.63921 0.0331114 -0.016121 0.000535427
89 -64.2208 5.63921 0.0331114 -0.016121 0.000535427
90 -64.2208 5.63921 0.0331114 -0.016121 0.000535427
91 -64.2208 5.63921 0.0331114 -0.016121 0.000535427
92 -64.2208 5.63921 0.0331114 -0.016121 0.000535427
93 -64.2208 5.63921 0.0331114 -0.016121 0.000535427
94 -64.2208 5.63921 0.0331114 -0.016121 0.000535427
