1 -53.1112 6.03477 0.0386345 -0.0170083 0.000400928
2 -53.1112 6.03477 0.0386345 -0.0170083 0.000400928
4 -53.1112 6.03477 0.0386345 -0.0170083 0.000400928
5 -53.1112 6.03477 0.0386345 -0.0170083 0.000400928
6 -53.1112 6.03477 0.0386345 -0.0170083 0.000400928
7 -53.1112 6.03477 0.0386345 -0.0170083 0.000400928
11 -53.1112 6.03477 0.0386345 -0.0170083 0.000400928
13 -53.1112 6.03477 0.0386345 -0.0170083 0.000400928
18 -53.1112 6.03477 0.0386345 -0.0170083 0.000400928
64 -53.1112 6.03477 0.0386345 -0.0170083 0.000400928
69 -64.2208 5.63921 0.0331114 -0.016121 0.000535427
71 -64.2208 5.63921 0.0331114 -0.016121 0.000535427
73 -64.2208 5.63921 0.0331114 -0.016121 0.000535427
78 -64.2208 5.63921 0.0331114 -0.016121 0.000535427
80 -64.2208 5.63921 0.0331114 -0.016121 0.000535427
81 -64.2208 5.63921 0.0331114 -0.016121 0.000535427
82 -64.2208 5.63921 0.0331114 -0.016121 0.000535427
83 -64.2208 5.63921 0.0331114 -0.016121 0.000535427
87 -64.2208 5.63921 0.0331114 -0.016121 0.000535427
89 -64.2208 5.63921 0.0331114 -0.016121 0.000535427
90 -64.2208 5.63921 0.0331114 -0.016121 0.000535427
