0 -52.3151 6.08716 0.0420818 -0.0167815 0.000415857
1 -52.3151 6.08716 0.0420818 -0.0167815 0.000415857
2 -52.3151 6.08716 0.0420818 -0.0167815 0.000415857
3 -52.3151 6.08716 0.0420818 -0.0167815 0.000415857
4 -52.3151 6.08716 0.0420818 -0.0167815 0.000415857
5 -52.3151 6.08716 0.0420818 -0.0167815 0.000415857
6 -52.3151 6.08716 0.0420818 -0.0167815 0.000415857
7 -52.3151 6.08716 0.0420818 -0.0167815 0.000415857
8 -52.3151 6.08716 0.0420818 -0.0167815 0.000415857
9 -52.3151 6.08716 0.0420818 -0.0167815 0.000415857
10 -52.3151 6.08716 0.0420818 -0.0167815 0.000415857
11 -52.3151 6.08716 0.0420818 -0.0167815 0.000415857
12 -52.3151 6.08716 0.0420818 -0.0167815 0.000415857
13 -52.3151 6.08716 0.0420818 -0.0167815 0.000415857
14 -52.3151 6.08716 0.0420818 -0.0167815 0.000415857
15 -52.3151 6.08716 0.0420818 -0.0167815 0.000415857
16 -52.3151 6.08716 0.0420818 -0.0167815 0.000415857
17 -52.3151 6.08716 0.0420818 -0.0167815 0.000415857
18 -52.3151 6.08716 0.0420818 -0.0167815 0.000415857
19 -52.3151 6.08716 0.0420818 -0.0167815 0.000415857
20 -52.3151 6.08716 0.0420818 -0.0167815 0.000415857
21 -52.3151 6.08716 0.0420818 -0.0167815 0.000415857
22 -52.3151 6.08716 0.0420818 -0.0167815 0.000415857
23 -52.3151 6.08716 0.0420818 -0.0167815 0.000415857
24 -52.3151 6.08716 0.0420818 -0.0167815 0.000415857
25 -52.3151 6.08716 0.0420818 -0.0167815 0.000415857
26 -52.3151 6.08716 0.0420818 -0.0167815 0.000415857
27 -52.3151 6.08716 0.0420818 -0.0167815 0.000415857
28 -52.3151 6.08716 0.0420818 -0.0167815 0.000415857
29 -52.3151 6.08716 0.0420818 -0.0167815 0.000415857
30 -52.3151 6.08716 0.0420818 -0.0167815 0.000415857
31 -52.3151 6.08716 0.0420818 -0.0167815 0.000415857
32 -52.3151 6.08716 0.0420818 -0.0167815 0.000415857
34 -52.3151 6.08716 0.0420818 -0.0167815 0.000415857
35 -52.3151 6.08716 0.0420818 -0.0167815 0.000415857
36 -52.3151 6.08716 0.0420818 -0.0167815 0.000415857
37 -52.3151 6.08716 0.0420818 -0.0167815 0.000415857
38 -52.3151 6.08716 0.0420818 -0.0167815 0.000415857
39 -52.3151 6.08716 0.0420818 -0.0167815 0.000415857
40 -52.3151 6.08716 0.0420818 -0.0167815 0.000415857
41 -52.3151 6.08716 0.0420818 -0.0167815 0.000415857
42 -52.3151 6.08716 0.0420818 -0.0167815 0.000415857
43 -52.3151 6.08716 0.0420818 -0.0167815 0.000415857
44 -52.3151 6.08716 0.0420818 -0.0167815 0.000415857
45 -52.3151 6.08716 0.0420818 -0.0167815 0.000415857
47 -52.3151 6.08716 0.0420818 -0.0167815 0.000415857
48 -52.3151 6.08716 0.0420818 -0.0167815 0.000415857
49 -52.3151 6.08716 0.0420818 -0.0167815 0.000415857
50 -52.3151 6.08716 0.0420818 -0.0167815 0.000415857
51 -52.3151 6.08716 0.0420818 -0.0167815 0.000415857
52 -52.3151 6.08716 0.0420818 -0.0167815 0.000415857
53 -52.3151 6.08716 0.0420818 -0.0167815 0.000415857
54 -52.3151 6.08716 0.0420818 -0.0167815 0.000415857
55 -52.3151 6.08716 0.0420818 -0.0167815 0.000415857
56 -52.3151 6.08716 0.0420818 -0.0167815 0.000415857
57 -52.3151 6.08716 0.0420818 -0.0167815 0.000415857
58 -52.3151 6.08716 0.0420818 -0.0167815 0.000415857
59 -52.3151 6.08716 0.0420818 -0.0167815 0.000415857
60 -52.3151 6.08716 0.0420818 -0.0167815 0.000415857
61 -52.3151 6.08716 0.0420818 -0.0167815 0.000415857
62 -52.3151 6.08716 0.0420818 -0.0167815 0.000415857
