0 -18.6514 4.61315 -0.0589441 -0.0177314 0.000667191
1 -18.6514 4.61315 -0.0589441 -0.0177314 0.000667191
2 -18.6514 4.61315 -0.0589441 -0.0177314 0.000667191
3 -18.6514 4.61315 -0.0589441 -0.0177314 0.000667191
4 -18.6514 4.61315 -0.0589441 -0.0177314 0.000667191
5 -18.6514 4.61315 -0.0589441 -0.0177314 0.000667191
6 -18.6514 4.61315 -0.0589441 -0.0177314 0.000667191
7 -18.6514 4.61315 -0.0589441 -0.0177314 0.000667191
8 -18.6514 4.61315 -0.0589441 -0.0177314 0.000667191
9 -18.6514 4.61315 -0.0589441 -0.0177314 0.000667191
10 -18.6514 4.61315 -0.0589441 -0.0177314 0.000667191
11 -18.6514 4.61315 -0.0589441 -0.0177314 0.000667191
12 -18.6514 4.61315 -0.0589441 -0.0177314 0.000667191
13 -18.6514 4.61315 -0.0589441 -0.0177314 0.000667191
14 -18.6514 4.61315 -0.0589441 -0.0177314 0.000667191
15 -18.6514 4.61315 -0.0589441 -0.0177314 0.000667191
16 -18.6514 4.61315 -0.0589441 -0.0177314 0.000667191
17 -18.6514 4.61315 -0.0589441 -0.0177314 0.000667191
18 -18.6514 4.61315 -0.0589441 -0.0177314 0.000667191
19 -18.6514 4.61315 -0.0589441 -0.0177314 0.000667191
20 -18.6514 4.61315 -0.0589441 -0.0177314 0.000667191
21 -18.6514 4.61315 -0.0589441 -0.0177314 0.000667191
22 -18.6514 4.61315 -0.0589441 -0.0177314 0.000667191
23 -18.6514 4.61315 -0.0589441 -0.0177314 0.000667191
24 -18.6514 4.61315 -0.0589441 -0.0177314 0.000667191
25 -18.6514 4.61315 -0.0589441 -0.0177314 0.000667191
26 -18.6514 4.61315 -0.0589441 -0.0177314 0.000667191
27 -18.6514 4.61315 -0.0589441 -0.0177314 0.000667191
28 -18.6514 4.61315 -0.0589441 -0.0177314 0.000667191
29 -18.6514 4.61315 -0.0589441 -0.0177314 0.000667191
30 14.2044 3.50369 -0.174003 -0.0206377 0.00104343
31 14.2044 3.50369 -0.174003 -0.0206377 0.00104343
32 14.2044 3.50369 -0.174003 -0.0206377 0.00104343
33 14.2044 3.50369 -0.174003 -0.0206377 0.00104343
34 14.2044 3.50369 -0.174003 -0.0206377 0.00104343
35 14.2044 3.50369 -0.174003 -0.0206377 0.00104343
36 14.2044 3.50369 -0.174003 -0.0206377 0.00104343
37 14.2044 3.50369 -0.174003 -0.0206377 0.00104343
38 14.2044 3.50369 -0.174003 -0.0206377 0.00104343
39 14.2044 3.50369 -0.174003 -0.0206377 0.00104343
40 14.2044 3.50369 -0.174003 -0.0206377 0.00104343
41 14.2044 3.50369 -0.174003 -0.0206377 0.00104343
42 14.2044 3.50369 -0.174003 -0.0206377 0.00104343
43 14.2044 3.50369 -0.174003 -0.0206377 0.00104343
44 14.2044 3.50369 -0.174003 -0.0206377 0.00104343
45 14.2044 3.50369 -0.174003 -0.0206377 0.00104343
46 14.2044 3.50369 -0.174003 -0.0206377 0.00104343
47 14.2044 3.50369 -0.174003 -0.0206377 0.00104343
48 14.2044 3.50369 -0.174003 -0.0206377 0.00104343
49 14.2044 3.50369 -0.174003 -0.0206377 0.00104343
50 14.2044 3.50369 -0.174003 -0.0206377 0.00104343
51 14.2044 3.50369 -0.174003 -0.0206377 0.00104343
52 14.2044 3.50369 -0.174003 -0.0206377 0.00104343
53 14.2044 3.50369 -0.174003 -0.0206377 0.00104343
54 14.2044 3.50369 -0.174003 -0.0206377 0.00104343
55 14.2044 3.50369 -0.174003 -0.0206377 0.00104343
56 14.2044 3.50369 -0.174003 -0.0206377 0.00104343
57 14.2044 3.50369 -0.174003 -0.0206377 0.00104343
58 14.2044 3.50369 -0.174003 -0.0206377 0.00104343
59 14.2044 3.50369 -0.174003 -0.0206377 0.00104343
60 14.2044 3.50369 -0.174003 -0.0206377 0.00104343
61 14.2044 3.50369 -0.174003 -0.0206377 0.00104343
62 14.2044 3.50369 -0.174003 -0.0206377 0.00104343
63 14.2044 3.50369 -0.174003 -0.0206377 0.00104343
64 14.2044 3.50369 -0.174003 -0.0206377 0.00104343
65 14.2044 3.50369 -0.174003 -0.0206377 0.00104343
66 14.2044 3.50369 -0.174003 -0.0206377 0.00104343
67 14.2044 3.50369 -0.174003 -0.0206377 0.00104343
68 14.2044 3.50369 -0.174003 -0.0206377 0.00104343
69 14.2044 3.50369 -0.174003 -0.0206377 0.00104343
70 14.2044 3.50369 -0.174003 -0.0206377 0.00104343
71 14.2044 3.50369 -0.174003 -0.0206377 0.00104343
72 14.2044 3.50369 -0.174003 -0.0206377 0.00104343
73 14.2044 3.50369 -0.174003 -0.0206377 0.00104343
74 14.2044 3.50369 -0.174003 -0.0206377 0.00104343
75 14.2044 3.50369 -0.174003 -0.0206377 0.00104343
76 14.2044 3.50369 -0.174003 -0.0206377 0.00104343
77 14.2044 3.50369 -0.174003 -0.0206377 0.00104343
78 14.2044 3.50369 -0.174003 -0.0206377 0.00104343
79 14.2044 3.50369 -0.174003 -0.0206377 0.00104343
80 14.2044 3.50369 -0.174003 -0.0206377 0.00104343
81 14.2044 3.50369 -0.174003 -0.0206377 0.00104343
82 14.2044 3.50369 -0.174003 -0.0206377 0.00104343
83 14.2044 3.50369 -0.174003 -0.0206377 0.00104343
84 14.2044 3.50369 -0.174003 -0.0206377 0.00104343
85 14.2044 3.50369 -0.174003 -0.0206377 0.00104343
86 14.2044 3.50369 -0.174003 -0.0206377 0.00104343
87 14.2044 3.50369 -0.174003 -0.0206377 0.00104343
88 14.2044 3.50369 -0.174003 -0.0206377 0.00104343
89 14.2044 3.50369 -0.174003 -0.0206377 0.00104343
90 14.2044 3.50369 -0.174003 -0.0206377 0.00104343
91 14.2044 3.50369 -0.174003 -0.0206377 0.00104343
92 14.2044 3.50369 -0.174003 -0.0206377 0.00104343
93 14.2044 3.50369 -0.174003 -0.0206377 0.00104343
94 14.2044 3.50369 -0.174003 -0.0206377 0.00104343
