0 -52.3151 6.08716 0.0420818 -0.0167815 0.000415857
1 -52.3151 6.08716 0.0420818 -0.0167815 0.000415857
2 -52.3151 6.08716 0.0420818 -0.0167815 0.000415857
3 -52.3151 6.08716 0.0420818 -0.0167815 0.000415857
4 -52.3151 6.08716 0.0420818 -0.0167815 0.000415857
5 -52.3151 6.08716 0.0420818 -0.0167815 0.000415857
6 -52.3151 6.08716 0.0420818 -0.0167815 0.000415857
7 -52.3151 6.08716 0.0420818 -0.0167815 0.000415857
9 -52.3151 6.08716 0.0420818 -0.0167815 0.000415857
10 -52.3151 6.08716 0.0420818 -0.0167815 0.000415857
11 -52.3151 6.08716 0.0420818 -0.0167815 0.000415857
12 -52.3151 6.08716 0.0420818 -0.0167815 0.000415857
13 -52.3151 6.08716 0.0420818 -0.0167815 0.000415857
16 -52.3151 6.08716 0.0420818 -0.0167815 0.000415857
17 -52.3151 6.08716 0.0420818 -0.0167815 0.000415857
18 -52.3151 6.08716 0.0420818 -0.0167815 0.000415857
20 -52.3151 6.08716 0.0420818 -0.0167815 0.000415857
21 -52.3151 6.08716 0.0420818 -0.0167815 0.000415857
22 -52.3151 6.08716 0.0420818 -0.0167815 0.000415857
24 -52.3151 6.08716 0.0420818 -0.0167815 0.000415857
25 -52.3151 6.08716 0.0420818 -0.0167815 0.000415857
26 -52.3151 6.08716 0.0420818 -0.0167815 0.000415857
29 -52.3151 6.08716 0.0420818 -0.0167815 0.000415857
31 -52.3151 6.08716 0.0420818 -0.0167815 0.000415857
32 -52.3151 6.08716 0.0420818 -0.0167815 0.000415857
33 -52.3151 6.08716 0.0420818 -0.0167815 0.000415857
34 -52.3151 6.08716 0.0420818 -0.0167815 0.000415857
35 -52.3151 6.08716 0.0420818 -0.0167815 0.000415857
36 -52.3151 6.08716 0.0420818 -0.0167815 0.000415857
37 -52.3151 6.08716 0.0420818 -0.0167815 0.000415857
38 -52.3151 6.08716 0.0420818 -0.0167815 0.000415857
39 -52.3151 6.08716 0.0420818 -0.0167815 0.000415857
40 -52.3151 6.08716 0.0420818 -0.0167815 0.000415857
41 -52.3151 6.08716 0.0420818 -0.0167815 0.000415857
42 -52.3151 6.08716 0.0420818 -0.0167815 0.000415857
43 -52.3151 6.08716 0.0420818 -0.0167815 0.000415857
44 -52.3151 6.08716 0.0420818 -0.0167815 0.000415857
45 -52.3151 6.08716 0.0420818 -0.0167815 0.000415857
46 -52.3151 6.08716 0.0420818 -0.0167815 0.000415857
47 -52.3151 6.08716 0.0420818 -0.0167815 0.000415857
48 -52.3151 6.08716 0.0420818 -0.0167815 0.000415857
49 -52.3151 6.08716 0.0420818 -0.0167815 0.000415857
50 -52.3151 6.08716 0.0420818 -0.0167815 0.000415857
51 -52.3151 6.08716 0.0420818 -0.0167815 0.000415857
52 -52.3151 6.08716 0.0420818 -0.0167815 0.000415857
53 -52.3151 6.08716 0.0420818 -0.0167815 0.000415857
54 -52.3151 6.08716 0.0420818 -0.0167815 0.000415857
55 -52.3151 6.08716 0.0420818 -0.0167815 0.000415857
56 -52.3151 6.08716 0.0420818 -0.0167815 0.000415857
57 -52.3151 6.08716 0.0420818 -0.0167815 0.000415857
58 -52.3151 6.08716 0.0420818 -0.0167815 0.000415857
59 -52.3151 6.08716 0.0420818 -0.0167815 0.000415857
60 -52.3151 6.08716 0.0420818 -0.0167815 0.000415857
61 -52.3151 6.08716 0.0420818 -0.0167815 0.000415857
62 -52.3151 6.08716 0.0420818 -0.0167815 0.000415857
63 -52.3151 6.08716 0.0420818 -0.0167815 0.000415857
64 -52.3151 6.08716 0.0420818 -0.0167815 0.000415857
65 -52.3151 6.08716 0.0420818 -0.0167815 0.000415857
66 -52.3151 6.08716 0.0420818 -0.0167815 0.000415857
67 -52.3151 6.08716 0.0420818 -0.0167815 0.000415857
68 -52.3151 6.08716 0.0420818 -0.0167815 0.000415857
69 -52.3151 6.08716 0.0420818 -0.0167815 0.000415857
70 -52.3151 6.08716 0.0420818 -0.0167815 0.000415857
71 -52.3151 6.08716 0.0420818 -0.0167815 0.000415857
72 -52.3151 6.08716 0.0420818 -0.0167815 0.000415857
73 -52.3151 6.08716 0.0420818 -0.0167815 0.000415857
74 -52.3151 6.08716 0.0420818 -0.0167815 0.000415857
75 -52.3151 6.08716 0.0420818 -0.0167815 0.000415857
76 -52.3151 6.08716 0.0420818 -0.0167815 0.000415857
77 -52.3151 6.08716 0.0420818 -0.0167815 0.000415857
78 -52.3151 6.08716 0.0420818 -0.0167815 0.000415857
79 -52.3151 6.08716 0.0420818 -0.0167815 0.000415857
80 -52.3151 6.08716 0.0420818 -0.0167815 0.000415857
81 -52.3151 6.08716 0.0420818 -0.0167815 0.000415857
82 -52.3151 6.08716 0.0420818 -0.0167815 0.000415857
83 -52.3151 6.08716 0.0420818 -0.0167815 0.000415857
84 -52.3151 6.08716 0.0420818 -0.0167815 0.000415857
85 -52.3151 6.08716 0.0420818 -0.0167815 0.000415857
86 -52.3151 6.08716 0.0420818 -0.0167815 0.000415857
87 -52.3151 6.08716 0.0420818 -0.0167815 0.000415857
88 -52.3151 6.08716 0.0420818 -0.0167815 0.000415857
89 -52.3151 6.08716 0.0420818 -0.0167815 0.000415857
90 -52.3151 6.08716 0.0420818 -0.0167815 0.000415857
91 -52.3151 6.08716 0.0420818 -0.0167815 0.000415857
92 -52.3151 6.08716 0.0420818 -0.0167815 0.000415857
93 -52.3151 6.08716 0.0420818 -0.0167815 0.000415857
94 -52.3151 6.08716 0.0420818 -0.0167815 0.000415857
