0 -53.1112 6.03477 0.0386345 -0.0170083 0.000400928
1 -53.1112 6.03477 0.0386345 -0.0170083 0.000400928
2 -53.1112 6.03477 0.0386345 -0.0170083 0.000400928
3 -53.1112 6.03477 0.0386345 -0.0170083 0.000400928
4 -53.1112 6.03477 0.0386345 -0.0170083 0.000400928
5 -53.1112 6.03477 0.0386345 -0.0170083 0.000400928
6 -53.1112 6.03477 0.0386345 -0.0170083 0.000400928
7 -53.1112 6.03477 0.0386345 -0.0170083 0.000400928
8 -53.1112 6.03477 0.0386345 -0.0170083 0.000400928
9 -53.1112 6.03477 0.0386345 -0.0170083 0.000400928
10 -53.1112 6.03477 0.0386345 -0.0170083 0.000400928
11 -53.1112 6.03477 0.0386345 -0.0170083 0.000400928
12 -53.1112 6.03477 0.0386345 -0.0170083 0.000400928
13 -53.1112 6.03477 0.0386345 -0.0170083 0.000400928
14 -53.1112 6.03477 0.0386345 -0.0170083 0.000400928
15 -53.1112 6.03477 0.0386345 -0.0170083 0.000400928
16 -53.1112 6.03477 0.0386345 -0.0170083 0.000400928
17 -53.1112 6.03477 0.0386345 -0.0170083 0.000400928
18 -53.1112 6.03477 0.0386345 -0.0170083 0.000400928
19 -53.1112 6.03477 0.0386345 -0.0170083 0.000400928
20 -53.1112 6.03477 0.0386345 -0.0170083 0.000400928
21 -53.1112 6.03477 0.0386345 -0.0170083 0.000400928
22 -53.1112 6.03477 0.0386345 -0.0170083 0.000400928
23 -53.1112 6.03477 0.0386345 -0.0170083 0.000400928
24 -53.1112 6.03477 0.0386345 -0.0170083 0.000400928
25 -53.1112 6.03477 0.0386345 -0.0170083 0.000400928
26 -53.1112 6.03477 0.0386345 -0.0170083 0.000400928
27 -53.1112 6.03477 0.0386345 -0.0170083 0.000400928
28 -53.1112 6.03477 0.0386345 -0.0170083 0.000400928
29 -53.1112 6.03477 0.0386345 -0.0170083 0.000400928
30 -53.1112 6.03477 0.0386345 -0.0170083 0.000400928
31 -53.1112 6.03477 0.0386345 -0.0170083 0.000400928
32 -53.1112 6.03477 0.0386345 -0.0170083 0.000400928
33 -53.1112 6.03477 0.0386345 -0.0170083 0.000400928
34 -53.1112 6.03477 0.0386345 -0.0170083 0.000400928
35 -53.1112 6.03477 0.0386345 -0.0170083 0.000400928
36 -53.1112 6.03477 0.0386345 -0.0170083 0.000400928
37 -53.1112 6.03477 0.0386345 -0.0170083 0.000400928
38 -53.1112 6.03477 0.0386345 -0.0170083 0.000400928
39 -53.1112 6.03477 0.0386345 -0.0170083 0.000400928
41 -53.1112 6.03477 0.0386345 -0.0170083 0.000400928
42 -53.1112 6.03477 0.0386345 -0.0170083 0.000400928
43 -53.1112 6.03477 0.0386345 -0.0170083 0.000400928
44 -53.1112 6.03477 0.0386345 -0.0170083 0.000400928
46 -53.1112 6.03477 0.0386345 -0.0170083 0.000400928
47 -53.1112 6.03477 0.0386345 -0.0170083 0.000400928
48 -53.1112 6.03477 0.0386345 -0.0170083 0.000400928
49 -53.1112 6.03477 0.0386345 -0.0170083 0.000400928
51 -53.1112 6.03477 0.0386345 -0.0170083 0.000400928
53 -53.1112 6.03477 0.0386345 -0.0170083 0.000400928
54 -53.1112 6.03477 0.0386345 -0.0170083 0.000400928
56 -53.1112 6.03477 0.0386345 -0.0170083 0.000400928
57 -53.1112 6.03477 0.0386345 -0.0170083 0.000400928
58 -53.1112 6.03477 0.0386345 -0.0170083 0.000400928
59 -53.1112 6.03477 0.0386345 -0.0170083 0.000400928
60 -53.1112 6.03477 0.0386345 -0.0170083 0.000400928
61 -53.1112 6.03477 0.0386345 -0.0170083 0.000400928
62 -53.1112 6.03477 0.0386345 -0.0170083 0.000400928
63 -53.1112 6.03477 0.0386345 -0.0170083 0.000400928
64 -53.1112 6.03477 0.0386345 -0.0170083 0.000400928
65 -53.1112 6.03477 0.0386345 -0.0170083 0.000400928
66 -53.1112 6.03477 0.0386345 -0.0170083 0.000400928
67 -53.1112 6.03477 0.0386345 -0.0170083 0.000400928
68 -53.1112 6.03477 0.0386345 -0.0170083 0.000400928
69 -53.1112 6.03477 0.0386345 -0.0170083 0.000400928
70 -53.1112 6.03477 0.0386345 -0.0170083 0.000400928
71 -53.1112 6.03477 0.0386345 -0.0170083 0.000400928
72 -53.1112 6.03477 0.0386345 -0.0170083 0.000400928
73 -53.1112 6.03477 0.0386345 -0.0170083 0.000400928
74 -53.1112 6.03477 0.0386345 -0.0170083 0.000400928
75 -53.1112 6.03477 0.0386345 -0.0170083 0.000400928
76 -53.1112 6.03477 0.0386345 -0.0170083 0.000400928
77 -53.1112 6.03477 0.0386345 -0.0170083 0.000400928
78 -53.1112 6.03477 0.0386345 -0.0170083 0.000400928
79 -53.1112 6.03477 0.0386345 -0.0170083 0.000400928
80 -53.1112 6.03477 0.0386345 -0.0170083 0.000400928
81 -53.1112 6.03477 0.0386345 -0.0170083 0.000400928
82 -53.1112 6.03477 0.0386345 -0.0170083 0.000400928
83 -53.1112 6.03477 0.0386345 -0.0170083 0.000400928
84 -53.1112 6.03477 0.0386345 -0.0170083 0.000400928
85 -53.1112 6.03477 0.0386345 -0.0170083 0.000400928
86 -53.1112 6.03477 0.0386345 -0.0170083 0.000400928
87 -53.1112 6.03477 0.0386345 -0.0170083 0.000400928
88 -53.1112 6.03477 0.0386345 -0.0170083 0.000400928
89 -53.1112 6.03477 0.0386345 -0.0170083 0.000400928
90 -53.1112 6.03477 0.0386345 -0.0170083 0.000400928
91 -53.1112 6.03477 0.0386345 -0.0170083 0.000400928
92 -53.1112 6.03477 0.0386345 -0.0170083 0.000400928
93 -53.1112 6.03477 0.0386345 -0.0170083 0.000400928
94 -53.1112 6.03477 0.0386345 -0.0170083 0.000400928
