0 -52.3151 6.08716 0.0420818 -0.0167815 0.000415857
1 -53.1112 6.03477 0.0386345 -0.0170083 0.000400928
2 -53.1112 6.03477 0.0386345 -0.0170083 0.000400928
4 -53.1112 6.03477 0.0386345 -0.0170083 0.000400928
5 -53.1112 6.03477 0.0386345 -0.0170083 0.000400928
6 -53.1112 6.03477 0.0386345 -0.0170083 0.000400928
7 -53.1112 6.03477 0.0386345 -0.0170083 0.000400928
32 -53.1112 6.03477 0.0386345 -0.0170083 0.000400928
33 -53.1112 6.03477 0.0386345 -0.0170083 0.000400928
34 -53.1112 6.03477 0.0386345 -0.0170083 0.000400928
35 -53.1112 6.03477 0.0386345 -0.0170083 0.000400928
36 -53.1112 6.03477 0.0386345 -0.0170083 0.000400928
37 -53.1112 6.03477 0.0386345 -0.0170083 0.000400928
38 -53.1112 6.03477 0.0386345 -0.0170083 0.000400928
