0 -18.1364 4.65168 -0.0561649 -0.017536 0.000680674
1 -18.1364 4.65168 -0.0561649 -0.017536 0.000680674
2 -18.1364 4.65168 -0.0561649 -0.017536 0.000680674
3 -18.1364 4.65168 -0.0561649 -0.017536 0.000680674
4 -18.1364 4.65168 -0.0561649 -0.017536 0.000680674
5 -18.1364 4.65168 -0.0561649 -0.017536 0.000680674
6 -18.1364 4.65168 -0.0561649 -0.017536 0.000680674
7 -18.1364 4.65168 -0.0561649 -0.017536 0.000680674
8 -18.1364 4.65168 -0.0561649 -0.017536 0.000680674
9 -18.1364 4.65168 -0.0561649 -0.017536 0.000680674
10 -18.1364 4.65168 -0.0561649 -0.017536 0.000680674
11 -18.1364 4.65168 -0.0561649 -0.017536 0.000680674
12 -18.1364 4.65168 -0.0561649 -0.017536 0.000680674
14 -18.1364 4.65168 -0.0561649 -0.017536 0.000680674
15 -18.1364 4.65168 -0.0561649 -0.017536 0.000680674
16 -18.1364 4.65168 -0.0561649 -0.017536 0.000680674
17 -18.1364 4.65168 -0.0561649 -0.017536 0.000680674
18 -18.1364 4.65168 -0.0561649 -0.017536 0.000680674
19 -18.1364 4.65168 -0.0561649 -0.017536 0.000680674
20 -18.1364 4.65168 -0.0561649 -0.017536 0.000680674
22 -18.1364 4.65168 -0.0561649 -0.017536 0.000680674
23 -18.1364 4.65168 -0.0561649 -0.017536 0.000680674
24 -18.1364 4.65168 -0.0561649 -0.017536 0.000680674
25 -18.1364 4.65168 -0.0561649 -0.017536 0.000680674
26 -18.1364 4.65168 -0.0561649 -0.017536 0.000680674
27 -18.1364 4.65168 -0.0561649 -0.017536 0.000680674
28 -18.1364 4.65168 -0.0561649 -0.017536 0.000680674
29 -18.1364 4.65168 -0.0561649 -0.017536 0.000680674
30 -18.1364 4.65168 -0.0561649 -0.017536 0.000680674
31 -18.1364 4.65168 -0.0561649 -0.017536 0.000680674
32 -18.1364 4.65168 -0.0561649 -0.017536 0.000680674
33 -18.1364 4.65168 -0.0561649 -0.017536 0.000680674
34 -18.1364 4.65168 -0.0561649 -0.017536 0.000680674
35 -18.1364 4.65168 -0.0561649 -0.017536 0.000680674
36 -18.1364 4.65168 -0.0561649 -0.017536 0.000680674
37 -18.1364 4.65168 -0.0561649 -0.017536 0.000680674
38 -18.1364 4.65168 -0.0561649 -0.017536 0.000680674
39 -18.1364 4.65168 -0.0561649 -0.017536 0.000680674
40 -18.1364 4.65168 -0.0561649 -0.017536 0.000680674
41 -18.1364 4.65168 -0.0561649 -0.017536 0.000680674
42 -18.1364 4.65168 -0.0561649 -0.017536 0.000680674
44 -18.1364 4.65168 -0.0561649 -0.017536 0.000680674
45 -18.1364 4.65168 -0.0561649 -0.017536 0.000680674
46 -18.1364 4.65168 -0.0561649 -0.017536 0.000680674
48 -18.1364 4.65168 -0.0561649 -0.017536 0.000680674
49 -18.1364 4.65168 -0.0561649 -0.017536 0.000680674
50 -18.1364 4.65168 -0.0561649 -0.017536 0.000680674
51 -18.1364 4.65168 -0.0561649 -0.017536 0.000680674
52 -18.1364 4.65168 -0.0561649 -0.017536 0.000680674
53 -18.1364 4.65168 -0.0561649 -0.017536 0.000680674
54 -18.1364 4.65168 -0.0561649 -0.017536 0.000680674
55 -18.1364 4.65168 -0.0561649 -0.017536 0.000680674
56 -18.1364 4.65168 -0.0561649 -0.017536 0.000680674
57 -18.1364 4.65168 -0.0561649 -0.017536 0.000680674
58 -18.1364 4.65168 -0.0561649 -0.017536 0.000680674
59 -18.1364 4.65168 -0.0561649 -0.017536 0.000680674
60 -18.1364 4.65168 -0.0561649 -0.017536 0.000680674
61 -18.1364 4.65168 -0.0561649 -0.017536 0.000680674
62 -18.1364 4.65168 -0.0561649 -0.017536 0.000680674
63 -18.1364 4.65168 -0.0561649 -0.017536 0.000680674
64 -18.1364 4.65168 -0.0561649 -0.017536 0.000680674
65 -18.1364 4.65168 -0.0561649 -0.017536 0.000680674
66 -18.1364 4.65168 -0.0561649 -0.017536 0.000680674
67 -18.1364 4.65168 -0.0561649 -0.017536 0.000680674
68 -18.1364 4.65168 -0.0561649 -0.017536 0.000680674
69 -18.1364 4.65168 -0.0561649 -0.017536 0.000680674
70 -19.55 4.5643 -0.0615668 -0.0178699 0.00066003
71 -19.55 4.5643 -0.0615668 -0.0178699 0.00066003
72 -19.55 4.5643 -0.0615668 -0.0178699 0.00066003
73 -19.55 4.5643 -0.0615668 -0.0178699 0.00066003
74 -17.9072 4.66004 -0.055986 -0.0175447 0.000678989
75 -17.9072 4.66004 -0.055986 -0.0175447 0.000678989
76 -17.9072 4.66004 -0.055986 -0.0175447 0.000678989
77 -17.9072 4.66004 -0.055986 -0.0175447 0.000678989
78 -17.9072 4.66004 -0.055986 -0.0175447 0.000678989
79 -17.9072 4.66004 -0.055986 -0.0175447 0.000678989
80 -18.4271 4.62791 -0.0579726 -0.0176675 0.000671398
81 -18.4271 4.62791 -0.0579726 -0.0176675 0.000671398
82 -18.4271 4.62791 -0.0579726 -0.0176675 0.000671398
83 -18.4271 4.62791 -0.0579726 -0.0176675 0.000671398
84 -18.4271 4.62791 -0.0579726 -0.0176675 0.000671398
85 -18.4271 4.62791 -0.0579726 -0.0176675 0.000671398
86 -18.6514 4.61315 -0.0589441 -0.0177314 0.000667191
87 -18.6514 4.61315 -0.0589441 -0.0177314 0.000667191
88 -18.6514 4.61315 -0.0589441 -0.0177314 0.000667191
89 -18.6514 4.61315 -0.0589441 -0.0177314 0.000667191
90 -18.6514 4.61315 -0.0589441 -0.0177314 0.000667191
91 -18.6514 4.61315 -0.0589441 -0.0177314 0.000667191
92 -18.6514 4.61315 -0.0589441 -0.0177314 0.000667191
93 -18.6514 4.61315 -0.0589441 -0.0177314 0.000667191
94 -18.6514 4.61315 -0.0589441 -0.0177314 0.000667191
