2 83.7187 -2.3171 -0.259227 -0.00672377 0.000907964
3 83.7187 -2.3171 -0.259227 -0.00672377 0.000907964
5 83.7187 -2.3171 -0.259227 -0.00672377 0.000907964
17 83.7187 -2.3171 -0.259227 -0.00672377 0.000907964
18 83.7187 -2.3171 -0.259227 -0.00672377 0.000907964
32 83.7187 -2.3171 -0.259227 -0.00672377 0.000907964
33 83.7187 -2.3171 -0.259227 -0.00672377 0.000907964
34 83.7187 -2.3171 -0.259227 -0.00672377 0.000907964
35 83.7187 -2.3171 -0.259227 -0.00672377 0.000907964
36 83.7187 -2.3171 -0.259227 -0.00672377 0.000907964
37 83.7187 -2.3171 -0.259227 -0.00672377 0.000907964
38 83.7187 -2.3171 -0.259227 -0.00672377 0.000907964
39 83.7187 -2.3171 -0.259227 -0.00672377 0.000907964
40 83.7187 -2.3171 -0.259227 -0.00672377 0.000907964
41 83.7187 -2.3171 -0.259227 -0.00672377 0.000907964
42 83.7187 -2.3171 -0.259227 -0.00672377 0.000907964
43 83.7187 -2.3171 -0.259227 -0.00672377 0.000907964
44 83.7187 -2.3171 -0.259227 -0.00672377 0.000907964
45 83.7187 -2.3171 -0.259227 -0.00672377 0.000907964
46 83.7187 -2.3171 -0.259227 -0.00672377 0.000907964
47 83.7187 -2.3171 -0.259227 -0.00672377 0.000907964
48 83.7187 -2.3171 -0.259227 -0.00672377 0.000907964
49 83.7187 -2.3171 -0.259227 -0.00672377 0.000907964
50 83.7187 -2.3171 -0.259227 -0.00672377 0.000907964
51 83.7187 -2.3171 -0.259227 -0.00672377 0.000907964
52 83.7187 -2.3171 -0.259227 -0.00672377 0.000907964
53 83.7187 -2.3171 -0.259227 -0.00672377 0.000907964
54 83.7187 -2.3171 -0.259227 -0.00672377 0.000907964
55 83.7187 -2.3171 -0.259227 -0.00672377 0.000907964
56 83.7187 -2.3171 -0.259227 -0.00672377 0.000907964
57 83.7187 -2.3171 -0.259227 -0.00672377 0.000907964
58 83.7187 -2.3171 -0.259227 -0.00672377 0.000907964
59 83.7187 -2.3171 -0.259227 -0.00672377 0.000907964
60 83.7187 -2.3171 -0.259227 -0.00672377 0.000907964
61 83.7187 -2.3171 -0.259227 -0.00672377 0.000907964
62 83.7187 -2.3171 -0.259227 -0.00672377 0.000907964
63 83.7187 -2.3171 -0.259227 -0.00672377 0.000907964
64 83.7187 -2.3171 -0.259227 -0.00672377 0.000907964
65 83.7187 -2.3171 -0.259227 -0.00672377 0.000907964
66 83.7187 -2.3171 -0.259227 -0.00672377 0.000907964
67 83.7187 -2.3171 -0.259227 -0.00672377 0.000907964
68 83.7187 -2.3171 -0.259227 -0.00672377 0.000907964
69 83.7187 -2.3171 -0.259227 -0.00672377 0.000907964
70 83.7187 -2.3171 -0.259227 -0.00672377 0.000907964
71 83.7187 -2.3171 -0.259227 -0.00672377 0.000907964
72 83.7187 -2.3171 -0.259227 -0.00672377 0.000907964
73 83.7187 -2.3171 -0.259227 -0.00672377 0.000907964
74 83.7187 -2.3171 -0.259227 -0.00672377 0.000907964
75 83.7187 -2.3171 -0.259227 -0.00672377 0.000907964
76 83.7187 -2.3171 -0.259227 -0.00672377 0.000907964
77 83.7187 -2.3171 -0.259227 -0.00672377 0.000907964
78 83.7187 -2.3171 -0.259227 -0.00672377 0.000907964
79 83.7187 -2.3171 -0.259227 -0.00672377 0.000907964
80 83.7187 -2.3171 -0.259227 -0.00672377 0.000907964
81 83.7187 -2.3171 -0.259227 -0.00672377 0.000907964
82 83.7187 -2.3171 -0.259227 -0.00672377 0.000907964
83 83.7187 -2.3171 -0.259227 -0.00672377 0.000907964
84 83.7187 -2.3171 -0.259227 -0.00672377 0.000907964
85 83.7187 -2.3171 -0.259227 -0.00672377 0.000907964
86 83.7187 -2.3171 -0.259227 -0.00672377 0.000907964
87 83.7187 -2.3171 -0.259227 -0.00672377 0.000907964
88 83.7187 -2.3171 -0.259227 -0.00672377 0.000907964
89 83.7187 -2.3171 -0.259227 -0.00672377 0.000907964
90 83.7187 -2.3171 -0.259227 -0.00672377 0.000907964
91 83.7187 -2.3171 -0.259227 -0.00672377 0.000907964
92 83.7187 -2.3171 -0.259227 -0.00672377 0.000907964
93 83.7187 -2.3171 -0.259227 -0.00672377 0.000907964
94 83.7187 -2.3171 -0.259227 -0.00672377 0.000907964
