0 171.082 -40.6846 4.67002 -0.209145 0.0035159
1 115.469 -20.9779 2.10303 -0.0663417 0.000670377
2 175.707 -43.0302 4.91252 -0.219363 0.00368081
3 133.013 -26.8789 2.9155 -0.117409 0.00183237
4 175.543 -38.7947 4.04555 -0.157436 0.00221067
5 190.078 -47.4225 5.61998 -0.268764 0.00486186
6 139.113 -28.7792 3.11515 -0.126245 0.00194617
7 148.248 -32.8527 3.67903 -0.156639 0.00253214
8 110.545 -17.3846 1.68746 -0.0515555 0.000530025
9 116.107 -23.3396 2.62576 -0.108465 0.00174016
10 170.36 -41.6775 4.84402 -0.220299 0.00372937
11 186.071 -40.5462 4.09125 -0.152986 0.00202293
12 135.016 -25.7611 2.52777 -0.0840169 0.000931994
13 155.698 -32.7208 3.4642 -0.138787 0.00211483
14 190.126 -44.112 4.89826 -0.215616 0.00355448
15 208.708 -50.1853 5.55044 -0.243208 0.00394939
16 169.072 -39.6288 4.58198 -0.209579 0.00360593
17 99.9382 -12.4771 0.974306 -0.012858 -0.000151909
18 132.161 -25.2917 2.61212 -0.0992651 0.00146507
19 175.784 -42.5654 4.96854 -0.228497 0.00389932
20 65.2361 1.13222 -0.962444 0.100407 -0.00246424
21 163.431 -34.8245 3.79359 -0.159116 0.00250466
22 127.531 -26.5182 3.17112 -0.145275 0.00255111
23 125.451 -24.5466 2.75491 -0.116351 0.00192126
24 148.705 -34.0293 4.01217 -0.182322 0.00310794
25 149.943 -30.0457 3.14224 -0.123334 0.00182019
26 186.374 -42.8925 4.82902 -0.216365 0.00365362
27 165.39 -30.5653 2.83618 -0.0961068 0.00122381
28 135.985 -26.2865 2.78556 -0.110372 0.00170111
29 139.723 -31.8752 3.69791 -0.164347 0.00277545
30 171.444 -43.9004 5.45038 -0.271373 0.00506702
31 183.259 -45.8668 5.4994 -0.262738 0.00465904
32 117.137 -20.9199 2.20167 -0.0838466 0.00128339
33 185.787 -45.7613 5.26749 -0.242118 0.00419172
34 141.787 -30.5506 3.39883 -0.146505 0.00247828
35 164.57 -35.4975 3.80778 -0.157577 0.00245555
36 144.131 -29.7476 3.23747 -0.135807 0.00221003
37 146.004 -31.049 3.29906 -0.130997 0.00196441
38 198.879 -49.6136 5.83371 -0.278917 0.00503509
39 263.319 -65.8047 7.06122 -0.304772 0.00487086
40 203.66 -52.2862 6.08954 -0.283698 0.00490707
41 131.45 -20.743 1.85325 -0.0557395 0.000623626
42 213.393 -54.4165 6.27349 -0.290058 0.00496745
43 135.01 -26.3665 2.68574 -0.101576 0.0015114
44 168.216 -36.2866 3.78139 -0.147754 0.0021126
45 157.05 -30.5957 2.99248 -0.104429 0.00125955
46 164.677 -35.2046 3.78209 -0.157289 0.00247237
47 177.431 -40.4733 4.43002 -0.19527 0.00331308
48 169.854 -39.7428 4.64951 -0.218411 0.00388092
49 121.553 -19.1954 1.67125 -0.0429994 0.000295838
50 183.488 -45.4448 5.35148 -0.253181 0.00451518
51 91.8297 -4.72804 -0.515238 0.0861039 -0.00231818
52 203.981 -49.9993 5.62896 -0.254292 0.00428267
53 144.507 -23.6003 1.9162 -0.0443781 0.000177101
54 160.22 -36.2476 4.209 -0.196709 0.00353404
55 155.554 -33.1657 3.56044 -0.148078 0.00236053
56 193.743 -43.3997 4.53042 -0.185513 0.00283766
57 180.183 -37.0882 3.74256 -0.147023 0.00221314
58 117.209 -17.8301 1.5137 -0.0331156 5.14562e-05
59 138.217 -25.3732 2.55341 -0.0931937 0.00128745
60 182.431 -41.677 4.67632 -0.210589 0.00359853
61 211.998 -50.0959 5.36623 -0.226138 0.00351559
62 235.952 -56.5862 6.04888 -0.257998 0.00404277
63 168.589 -37.673 4.03534 -0.166387 0.0025413
64 189.119 -50.0171 5.64314 -0.249434 0.00405952
65 112.29 -24.0756 2.5851 -0.100008 0.00149355
66 161.193 -41.0915 4.53582 -0.187856 0.00283165
67 105.108 -19.2791 1.6845 -0.0375636 6.13806e-05
68 197.504 -51.4778 5.7756 -0.254531 0.00415172
69 115.406 -27.3067 2.98899 -0.116594 0.0016864
70 122.299 -27.3779 2.98202 -0.116497 0.00167174
71 153.022 -38.2742 4.23719 -0.17704 0.00272437
72 153.26 -37.9286 4.21649 -0.178727 0.00280929
73 80.8394 -12.4498 1.10543 -0.021186 5.65422e-06
74 91.9965 -16.8722 1.57445 -0.036684 8.96261e-05
75 118.241 -26.6345 3.0478 -0.130118 0.00213415
76 165.529 -40.9253 4.51039 -0.191323 0.00302276
77 106.74 -21.4353 2.32768 -0.0915732 0.00142865
78 150.968 -37.4535 4.27774 -0.188177 0.00309143
79 207.213 -57.2193 6.75127 -0.32112 0.00568298
80 229.661 -61.9956 6.92109 -0.306874 0.00498929
81 209.934 -53.5392 5.60948 -0.22937 0.0034708
82 138.242 -30.8624 3.29272 -0.132596 0.00204262
83 159.213 -39.6401 4.42855 -0.19368 0.00322422
84 163.851 -40.3404 4.44471 -0.191674 0.00313472
85 185.676 -46.5898 5.13008 -0.219403 0.00346252
86 157.634 -41.5272 4.87339 -0.219276 0.00364205
87 171.668 -41.8149 4.59953 -0.19655 0.00315784
88 149.297 -35.5422 3.85312 -0.158101 0.00244778
89 256.898 -71.2058 8.07551 -0.369449 0.00625024
90 225.926 -60.7937 6.82234 -0.306068 0.00509457
91 202.06 -54.2569 6.14268 -0.274091 0.00452851
92 172.914 -45.8332 5.40312 -0.252956 0.00444887
93 96.1167 -20.5805 2.33373 -0.0903603 0.00132472
94 121.947 -30.2901 3.66733 -0.16761 0.00290415
