0 92.2779 -16.7738 1.78487 -0.0605185 0.000771983
1 106.287 -21.2049 2.40497 -0.0980272 0.0015598
2 89.7391 -16.1869 1.68197 -0.0526207 0.000562315
3 75.2758 -11.3543 1.11206 -0.027339 0.000194556
4 174.053 -46.172 5.5752 -0.266245 0.00473826
5 106.263 -19.532 1.98971 -0.067426 0.00085048
6 92.449 -12.3809 0.757457 0.0134183 -0.000892676
7 53.0959 -0.428635 -0.496235 0.0687266 -0.00180211
8 129.825 -27.2112 2.94334 -0.118894 0.00185379
9 151.67 -35.1981 4.01964 -0.178684 0.00302092
10 84.5715 -8.11145 0.203605 0.0411849 -0.001417
11 74.0158 -10.8515 1.05003 -0.0244472 0.000173034
12 92.802 -16.2933 1.5326 -0.0375111 0.000173727
13 117.48 -23.6411 2.37556 -0.0786094 0.000880828
14 68.0605 -1.3916 -0.756896 0.0958693 -0.00246015
15 82.0509 -10.2527 0.673792 0.00858628 -0.000680842
16 112.835 -21.2679 2.14958 -0.071689 0.000848347
17 106.367 -21.4869 2.44881 -0.102837 0.00172848
18 136.927 -27.7208 2.59641 -0.0801661 0.000788194
19 141.051 -27.2172 2.57237 -0.0822971 0.000893947
20 106.556 -20.3468 2.16117 -0.0818882 0.00124648
21 85.6441 -11.05 0.786926 0.00263929 -0.000589392
22 157.455 -38.6874 4.45751 -0.200517 0.00339325
23 166.635 -38.9917 4.05739 -0.161631 0.00244019
24 122.385 -24.6229 2.48905 -0.0857143 0.00103194
25 150.677 -36.0011 4.0538 -0.175074 0.00284523
26 118.077 -24.5726 2.85251 -0.124403 0.00210059
27 123.973 -26.6552 2.91277 -0.116736 0.00177492
28 101.455 -17.8422 1.76554 -0.0567508 0.000690739
29 185.663 -46.0672 5.189 -0.23133 0.003829
30 132.606 -31.6816 3.77057 -0.174661 0.00311961
31 137.207 -30.9256 3.38875 -0.137596 0.00209026
32 124.412 -30.6926 3.40463 -0.137908 0.00210311
33 158.129 -38.9166 4.27566 -0.178033 0.00273245
34 383.785 -111.948 12.5232 -0.57294 0.00959983
35 186.947 -51.7218 5.98413 -0.271126 0.00454829
36 213.639 -56.2516 6.0384 -0.25592 0.00407783
37 247.846 -70.2567 8.15884 -0.384404 0.0067233
38 147.713 -39.2075 4.45134 -0.188255 0.0029194
39 48.1764 -6.47864 0.735829 -0.0115588 -7.77474e-05
40 198.596 -49.2629 4.97223 -0.189518 0.00262071
41 153.984 -42.2469 4.9075 -0.217629 0.0035783
42 89.3246 -21.9833 2.70709 -0.115396 0.00185401
43 290.66 -79.9154 8.66427 -0.3783 0.00607591
44 84.8176 -13.3698 0.992457 0.00100085 -0.000740813
45 66.7501 -13.1122 1.43004 -0.0392401 0.000262156
46 226.495 -60.2325 6.53397 -0.281297 0.00449597
47 130.694 -26.7291 2.40718 -0.0679693 0.000558526
48 251.394 -74.4607 8.72168 -0.408347 0.00699688
49 155.363 -39.1328 4.33132 -0.18392 0.00295071
50 100.012 -26.0112 3.12069 -0.134408 0.00217234
51 62.4492 -11.3945 1.12555 -0.0210081 -7.15345e-05
52 232.499 -64.528 7.34798 -0.333785 0.0055844
53 149.843 -35.9286 3.86668 -0.155548 0.00234487
54 236.844 -64.2322 7.17631 -0.322636 0.00539429
55 121.865 -28.088 3.07038 -0.119253 0.0017229
56 265.832 -81.6238 9.97488 -0.493411 0.00892909
57 183.562 -40.1121 3.63281 -0.113698 0.00112553
58 131.027 -34.3228 4.05066 -0.180894 0.00305089
59 -5.36571 9.90971 -1.1299 0.0804382 -0.00173691
60 207.434 -60.4537 7.08869 -0.327559 0.00555915
61 193.315 -54.3902 6.32137 -0.288314 0.00486189
62 293.132 -76.8246 7.93973 -0.327989 0.00496378
63 182.748 -52.2275 6.39227 -0.309103 0.00550682
64 90.802 -13.9353 1.18065 -0.0186654 -0.000167069
65 83.4917 -12.5998 1.16034 -0.0237325 2.44086e-05
66 117.904 -25.9442 2.91849 -0.119783 0.00186723
67 113.16 -25.1055 2.91379 -0.121918 0.00191158
68 131.55 -29.9346 3.48417 -0.156423 0.00268572
69 157.221 -42.9369 5.15274 -0.238483 0.00410842
70 142.672 -34.8536 4.26416 -0.204724 0.00374367
71 199.65 -55.3036 6.39024 -0.286568 0.00470573
72 118.81 -22.9125 2.19685 -0.0658957 0.000612349
73 150.811 -34.0209 3.66822 -0.148582 0.00228089
74 155.171 -38.7579 4.37574 -0.18777 0.00299998
75 186.959 -48.5395 5.68738 -0.266547 0.004674
76 118.11 -22.6423 2.19301 -0.0690323 0.000758318
77 131.751 -30.5119 3.46765 -0.148846 0.00241619
78 146.809 -36.6339 4.42903 -0.207571 0.00366463
79 92.2991 -20.0116 2.38963 -0.0989576 0.00158786
80 109.135 -21.1031 2.06351 -0.0645901 0.000691291
81 98.2461 -19.48 2.13082 -0.0775694 0.00104227
82 99.6477 -19.4943 2.09347 -0.0791171 0.00120104
83 117.3 -26.4586 3.16777 -0.145452 0.00262643
84 85.1007 -15.2333 1.59804 -0.0529179 0.000699362
85 82.7756 -11.3264 0.829556 0.0031386 -0.000632649
86 124.176 -27.7316 3.13015 -0.129776 0.00204186
87 110.25 -22.664 2.44269 -0.0901209 0.00122344
88 165.895 -43.149 5.05233 -0.232705 0.00404214
89 161.932 -42.1609 5.04633 -0.235506 0.0041091
90 160.881 -44.2169 5.47547 -0.265537 0.00478299
91 117.282 -26.1502 3.04826 -0.128681 0.00206236
92 126.363 -27.7469 3.05535 -0.124009 0.00194516
93 115.84 -24.2093 2.68189 -0.1072 0.00166008
94 110.979 -23.3708 2.65886 -0.11031 0.00180135
