0 67.4767 -2.47395 -0.16066 0.0367455 -0.000924324
1 85.5774 -9.15598 0.741364 -0.015598 0.00018348
2 123.264 -19.9104 1.86625 -0.065368 0.000952806
3 93.8352 -13.5678 1.43342 -0.0597963 0.00112591
4 114.443 -20.8727 2.217 -0.0926455 0.00157433
5 70.3554 -5.50377 0.437833 -0.00726443 0.000134092
6 91.4358 -9.20077 0.430021 0.0183074 -0.000818052
7 80.4766 -8.92866 0.764147 -0.0204924 0.000335955
8 119.625 -17.8564 1.5952 -0.0507581 0.000666291
9 152.446 -30.0971 3.17534 -0.137878 0.00241073
10 69.7544 0.0465858 -0.841674 0.0898558 -0.00221709
11 100.043 -15.9475 1.62602 -0.0631704 0.00105462
12 80.8807 -6.22172 0.123361 0.0293372 -0.000890695
13 132.867 -26.5345 2.85765 -0.125099 0.00224096
14 88.1526 -9.289 0.493883 0.0137846 -0.000720774
15 85.8428 -7.851 0.256748 0.0263013 -0.000892279
16 123.749 -21.3992 2.18802 -0.0886854 0.00151425
17 131.052 -26.7594 3.16378 -0.158221 0.00316571
18 100.378 -16.1976 1.63122 -0.0615521 0.00100269
19 135.933 -26.2026 2.90886 -0.134674 0.00252914
20 89.9446 -8.46629 0.47264 0.00439943 -0.000264133
21 69.8382 -1.456 -0.476515 0.061834 -0.0015647
22 117.76 -20.4018 2.06653 -0.0790224 0.00121723
23 151.189 -33.1622 3.94053 -0.197096 0.00385595
24 146.559 -31.5253 3.67578 -0.180853 0.00347808
25 176.377 -41.142 4.73379 -0.227488 0.00418945
26 156.14 -36.4811 4.50303 -0.232603 0.00457805
27 118.093 -20.2769 2.06266 -0.0801307 0.0012006
28 71.3482 -2.84823 -0.100639 0.0301641 -0.000734673
29 53.979 2.99389 -0.979293 0.0889792 -0.00210931
30 109.955 -18.7458 1.95958 -0.0827611 0.00159407
31 90.6858 -9.20766 0.675295 -0.0115136 0.000153614
32 126.062 -28.3774 3.26274 -0.152569 0.00282874
33 52.6715 -3.28624 0.0350775 0.0282409 -0.000842869
34 141.585 -38.366 4.94071 -0.257294 0.00499561
35 142.45 -31.7413 3.44518 -0.150438 0.00258576
36 94.8592 -16.5887 1.74067 -0.0711818 0.00129431
37 54.7199 -4.58889 0.311551 0.00628998 -0.000281905
38 113.875 -23.6824 2.51762 -0.101732 0.0015981
39 99.4392 -17.1172 1.66247 -0.0587842 0.000880582
40 58.5664 -3.7891 -0.0215141 0.0341653 -0.000953542
41 81.8978 -12.0394 0.994572 -0.0196241 5.76515e-05
42 87.7148 -13.6224 1.10766 -0.0169356 -0.000176721
43 147.54 -39.3039 4.92747 -0.254185 0.00497029
44 50.458 -1.35362 -0.213856 0.0393002 -0.00100217
45 91.6503 -18.3816 2.10283 -0.0914722 0.00159717
46 94.9764 -15.9236 1.43078 -0.0405903 0.000453395
47 95.2289 -21.9598 2.78697 -0.14008 0.00278191
48 93.5916 -17.6101 1.80746 -0.0674262 0.00105659
49 96.7163 -18.8779 2.23874 -0.104993 0.0020025
50 85.1268 -14.623 1.60721 -0.0669194 0.00119667
51 92.2525 -15.8739 1.60104 -0.0603885 0.00101332
52 92.1422 -20.4803 2.63122 -0.132532 0.00260372
53 85.4536 -14.3264 1.56139 -0.0652988 0.00121308
54 111.33 -21.4757 2.3314 -0.100233 0.00174029
55 82.236 -13.8115 1.5935 -0.0692973 0.00127676
56 131.511 -31.0605 3.63344 -0.172788 0.00317901
57 80.0387 -12.6539 1.41309 -0.0567342 0.000963004
58 101.044 -23.8668 3.16706 -0.164362 0.00320731
59 76.6467 -15.1707 1.95616 -0.0945489 0.00182909
60 61.8026 -5.57963 0.409425 0.000620082 -0.000182021
61 47.129 -3.38769 0.392458 -0.00860724 0.000146295
62 142.568 -37.1091 4.44486 -0.212364 0.00382534
63 99.2142 -20.6415 2.492 -0.117044 0.00216551
