0 110.131 -25.4287 3.29091 -0.159939 0.00297754
1 56.5628 -3.38687 0.0237414 0.0398634 -0.00127558
2 65.3514 -10.8916 1.33266 -0.0418777 0.000425215
3 56.106 -5.30359 0.614963 -0.0131089 0.000137786
4 63.5596 -8.82332 0.983855 -0.0240752 0.000150079
5 137.248 -37.705 4.92751 -0.245236 0.00451898
6 129.511 -30.6666 3.6508 -0.162816 0.00276272
7 81.9457 -14.6461 1.73516 -0.0670847 0.00104985
8 124.736 -29.501 3.6233 -0.16544 0.00282113
9 110.25 -24.8303 3.12516 -0.145947 0.00264089
10 103.301 -23.1701 2.97464 -0.142132 0.00262732
11 48.7321 -3.34443 0.369247 0.00249484 -0.000205878
12 124.236 -28.4113 3.41388 -0.155409 0.00273896
13 152.027 -41.4233 5.23269 -0.257207 0.00469853
14 83.9449 -14.1263 1.50065 -0.047297 0.000547471
15 113.818 -28.3914 3.6098 -0.17049 0.00303317
16 99.1029 -18.6758 2.11883 -0.0846213 0.00137938
17 144.601 -35.4346 4.13427 -0.182312 0.00300104
18 181.417 -50.0751 6.35006 -0.321929 0.00604677
19 195.355 -50.4531 6.0612 -0.293123 0.0053273
20 80.524 -10.3777 0.888714 -0.00960179 -0.000242634
21 118.886 -26.2053 3.16394 -0.141025 0.00240853
22 15.3084 12.3551 -2.00172 0.143076 -0.00308781
23 147.119 -36.2079 4.31569 -0.197956 0.00342525
24 87.7682 -13.6735 1.46114 -0.0465441 0.000531284
25 140.16 -35.5668 4.37278 -0.205859 0.00362986
26 122.965 -28.0663 3.30376 -0.143256 0.00235203
27 130.55 -29.5362 3.46214 -0.153692 0.00261849
28 86.1391 -17.8684 2.27212 -0.100425 0.00174204
29 115.035 -26.1596 3.07319 -0.127845 0.00193845
30 119.486 -23.7206 2.72927 -0.11862 0.00205849
31 133.047 -30.4186 3.54535 -0.157294 0.00266635
32 76.1887 -14.4277 1.65487 -0.058112 0.000750921
33 37.0854 -2.11553 0.24085 0.009089 -0.000340681
34 148.393 -40.3592 4.82947 -0.220361 0.00373232
35 143.986 -38.5965 4.76819 -0.228832 0.00415304
36 131.402 -34.2314 4.10179 -0.184981 0.00310569
37 132.998 -34.3402 4.07725 -0.185565 0.00322725
38 149.994 -36.5046 4.10693 -0.179777 0.00302444
39 140.99 -37.2817 4.56319 -0.218548 0.0039851
40 139.148 -37.84 4.61284 -0.214641 0.00373532
41 147.295 -37.4582 4.31155 -0.190478 0.00315894
42 155.33 -43.2322 5.30922 -0.250554 0.0043413
43 93.4784 -18.8746 2.01693 -0.0711041 0.000959596
44 155.946 -37.9442 4.12642 -0.168754 0.00256343
45 94.9912 -18.8547 1.98487 -0.0666754 0.000792376
46 240.635 -69.887 8.27368 -0.395297 0.00697448
47 116.37 -26.3304 2.77908 -0.103025 0.00144194
48 106.497 -26.6974 3.31811 -0.153316 0.00271676
49 96.0456 -21.0259 2.53453 -0.108445 0.00180482
50 68.1659 -12.7908 1.52804 -0.0553165 0.000784192
51 187.817 -58.7407 7.88401 -0.426649 0.00850474
52 116.537 -28.5062 3.3164 -0.139965 0.00221961
53 111.921 -24.4941 2.68324 -0.103778 0.00152176
54 56.5477 -9.97684 1.15009 -0.031719 0.000248668
55 103.497 -22.7589 2.59164 -0.102791 0.00153917
56 117.363 -30.9451 3.73782 -0.168154 0.00286407
57 224.566 -67.7959 8.3405 -0.412633 0.00751454
58 139.538 -36.0661 4.33704 -0.200511 0.00348357
59 127.384 -32.4844 3.98148 -0.187082 0.00333852
60 61.8876 -7.42802 0.650146 -0.00135107 -0.000347459
61 128.6 -32.2288 3.74876 -0.162175 0.00261705
62 161.345 -43.8144 5.17372 -0.238208 0.00412418
63 150.029 -38.6782 4.47215 -0.197811 0.00327959
64 179.653 -47.2995 5.78267 -0.28466 0.00525347
65 112.886 -24.3085 2.81119 -0.1198 0.00197339
66 110.082 -22.5475 2.46577 -0.0947664 0.00138677
67 139.314 -31.9639 3.63043 -0.15768 0.00259102
68 129.27 -29.9395 3.57425 -0.164179 0.00289666
69 172.38 -43.6874 5.14777 -0.240562 0.00423198
70 167.542 -41.4917 4.79582 -0.217904 0.00371856
71 111.125 -22.3201 2.52331 -0.103466 0.00164271
72 127.176 -24.964 2.57307 -0.0954884 0.00135099
73 144.324 -34.9504 4.21152 -0.199628 0.00361133
74 89.098 -17.0709 1.98594 -0.0793141 0.0012643
75 120.548 -21.5699 2.06599 -0.064827 0.000715872
76 171.515 -43.9164 5.1223 -0.233598 0.00397872
77 178.368 -45.9812 5.41316 -0.253768 0.0044702
78 172.697 -40.1647 4.44931 -0.192368 0.0031409
79 130.057 -26.3277 2.76546 -0.105506 0.00150639
80 147.041 -36.3796 4.33042 -0.19942 0.00342374
81 143.439 -30.8625 3.42651 -0.14609 0.00239893
82 160.697 -36.2997 4.10278 -0.184673 0.00317555
83 87.0245 -12.5351 1.13574 -0.023901 3.55417e-05
84 135.846 -33.1635 4.02633 -0.19176 0.00348803
85 137.251 -31.0166 3.55211 -0.152766 0.00246681
86 134.777 -27.7622 3.00703 -0.120162 0.00181493
87 116.678 -23.3581 2.54975 -0.101546 0.00157657
88 141.803 -32.1354 3.69846 -0.164014 0.00278885
89 154.614 -37.9992 4.49377 -0.204817 0.00349352
90 130.742 -29.1628 3.4731 -0.161113 0.00290681
91 113.492 -19.9176 2.11359 -0.0778678 0.00109259
92 148.003 -36.767 4.3872 -0.203236 0.00355002
93 136.175 -30.5155 3.55623 -0.159597 0.00275111
94 173.615 -45.0677 5.48269 -0.264999 0.00477107
