0 120.345 -25.1133 2.83327 -0.115136 0.00172428
1 142.388 -33.5186 4.05852 -0.193468 0.00350755
2 101.113 -20.1208 2.27796 -0.0923701 0.00146518
3 94.2426 -15.9848 1.75288 -0.0655166 0.000969603
4 155.601 -43.3882 5.62028 -0.289905 0.00554756
5 105.38 -20.7379 2.30611 -0.0921868 0.0014581
6 107.498 -21.1549 2.34003 -0.0895007 0.00124624
7 133.434 -29.8504 3.57951 -0.166818 0.00297962
8 125.316 -28.4188 3.30788 -0.145304 0.00243421
9 134.909 -25.5827 2.6686 -0.102729 0.00151027
10 160.107 -38.8183 4.61539 -0.215741 0.00377062
11 156.965 -43.3511 5.5829 -0.284279 0.00535035
12 144.273 -33.67 3.84257 -0.169375 0.0028276
13 125.339 -26.4684 2.93733 -0.120054 0.00184883
14 141.082 -34.6094 4.07004 -0.183542 0.00310418
15 136.136 -30.6683 3.48341 -0.152701 0.00257189
16 160.201 -38.2347 4.39828 -0.199805 0.00345157
17 166.906 -39.7732 4.44029 -0.194199 0.00320017
18 127.442 -28.0348 3.23661 -0.143846 0.00245774
19 122.83 -26.989 3.19292 -0.146336 0.00264224
20 93.4132 -18.9857 2.41374 -0.115237 0.00220458
21 106.46 -18.397 1.79512 -0.0558567 0.000598713
22 114.041 -23.2008 2.64075 -0.11333 0.00192803
23 182.769 -45.1898 5.18063 -0.235245 0.00396918
24 137.217 -28.4653 2.96799 -0.113552 0.00161013
25 77.5056 -8.30785 0.669964 -0.0057932 -0.000143521
26 134.278 -28.2875 2.972 -0.113996 0.00162362
27 158.757 -37.8306 4.33008 -0.194353 0.0033063
28 196.707 -50.9686 5.96304 -0.278118 0.00480012
29 136.055 -30.0102 3.34335 -0.141442 0.00225994
30 115.342 -23.1307 2.59732 -0.106688 0.0016662
31 132.035 -26.7085 2.98608 -0.127602 0.00208193
32 136.85 -29.2474 3.09004 -0.11758 0.00165594
33 122.244 -25.6205 3.00747 -0.134233 0.00234849
34 103.212 -18.5447 1.96924 -0.0705488 0.000957511
35 126.837 -26.3398 2.87024 -0.113049 0.00163871
36 102.671 -22.5419 2.80267 -0.127348 0.00220803
37 153.03 -42.6499 5.86792 -0.327386 0.00686233
38 98.9734 -18.831 2.11816 -0.081455 0.00118674
39 94.1379 -13.6457 1.19385 -0.0231421 -3.01986e-05
40 110.256 -20.7651 2.10612 -0.0694086 0.000783867
41 66.484 -8.60751 0.904319 -0.0233022 0.00027966
42 138.015 -32.6635 3.83369 -0.17259 0.00293996
43 107.704 -22.2391 2.61608 -0.113105 0.00189967
44 92.0044 -16.8297 1.91087 -0.0764521 0.00124591
45 118.821 -24.8944 2.87476 -0.122822 0.00199471
46 124.191 -28.1629 3.40251 -0.157028 0.00276214
47 131.037 -27.5302 3.01469 -0.122222 0.00187433
48 108.466 -22.4963 2.67861 -0.116985 0.00196252
49 125.748 -27.5732 3.29662 -0.151801 0.00268112
50 145.779 -35.2726 4.20016 -0.193769 0.00335582
51 101.216 -16.8432 1.53987 -0.0364984 0.000117393
52 158.876 -38.7363 4.44939 -0.200078 0.00341597
53 143.625 -34.4301 3.93961 -0.17225 0.00284522
54 136.011 -30.7221 3.36115 -0.137679 0.00212732
55 170.204 -38.7378 4.28094 -0.186466 0.00309006
56 145.75 -35.9765 4.33857 -0.202625 0.00351626
57 70.3861 -7.55686 0.517873 0.0109034 -0.000673233
58 98.1237 -18.598 2.04876 -0.0779427 0.00116751
59 111.011 -24.5447 2.94283 -0.129428 0.00215423
60 127.846 -29.1621 3.55848 -0.169882 0.00310089
61 84.055 -9.72328 0.757672 -0.00383227 -0.000298305
62 85.4384 -10.4931 0.786836 -0.000370484 -0.000507443
63 71.6157 -6.80194 0.448455 0.010011 -0.000542669
64 127.03 -32.0938 3.72744 -0.164152 0.00274956
65 127.567 -32.0734 3.73907 -0.16363 0.00267939
66 204.962 -59.1597 7.1827 -0.351745 0.00640879
67 164.609 -45.7301 5.47581 -0.257391 0.00450467
68 94.8279 -18.2514 1.79648 -0.0528672 0.000498233
69 196.994 -51.1869 5.59247 -0.237878 0.00371711
70 120.921 -28.2209 3.06628 -0.120315 0.00174859
71 100.06 -22.5687 2.60273 -0.106077 0.00162983
72 67.5104 -10.4794 1.07903 -0.0278771 0.000207871
73 185.342 -50.5145 5.87685 -0.271399 0.00468575
74 114.369 -23.8587 2.49111 -0.0923213 0.00129688
75 131.625 -31.6124 3.57598 -0.154152 0.00254652
76 113.838 -25.8667 2.79101 -0.104893 0.00140818
77 102.685 -25.4637 3.10512 -0.141245 0.00246339
78 82.3769 -13.2778 1.23435 -0.0314134 0.000255368
79 193.832 -52.0778 5.94983 -0.269856 0.00455531
80 146.003 -35.0161 3.82168 -0.155513 0.00230566
81 109.103 -24.4132 2.76175 -0.114431 0.00181743
82 189.916 -56.4266 6.94244 -0.339004 0.00607092
83 114.57 -29.7446 3.62359 -0.167071 0.0029288
84 184.741 -53.6875 6.60309 -0.331501 0.0062258
85 113.951 -26.418 2.93782 -0.116642 0.00172781
86 178.839 -50.0777 5.90858 -0.276836 0.00484351
87 103.267 -23.0816 2.66807 -0.112202 0.00182622
88 92.9286 -17.9267 1.9052 -0.0660995 0.00084024
89 136.03 -33.7118 3.85229 -0.168704 0.00280015
90 118.657 -28.5325 3.34196 -0.146849 0.00244772
91 194.007 -56.9227 6.92926 -0.33397 0.00589756
92 82.1918 -19.0743 2.52765 -0.119962 0.00221846
93 100.763 -23.3151 2.63718 -0.102837 0.00147794
94 17.4052 9.49418 -1.54712 0.112831 -0.00242713
