0 142.791 -35.3096 4.14089 -0.183238 0.00301026
1 122.444 -28.3026 3.30146 -0.144644 0.00243925
2 135.181 -33.5133 3.89486 -0.169547 0.00273543
3 201.038 -55.1689 6.38749 -0.292658 0.00496157
4 112.002 -22.8361 2.46733 -0.0965209 0.00149002
5 122.361 -24.893 2.5397 -0.0904403 0.0011955
6 129.572 -31.6459 3.79322 -0.171051 0.00286783
7 63.8516 -4.61098 0.0340298 0.0397767 -0.00123036
8 165.05 -40.5644 4.57412 -0.200545 0.003306
9 160.673 -34.3286 3.47029 -0.133395 0.00194401
10 88.3675 -13.7723 1.37385 -0.0397311 0.000381531
11 99.8829 -17.1241 1.64941 -0.0454108 0.000345244
12 149.622 -38.3053 4.52876 -0.207301 0.00353583
13 118.215 -26.5912 3.04438 -0.130097 0.00215503
14 102.05 -18.2769 1.84297 -0.0596888 0.000686855
15 134.874 -35.4225 4.3233 -0.201978 0.00349104
16 180.514 -44.4666 5.0264 -0.226849 0.00387582
17 121.991 -24.3127 2.45794 -0.0841409 0.000981709
18 184.632 -48.3798 5.61462 -0.258383 0.00441809
19 114.827 -21.8545 2.19284 -0.0753653 0.000975986
20 153.508 -34.6555 3.72752 -0.152602 0.00234331
21 120.707 -22.2291 2.09528 -0.0646695 0.00069941
22 85.1623 -15.1904 1.66781 -0.0601847 0.000867204
23 133.144 -30.8166 3.42318 -0.141297 0.00216596
24 124.609 -24.8302 2.5846 -0.0961413 0.00134067
25 149.345 -36.0697 4.11238 -0.17947 0.00292174
26 131.6 -29.5846 3.14948 -0.119989 0.00167016
27 137.771 -32.0411 3.59382 -0.149831 0.00231339
28 141.658 -32.9729 3.59939 -0.146904 0.00221418
29 149.083 -34.8554 3.90289 -0.167799 0.00273343
30 180.712 -49.2551 5.92088 -0.280584 0.00493141
31 114.525 -27.53 3.37686 -0.153609 0.0026142
32 114.778 -23.7513 2.45872 -0.0865929 0.00113394
33 106.602 -24.5215 3.00009 -0.134594 0.00230275
34 172.274 -46.7643 5.78354 -0.282583 0.0051196
35 161.802 -43.7827 5.35461 -0.256247 0.00457685
36 163.049 -43.0701 4.97687 -0.219634 0.00359475
37 124.193 -29.8262 3.43311 -0.146227 0.00237766
38 120.03 -26.5181 2.99094 -0.121064 0.0018285
39 190.974 -52.118 6.0244 -0.272375 0.0045442
40 123.186 -28.9634 3.31124 -0.137861 0.0021322
41 95.1683 -18.3564 1.9439 -0.065007 0.000762821
42 133.289 -31.7951 3.65158 -0.158005 0.00258573
43 198.638 -52.5727 6.14057 -0.283549 0.00480468
44 94.6616 -19.858 2.33173 -0.0960344 0.00153742
45 129.246 -33.1369 3.93471 -0.175056 0.00291401
46 135.303 -33.4461 3.94045 -0.174583 0.00289086
47 123.374 -29.5606 3.33344 -0.135709 0.00201563
48 38.5853 6.33438 -1.68223 0.147243 -0.00353252
49 60.2637 -5.0619 0.188057 0.02857 -0.000976916
50 148.324 -32.2934 3.41716 -0.134863 0.00197512
51 114.852 -26.282 3.09356 -0.135253 0.00226368
52 142.917 -34.186 3.83017 -0.159585 0.00244421
53 113.652 -23.9235 2.8015 -0.123835 0.00213486
54 141.27 -37.8352 4.80446 -0.236515 0.00432783
55 105.107 -23.0573 2.6885 -0.113469 0.00183325
56 125.961 -33.0133 4.07442 -0.192959 0.00344813
57 82.5043 -14.4332 1.50641 -0.0442041 0.00040024
58 123.666 -24.6959 2.3631 -0.0726413 0.000696772
59 92.1523 -17.4205 2.01757 -0.0809874 0.00130222
60 124.188 -29.6983 3.57071 -0.161094 0.00272099
61 95.5918 -17.4979 1.88219 -0.0680994 0.000959315
62 104.153 -20.112 2.15629 -0.0782443 0.00106557
63 139.984 -36.3247 4.53108 -0.22043 0.0040334
64 63.3539 -8.22766 0.641224 0.00828154 -0.000720389
65 107.603 -23.1388 2.51011 -0.0926705 0.00123522
66 115.496 -29.1819 3.58066 -0.160871 0.00268786
67 83.1124 -15.3281 1.60267 -0.0479619 0.000443899
68 92.0187 -18.0496 1.98459 -0.0692917 0.000855618
69 115.673 -27.8573 3.22139 -0.133195 0.00205271
70 156.678 -44.8727 5.59776 -0.273124 0.00496685
71 120.061 -28.7916 3.38305 -0.147777 0.00245478
72 147.874 -37.858 4.45507 -0.204285 0.00354698
73 84.3858 -19.253 2.39339 -0.103154 0.00171534
74 63.5776 -9.97443 1.14572 -0.0349649 0.000405216
75 122.137 -30.4825 3.58853 -0.154923 0.00250162
76 111.586 -28.7126 3.54906 -0.163638 0.00285896
77 64.652 -11.4568 1.3228 -0.0423947 0.000524491
78 164.626 -46.6988 5.72323 -0.27201 0.00476699
79 82.6963 -17.7404 2.1251 -0.0852661 0.00131976
80 137.432 -35.6552 4.26845 -0.192921 0.00323366
81 118.063 -28.5564 3.42825 -0.155209 0.0026911
82 100.89 -24.1872 2.92091 -0.127577 0.00211228
83 102.521 -20.2462 2.19992 -0.0823918 0.00118408
84 84.6809 -17.1954 2.04655 -0.0822324 0.00125962
85 129.758 -34.6566 4.41987 -0.217468 0.00404032
86 79.8795 -14.6763 1.51524 -0.0441577 0.000431289
87 92.6012 -21.24 2.62099 -0.114448 0.00190835
88 153.595 -41.5714 5.08749 -0.243111 0.00433425
89 104.517 -20.7529 2.38883 -0.0984559 0.00158619
90 135.725 -34.1363 4.08081 -0.18408 0.00306483
91 106.397 -23.4946 2.77753 -0.120649 0.00203927
92 69.4618 -11.6791 1.3338 -0.0432262 0.000540782
93 77.5897 -13.6204 1.60837 -0.0599449 0.000865405
94 94.9728 -18.5309 2.08069 -0.0807066 0.00123227
