0 123.579 -24.2088 2.93085 -0.147033 0.00289561
1 106.36 -19.2425 2.3242 -0.113158 0.00219013
2 121.638 -22.969 2.56188 -0.111966 0.00191519
3 134.397 -27.5669 3.29821 -0.160349 0.00297419
4 168.194 -35.8037 4.06731 -0.191862 0.00345481
5 120.199 -21.0024 2.21906 -0.0925262 0.0015626
6 63.0945 4.64594 -1.27304 0.100304 -0.00222129
7 138.01 -22.937 2.27372 -0.0899006 0.00142763
8 135.636 -26.0527 2.91199 -0.131334 0.0022998
9 145.869 -30.5676 3.57278 -0.172078 0.00316973
10 149.857 -33.8916 4.08428 -0.203658 0.00384863
11 89.5769 -12.7989 1.40038 -0.0589145 0.00107031
12 112.92 -18.4031 1.9457 -0.0772766 0.00121364
13 98.0842 -12.1296 1.09787 -0.0334407 0.000440973
14 105.781 -15.6828 1.51547 -0.0511104 0.000638555
15 127.946 -22.823 2.43149 -0.101425 0.00162526
16 153.46 -33.467 3.9451 -0.192911 0.00359229
17 119.794 -20.4616 2.19349 -0.0928936 0.00157855
18 156.733 -36.5253 4.523 -0.232119 0.00451093
19 163.765 -37.045 4.51883 -0.230233 0.00439953
20 172.255 -40.2867 4.80192 -0.23785 0.00443952
21 114.624 -17.4358 1.72258 -0.0643348 0.000964571
22 135.114 -25.528 2.80002 -0.124145 0.00212185
23 175.483 -35.6863 3.94099 -0.180907 0.00313061
24 127.932 -25.3253 2.97924 -0.141745 0.00261658
25 205.413 -53.2823 6.59057 -0.339869 0.006515
26 130.139 -23.7403 2.64334 -0.116079 0.00193293
27 152.447 -35.0138 4.38533 -0.226186 0.00436261
28 153.325 -34.5396 4.34282 -0.229143 0.00458392
29 130.361 -21.7566 2.27126 -0.094257 0.00155569
30 113.439 -20.2904 2.28917 -0.100831 0.00174475
31 139.094 -25.6184 2.76606 -0.117936 0.00189112
32 36.8141 -1.02287 0.351822 -0.0179856 0.000516918
33 130.996 -32.1808 3.929 -0.189803 0.00344848
34 61.5164 -10.3693 1.65461 -0.095195 0.00215064
35 64.6201 -9.21155 1.01832 -0.0384482 0.000729561
36 146.086 -38.9491 4.90819 -0.248865 0.00464919
37 45.2403 -2.34391 0.101088 0.0197692 -0.000666384
38 51.5646 -6.46377 0.91346 -0.039883 0.000807508
39 180.679 -53.044 6.85024 -0.361761 0.007057
40 79.8955 -16.1916 1.98353 -0.0873678 0.00150066
41 155.507 -40.2235 4.8503 -0.23679 0.00435614
42 140.21 -35.1619 4.17568 -0.201518 0.00375303
43 97.2161 -23.048 3.0045 -0.150204 0.00284962
44 165.039 -41.9592 4.8931 -0.232318 0.00419843
45 34.0982 -2.3093 0.51114 -0.0226059 0.000517299
46 14.8814 7.58376 -1.10969 0.0798948 -0.00171503
47 73.0633 -16.5311 2.35383 -0.124965 0.00256778
48 123.123 -31.3763 4.04394 -0.207191 0.00399296
49 109.812 -22.7527 2.45335 -0.101025 0.00166102
50 78.2092 -15.647 2.06775 -0.102238 0.00198488
51 153.265 -39.7839 4.94829 -0.250695 0.00476745
52 43.5972 -2.40218 0.232536 0.00153963 -3.33632e-05
53 54.9738 -6.41065 0.83607 -0.0342662 0.000639934
54 138.082 -35.4188 4.32712 -0.214436 0.00404419
55 92.6923 -18.7418 2.37021 -0.117418 0.00230464
56 90.8032 -15.9214 1.55988 -0.0510897 0.000607176
57 97.5414 -20.3818 2.40745 -0.108001 0.00188607
58 106.741 -24.1564 3.05644 -0.151485 0.00285837
59 77.3817 -13.8048 1.78568 -0.0862226 0.00166184
60 130.735 -34.1606 4.3815 -0.224292 0.00425308
61 165.092 -44.9242 5.66412 -0.290342 0.00550325
62 137.471 -41.4365 5.67686 -0.309129 0.00616296
63 80.8688 -18.284 2.60478 -0.143708 0.00307794
