0 122.348 -27.5808 3.12703 -0.13136 0.00209604
1 114.558 -23.3653 2.55928 -0.101746 0.00156479
2 57.5913 -8.22929 0.851931 -0.0136199 -0.000120978
3 175.527 -46.8145 5.62691 -0.267607 0.00472304
4 184.245 -50.98 6.24773 -0.302952 0.00542429
5 103.779 -20.0666 2.11129 -0.0737241 0.000920541
6 163.957 -41.9633 4.89676 -0.221765 0.00370968
7 116.228 -23.9299 2.53219 -0.0941747 0.00128922
8 171.976 -46.4929 5.59083 -0.263943 0.00459168
9 151.807 -38.5372 4.55042 -0.209364 0.00362431
10 124.027 -24.6781 2.55039 -0.0940688 0.00129007
11 90.786 -15.5058 1.61168 -0.0540614 0.000684557
12 95.1914 -18.757 2.08027 -0.07819 0.00109848
13 96.6066 -16.7488 1.64621 -0.0511163 0.00058438
14 129.33 -29.9758 3.4395 -0.151237 0.00254607
15 108.464 -22.6132 2.59222 -0.111334 0.0018737
16 225.842 -59.9864 6.94266 -0.323462 0.00555837
17 117.47 -24.7342 2.6148 -0.0976241 0.00132951
18 114.916 -23.4967 2.57867 -0.102687 0.0015278
19 186.055 -47.5619 5.63919 -0.270708 0.00488509
20 168.604 -42.1771 4.62505 -0.192165 0.00289608
21 181.195 -47.3045 5.65116 -0.267189 0.0046703
22 143.833 -36.8185 4.45462 -0.211572 0.00382295
23 142.929 -32.7844 3.73274 -0.161753 0.00261126
24 99.6427 -19.1263 2.02509 -0.0719442 0.000939408
25 141.118 -34.3218 3.95874 -0.176735 0.00299939
26 84.4169 -11.9188 1.10982 -0.0260425 0.000128867
27 155.425 -37.3995 4.34172 -0.19732 0.00336464
28 134.75 -30.2217 3.35695 -0.140249 0.00222375
29 124.367 -29.2911 3.55015 -0.164148 0.00287148
30 146.629 -33.642 3.68603 -0.151922 0.00231162
31 122.147 -28.5208 3.1934 -0.128819 0.00190231
32 133.037 -30.1619 3.70912 -0.18094 0.00339583
33 181.842 -47.8726 5.81599 -0.279893 0.00497175
34 139.354 -28.7076 3.00962 -0.115953 0.00165715
35 121.821 -23.8027 2.52653 -0.0958333 0.00135664
36 117.582 -21.4506 2.21572 -0.0779941 0.000982943
37 116.358 -21.3669 2.19415 -0.0790795 0.00108512
38 105.893 -22.0367 2.71421 -0.124829 0.0022006
39 182.984 -44.988 5.21023 -0.241076 0.00419235
40 141.926 -32.7954 3.79548 -0.169578 0.0028568
41 153.265 -34.2286 3.82253 -0.163731 0.00262758
42 135.643 -27.5005 2.89278 -0.110214 0.00154134
43 132.079 -29.1524 3.41043 -0.154728 0.00269776
44 177.599 -43.7088 5.10455 -0.236325 0.00406901
45 143.375 -30.2306 3.33093 -0.142797 0.00235302
46 151.958 -31.4946 3.33981 -0.139327 0.00225358
47 159.846 -38.2271 4.50324 -0.213678 0.00387509
48 166.493 -37.1323 4.0972 -0.179919 0.00300422
49 138.471 -29.0478 3.13197 -0.129391 0.00207818
50 147.672 -30.272 3.17065 -0.124563 0.00183302
51 142.219 -28.884 3.1222 -0.130197 0.00209253
52 132.003 -26.6195 3.0627 -0.140121 0.0024797
53 109.332 -16.2823 1.26627 -0.0170267 -0.00029886
54 115.142 -19.2918 1.7684 -0.0491938 0.00040145
55 166.957 -34.3512 3.39798 -0.12519 0.00166723
56 97.0534 -14.2726 1.2628 -0.0273449 1.6298e-05
57 67.3106 -3.42053 -0.037815 0.0350607 -0.000973128
58 177.36 -39.0001 4.22902 -0.182967 0.00301125
59 151.145 -34.653 4.15064 -0.198901 0.00363457
60 119.396 -19.0947 1.56422 -0.0312813 -6.84009e-05
61 91.539 -14.8738 1.58705 -0.0569694 0.000825491
62 95.5199 -13.8182 1.28783 -0.0354559 0.000343405
63 179.686 -43.0244 5.10683 -0.246704 0.00450202
64 117.934 -25.9054 2.88041 -0.118585 0.00186275
65 174.634 -46.135 5.54965 -0.267131 0.00482761
66 108.904 -24.1415 2.81472 -0.120475 0.00198102
67 122.841 -28.9549 3.31625 -0.139177 0.0021404
68 88.5062 -17.7688 2.29647 -0.107165 0.00196638
69 124.918 -29.1784 3.39748 -0.14923 0.0024808
70 99.4658 -20.6136 2.43476 -0.102428 0.00163522
71 97.2042 -20.793 2.53803 -0.114875 0.00205282
72 92.5119 -15.5823 1.62038 -0.0536574 0.00065215
73 111.254 -23.8361 2.73418 -0.118289 0.00201933
74 143.004 -33.2104 3.73681 -0.160828 0.00260498
75 122.432 -27.8577 3.12956 -0.131835 0.00212522
76 80.9763 -11.7067 1.08956 -0.0241071 0.000109434
77 107.76 -22.5895 2.50467 -0.0998992 0.0015214
78 114.783 -26.1077 3.04154 -0.131289 0.00214771
79 193.227 -49.5246 5.75564 -0.269593 0.00474593
80 112.486 -22.6847 2.44763 -0.0974323 0.00152721
81 146.428 -33.8379 3.81329 -0.165428 0.00269433
82 97.1547 -16.491 1.65739 -0.054412 0.000680029
83 115.066 -21.8163 2.16041 -0.071067 0.000789209
84 102.65 -19.2606 2.09167 -0.0805248 0.00118958
85 117.159 -27.1653 3.31364 -0.152386 0.00262784
86 78.2449 -14.2327 1.71912 -0.0683571 0.00104801
87 108.821 -21.8148 2.35905 -0.0900167 0.00128326
88 122.14 -29.2489 3.61639 -0.170976 0.00307117
89 70.9242 -9.88823 1.04111 -0.0293602 0.000302398
90 77.9413 -13.8162 1.59348 -0.0589738 0.000882836
91 107.272 -19.3532 1.94907 -0.0636524 0.000701418
92 54.1981 -2.07097 -0.0897998 0.0356123 -0.000982314
93 140.653 -32.556 3.70589 -0.160336 0.00259515
94 77.6413 -10.5223 0.925523 -0.0112217 -0.000281235
