0 99.3647 -19.1349 2.22678 -0.0933079 0.00156057
1 120.182 -24.3952 2.74033 -0.113017 0.00180079
2 117.488 -26.9734 3.32687 -0.155839 0.00279111
3 69.1819 -6.99682 0.470643 0.0131815 -0.000713442
4 129.552 -26.9469 3.00117 -0.126776 0.00208539
5 81.9192 -8.77642 0.526151 0.0120974 -0.000619288
6 97.2169 -15.6951 1.4977 -0.0415601 0.000377619
7 60.0423 -2.42067 -0.160598 0.0448693 -0.0012195
8 100.097 -17.4298 1.59658 -0.0362842 6.80203e-05
9 94.3966 -14.8741 1.37316 -0.0337683 0.000209253
10 133.84 -28.873 3.26327 -0.139202 0.0022637
11 110.196 -22.8445 2.65103 -0.114529 0.0019696
12 116.274 -23.8919 2.69654 -0.110674 0.00173676
13 184.854 -45.2507 5.16178 -0.231658 0.00386222
14 90.0027 -12.7648 1.15475 -0.0246783 5.31836e-05
15 109.525 -19.1458 1.90639 -0.0639683 0.00083298
16 93.3281 -14.05 1.19726 -0.0209913 -0.00011845
17 48.8183 5.18231 -1.38234 0.119671 -0.00279172
18 154.557 -35.3041 3.97801 -0.174934 0.00292586
19 103.023 -17.7751 1.94328 -0.0744442 0.0011474
20 106.202 -18.5712 1.76032 -0.0497394 0.000391698
21 182.26 -44.0123 4.91854 -0.216922 0.00359262
22 111.428 -15.9289 1.24211 -0.020694 -7.58214e-05
23 118.397 -19.7173 1.79325 -0.0501551 0.000454524
24 161.109 -39.5264 4.64564 -0.214843 0.00374662
25 172.292 -40.3838 4.5096 -0.196741 0.00322926
26 83.1091 -7.99449 0.297398 0.0306345 -0.00109098
27 166.222 -35.7818 3.47173 -0.121469 0.00152043
28 112.036 -22.0557 2.45232 -0.097246 0.00146748
29 123.068 -23.5468 2.49311 -0.0931156 0.00128812
30 162.389 -39.0238 4.55525 -0.207482 0.00354508
31 106.759 -18.1177 1.65437 -0.0432029 0.000311949
32 183.631 -51.3372 6.13843 -0.290542 0.00512601
33 126.708 -30.2227 3.42631 -0.14581 0.00238715
34 195.294 -48.3251 5.11659 -0.209253 0.00317997
35 241.188 -66.6324 7.59822 -0.348951 0.00595653
36 123.739 -28.385 3.08708 -0.121059 0.00179498
37 64.3097 -8.67643 0.833073 -0.00946899 -0.000239795
38 120.738 -27.2659 2.99727 -0.116643 0.00168274
39 115.055 -24.2148 2.45973 -0.0793575 0.000822414
40 171.321 -42.7457 4.63392 -0.191751 0.00295405
41 152.42 -38.3466 4.50648 -0.205834 0.00355355
42 161.975 -40.4809 4.57727 -0.199019 0.00324236
43 144.489 -33.7385 3.68863 -0.152828 0.00241067
44 111.246 -21.6197 2.12094 -0.0672087 0.000731441
45 170.136 -43.0939 4.80613 -0.206799 0.00332532
46 121.652 -27.3586 2.96355 -0.112907 0.00157888
47 136.294 -35.8138 4.34368 -0.198094 0.00334548
48 223.927 -57.5215 6.18681 -0.263774 0.0041745
49 174.355 -44.9651 5.18918 -0.237044 0.00406733
50 118.325 -23.401 2.21663 -0.0629466 0.000484347
51 175.489 -45.5738 5.1434 -0.222606 0.00352684
52 211.066 -59.0212 6.84068 -0.314049 0.00533099
53 142.768 -33.261 3.50877 -0.133059 0.00182524
54 192.5 -54.9693 6.62069 -0.317572 0.00568626
55 265.372 -74.1638 8.39693 -0.382908 0.00642234
56 233.128 -65.3703 7.54403 -0.351423 0.0060679
57 221.927 -58.1767 6.39906 -0.280118 0.00457806
58 191.353 -48.4474 5.24566 -0.219877 0.00342317
59 126.55 -28.5048 3.04 -0.11678 0.00167589
60 144.864 -30.1718 2.73468 -0.0756557 0.000477557
61 64.1368 -11.8799 1.51034 -0.0569854 0.000835131
62 210.096 -56.617 6.45511 -0.290595 0.00483049
63 102.378 -17.42 1.67284 -0.0483342 0.000466821
64 135.418 -30.8701 3.42982 -0.143929 0.00230911
65 84.1863 -10.6602 0.884167 -0.00828291 -0.000284489
66 131.971 -29.5934 3.35659 -0.144754 0.00242251
67 134.702 -30.6489 3.40305 -0.140392 0.00219258
68 146.261 -32.6012 3.44437 -0.13503 0.00199444
69 67.4378 -1.63566 -0.590354 0.0843789 -0.00225406
70 129.519 -28.1291 3.03489 -0.116348 0.00164371
71 146.804 -33.9853 3.83651 -0.161848 0.00254095
72 115.631 -22.3659 2.32929 -0.0829343 0.00110802
73 105.742 -15.0858 1.01921 0.00228248 -0.000767051
74 128.402 -28.0612 3.05618 -0.12064 0.00178054
75 114.434 -20.9299 2.06009 -0.0666262 0.000749717
76 137.918 -31.1976 3.50755 -0.148625 0.00240507
77 134.669 -31.5556 3.54088 -0.146331 0.00224882
78 147.342 -30.4476 2.94209 -0.0991699 0.0011731
79 169.526 -41.5795 4.60619 -0.196464 0.00316186
80 126.975 -23.6185 2.30328 -0.0748047 0.000840226
81 103.956 -18.9713 1.98417 -0.071014 0.00100176
82 147.101 -31.7347 3.32582 -0.128216 0.0018331
83 147.32 -31.1886 3.29356 -0.131362 0.00201657
84 124.448 -28.2131 3.23865 -0.13965 0.00229323
85 122.089 -25.6983 2.84437 -0.115036 0.00179058
86 130.152 -29.2819 3.23819 -0.131534 0.00201259
87 107.984 -19.1724 1.85543 -0.052211 0.000388055
88 114.472 -20.0468 1.95518 -0.0584673 0.000533597
89 121.026 -24.3931 2.72221 -0.113169 0.00187833
90 118.558 -22.9478 2.37078 -0.0836115 0.00109035
91 99.4854 -14.3515 1.11971 -0.0118581 -0.000348034
92 126.593 -27.3573 3.01752 -0.120328 0.00178798
93 141.226 -31.5326 3.59668 -0.154025 0.00248246
94 116.111 -22.5028 2.23569 -0.07153 0.000785717
