0 82.3615 -14.1836 1.6401 -0.0592524 0.000827444
1 147.078 -33.4811 3.72475 -0.155697 0.00242846
2 114.097 -21.0018 1.99933 -0.0601248 0.000627046
3 107.559 -21.9149 2.46289 -0.0998797 0.00158893
4 183.271 -44.7894 5.0636 -0.225009 0.00371388
5 67.3164 -2.76476 -0.294729 0.062927 -0.00179609
6 126.591 -29.9144 3.52278 -0.153308 0.00249234
7 103.717 -21.0003 2.30566 -0.0875052 0.00125104
8 109.785 -21.0604 2.28879 -0.0876845 0.00132997
9 158.137 -36.3493 3.94069 -0.161683 0.00248444
10 150.254 -37.1364 4.46803 -0.207749 0.00361731
11 154.845 -38.2944 4.48411 -0.203991 0.00351384
12 153.199 -34.6197 3.82144 -0.161028 0.00255883
13 122.896 -23.2496 2.32556 -0.0800838 0.00102597
14 168.475 -42.9473 5.0883 -0.237186 0.00414333
15 108.455 -20.8738 2.31996 -0.0912663 0.00139494
16 141.033 -34.2576 4.15681 -0.194899 0.00344973
17 123.852 -25.2052 2.79748 -0.116026 0.00188973
18 58.9554 1.44206 -0.911606 0.0946392 -0.00229709
19 90.3832 -13.5448 1.30229 -0.0348265 0.000312458
20 114.25 -19.5143 1.73287 -0.043061 0.000216499
21 191.191 -47.5628 5.53942 -0.257989 0.00449435
22 190.788 -45.8051 5.04717 -0.219591 0.00358882
23 128.797 -28.4981 3.34273 -0.150026 0.00261321
24 49.1425 1.92056 -0.80424 0.0852903 -0.00209825
25 181.42 -49.6531 6.06485 -0.292168 0.00521837
26 138.663 -28.9607 3.11174 -0.122857 0.00181703
27 83.5182 -9.9939 0.580876 0.0191517 -0.000997855
28 123.201 -24.6837 2.52758 -0.0877598 0.00107724
29 144.575 -33.4257 3.70199 -0.152291 0.00232022
30 197.107 -52.968 6.24137 -0.288828 0.00491257
31 119.236 -24.7075 2.78369 -0.11609 0.00189164
32 133.615 -31.5755 3.53568 -0.14448 0.00215601
33 99.0874 -15.0604 1.23582 -0.020584 -0.000103272
34 120.078 -26.9736 2.98647 -0.116909 0.00165344
35 128.779 -31.1249 3.74273 -0.170869 0.00293875
36 93.663 -16.5957 1.81212 -0.0659875 0.000933474
37 112.865 -22.0161 2.21658 -0.0719535 0.000756069
38 98.9024 -19.5627 2.13803 -0.0805428 0.00115697
39 158.231 -39.1568 4.53176 -0.203818 0.0034582
40 148.721 -35.1089 3.72273 -0.145323 0.00208998
41 141.01 -36.548 4.37169 -0.198464 0.00331191
42 88.408 -12.7726 0.972945 -0.00411927 -0.000530593
43 94.1988 -12.509 0.925617 -0.00622247 -0.00035644
44 73.2935 -7.36719 0.424502 0.0161566 -0.000741422
45 129.662 -31.7719 3.81538 -0.17584 0.00307255
46 115.356 -27.2484 3.30531 -0.149308 0.00254371
47 98.498 -20.1158 2.31278 -0.0938255 0.00146641
48 81.9593 -13.0172 1.34486 -0.0414251 0.000475726
49 77.4468 -7.87577 0.344828 0.0269911 -0.00106492
50 202.153 -49.7233 5.28604 -0.220024 0.0033997
51 119.927 -26.6249 3.09458 -0.137095 0.00237386
52 122.782 -26.4741 2.86527 -0.111005 0.001578
53 130.839 -30.1717 3.50301 -0.15727 0.00274154
54 122.601 -24.6767 2.54254 -0.088837 0.00106191
55 120.078 -27.0723 3.09138 -0.131571 0.00214559
56 117.323 -23.4542 2.47329 -0.092783 0.0013101
57 93.7514 -18.7005 2.08188 -0.0763739 0.00101555
58 160.773 -42.5504 5.11482 -0.240096 0.00417007
59 158.594 -40.4747 4.80508 -0.222732 0.00384032
60 124.958 -28.1135 3.19376 -0.135392 0.00216225
61 101.379 -20.6966 2.19922 -0.0764752 0.000929988
62 151.28 -37.3638 4.33063 -0.195321 0.00332205
63 145.726 -37.0199 4.35918 -0.19495 0.00319785
64 177.487 -47.7238 5.55406 -0.254305 0.00434193
65 77.5956 -16.4658 2.12864 -0.094959 0.00168583
66 98.0746 -21.6736 2.58577 -0.110386 0.00179968
67 112.503 -24.0819 2.63396 -0.102369 0.00149955
68 51.289 -4.19754 0.254255 0.0226623 -0.000873745
69 130.128 -31.6191 3.60643 -0.152995 0.00242351
70 149.939 -37.5278 4.30916 -0.189033 0.00308423
71 106.845 -23.9023 2.86303 -0.124795 0.00208513
72 124.979 -32.3074 4.08346 -0.199775 0.00372355
73 168.826 -45.3212 5.53488 -0.267855 0.00484062
74 65.346 -9.33867 0.984373 -0.024388 0.000189716
75 87.4806 -16.607 1.80582 -0.063378 0.000831504
76 105.408 -26.0315 3.31042 -0.157204 0.00285377
77 55.7425 -6.44406 0.621427 -0.00547331 -0.000149612
78 113.14 -25.6338 3.03833 -0.132442 0.00219988
79 113.235 -23.9828 2.72984 -0.114337 0.00186175
80 70.319 -9.70213 1.06683 -0.0349975 0.000530911
81 98.2965 -22.677 2.85363 -0.131429 0.002335
82 95.1431 -18.5399 2.14562 -0.0895303 0.00151247
83 135.861 -35.608 4.32443 -0.201094 0.00350689
84 88.1861 -17.4648 2.08347 -0.0892047 0.00152894
85 104.436 -24.7655 3.00444 -0.131681 0.002177
86 96.9024 -21.1537 2.65367 -0.123519 0.00226438
87 83.8488 -14.9897 1.62781 -0.0527258 0.000577973
88 100.505 -21.5524 2.42872 -0.0944406 0.00136873
89 84.8013 -16.1539 1.85738 -0.0731599 0.00115976
90 120.617 -29.9202 3.64977 -0.166973 0.00284776
91 144.321 -37.9378 4.6222 -0.218623 0.0038795
92 96.9271 -20.8204 2.42339 -0.100278 0.00161081
93 88.123 -18.3688 2.36342 -0.110422 0.00203762
94 102.224 -23.191 2.99616 -0.145613 0.00274436
