0 99.3069 -25.1398 3.17768 -0.147683 0.00264329
1 47.0846 -4.83934 0.480926 0.00159119 -0.000291757
2 288.238 -80.6355 9.01169 -0.408365 0.00680878
3 189.849 -50.3996 5.66717 -0.248266 0.00402285
4 -1.26965 9.11959 -1.09809 0.0819305 -0.0018342
5 161.315 -44.8543 5.41435 -0.256218 0.00450787
6 87.4599 -16.1484 1.61993 -0.0445294 0.000306353
7 67.2627 -12.4805 1.51454 -0.0576819 0.000892123
8 137.207 -33.618 3.7912 -0.159161 0.00248261
9 111.184 -26.2929 2.97669 -0.120005 0.00182453
10 126.827 -28.6936 3.03596 -0.113541 0.00153457
11 35.3874 4.47621 -1.39614 0.133731 -0.00335362
12 114.675 -29.4227 3.64826 -0.171692 0.00307984
13 101.365 -23.6529 2.84155 -0.122922 0.00200831
14 238.097 -65.1643 7.26124 -0.32143 0.00521438
15 116.418 -27.365 3.1588 -0.133943 0.00214107
16 156.076 -40.3078 4.64872 -0.209629 0.00357219
17 158.864 -45.3499 5.64389 -0.272625 0.00484755
18 141.224 -33.0963 3.55726 -0.141948 0.00210169
19 196.765 -54.1318 6.27118 -0.287442 0.00486202
20 146.494 -31.6945 3.07142 -0.106826 0.00133724
21 108.543 -25.0229 2.91566 -0.126825 0.00215161
22 120.355 -29.5389 3.43513 -0.149224 0.00245213
23 123.907 -30.8737 3.48422 -0.141462 0.00207817
24 222.67 -64.0497 7.57141 -0.358238 0.00622824
25 145.148 -35.0715 3.75554 -0.147278 0.00208078
26 224.572 -65.1258 7.70737 -0.362776 0.00625871
27 83.2609 -18.6387 2.30677 -0.0970958 0.00152666
28 95.9299 -18.0576 1.74527 -0.0465111 0.000251682
29 166.381 -43.6192 4.9326 -0.217575 0.00357671
30 201.924 -53.5332 5.94853 -0.260334 0.0042039
31 124.329 -31.5783 3.74085 -0.164559 0.00267387
32 94.7662 -17.9631 1.83897 -0.0550986 0.000479183
33 210.843 -59.2412 7.00614 -0.330338 0.00576622
34 112.96 -26.4114 3.10903 -0.130236 0.00200649
35 173.872 -46.8062 5.53574 -0.25202 0.00419114
36 136.585 -28.9523 2.81877 -0.0920186 0.000996979
37 86.3514 -18.5853 2.27171 -0.0918484 0.00138475
38 175.323 -46.5465 5.4383 -0.244044 0.00400444
39 77.3402 -11.0004 0.934436 -0.00756379 -0.000395362
40 68.3631 -8.65407 0.613246 0.00842283 -0.000613805
41 158.214 -44.4145 5.52489 -0.266288 0.00473572
42 96.3567 -18.2466 1.8731 -0.0598287 0.000675471
43 147.057 -34.7525 3.70883 -0.142245 0.00193421
44 143.777 -36.7485 4.26108 -0.184649 0.00293456
45 145.544 -40.0647 5.22479 -0.270481 0.00527108
46 81.423 -16.0897 1.90437 -0.0739607 0.00109963
47 102.458 -21.8812 2.52818 -0.103288 0.00160043
48 192.33 -50.9844 5.8005 -0.259863 0.00431733
49 162.43 -43.7853 5.26734 -0.246286 0.0042711
50 109.921 -25.2246 2.99974 -0.128075 0.00204289
51 106.96 -21.3618 2.11738 -0.0648238 0.00063101
52 175.733 -46.6338 5.41765 -0.247212 0.0041988
53 122.941 -30.4782 3.6635 -0.16508 0.00281085
54 98.8771 -19.072 1.98768 -0.0661922 0.000786041
55 141.31 -34.2852 3.95205 -0.170133 0.00269307
56 145.517 -36.6513 4.29708 -0.194492 0.0033299
57 125.497 -30.9513 3.63574 -0.156303 0.00247945
58 147.425 -37.9189 4.53935 -0.209954 0.00364574
59 18.8853 9.61084 -1.54446 0.11435 -0.00249904
60 174.704 -44.5222 4.96418 -0.214054 0.00341292
61 145.25 -35.9506 4.33966 -0.205071 0.00365522
62 149.291 -37.64 4.41007 -0.197888 0.0033155
63 86.5139 -14.0853 1.27808 -0.0249756 -5.07793e-05
64 138.567 -33.0875 3.71331 -0.160343 0.0026836
65 140.967 -33.0972 3.7333 -0.159446 0.00258739
66 169.834 -42.2836 4.90781 -0.222853 0.00378647
67 129.755 -31.2937 3.68543 -0.163852 0.0027742
68 176.79 -48.4663 5.8792 -0.278961 0.00489891
69 68.4659 -5.19236 -0.0851232 0.056186 -0.00169234
70 140.976 -34.5543 3.96694 -0.17133 0.0027581
71 77.6726 -15.3429 1.85911 -0.073805 0.0011675
72 142.596 -36.3862 4.48669 -0.214438 0.00381813
73 181.149 -49.8269 6.00809 -0.28594 0.00505447
74 137.802 -32.2834 3.72031 -0.163326 0.00271318
75 151.377 -32.5329 3.32403 -0.125835 0.00177612
76 139.146 -35.0792 4.20239 -0.19407 0.0033762
77 182.333 -50.9024 6.21502 -0.302649 0.00550817
78 216.451 -58.4649 6.84016 -0.319078 0.00548869
79 155.202 -38.7188 4.50737 -0.202099 0.00338567
80 93.8873 -18.1754 2.0151 -0.0743207 0.00101148
81 40.1815 1.80712 -0.564012 0.0615528 -0.00148606
82 132.354 -31.9708 3.77064 -0.170841 0.0029339
83 196.55 -55.8801 6.83125 -0.332496 0.00596602
84 96.8488 -16.6769 1.56557 -0.0406603 0.000260073
85 101.649 -21.469 2.5224 -0.107177 0.00177694
86 81.5271 -14.51 1.65945 -0.061306 0.000895645
87 112.709 -24.7409 2.86771 -0.12216 0.00200726
88 146.321 -36.0287 4.37145 -0.208928 0.00380665
89 109.465 -23.1155 2.47358 -0.0917063 0.00127346
90 141.914 -36.9217 4.53121 -0.214128 0.00378753
91 94.4221 -17.3514 1.75165 -0.0497141 0.000362487
92 123.935 -28.2662 3.19379 -0.132577 0.00207238
93 104.2 -19.6777 2.03557 -0.0683115 0.000817952
94 115.724 -25.3461 2.89039 -0.119002 0.00184969
