0 112.734 -26.3465 3.05883 -0.130661 0.00212873
1 139.945 -37.7 4.64754 -0.220475 0.00389582
2 125.128 -29.353 3.32245 -0.140072 0.00223019
3 65.8802 -11.8045 1.46938 -0.0583915 0.000972458
4 118.627 -25.4172 2.62595 -0.091594 0.00108205
5 107.344 -23.5019 2.57768 -0.0979065 0.00135307
6 111.958 -21.5966 1.9959 -0.052332 0.000259937
7 232.983 -62.3773 6.84276 -0.29751 0.00474412
8 92.3977 -21.2923 2.58395 -0.109042 0.00170359
9 236.733 -67.6132 7.7696 -0.351447 0.00574816
10 100.257 -22.952 2.56901 -0.0968396 0.0012982
11 93.8775 -20.5268 2.29834 -0.0855794 0.0011742
12 133.252 -31.3336 3.32328 -0.126848 0.00175391
13 172.928 -47.5604 5.67482 -0.265675 0.00460983
14 128.487 -30.2375 3.38766 -0.13938 0.00210424
15 148.15 -39.9835 4.90943 -0.235652 0.00421433
16 82.3983 -15.2333 1.59119 -0.0475196 0.000408287
17 85.4727 -14.3261 1.41925 -0.0392611 0.000322821
18 132.335 -31.6558 3.63718 -0.157858 0.00253776
19 167.554 -42.6631 4.69103 -0.197175 0.00305701
20 108.35 -24.4573 2.77109 -0.113951 0.00176632
21 59.9748 -7.52697 0.781997 -0.0152194 2.97948e-06
22 112.128 -26.5864 3.03659 -0.123898 0.00186101
23 131.59 -34.11 4.09895 -0.186883 0.00316514
24 113.068 -28.1612 3.47189 -0.15843 0.00269403
25 88.0866 -20.0376 2.53931 -0.115563 0.00204064
26 111.125 -23.6164 2.63005 -0.103821 0.00150126
27 105.799 -24.4666 2.98153 -0.133769 0.00228896
28 80.1715 -13.5021 1.47777 -0.0491276 0.00060991
29 131.296 -30.0785 3.31271 -0.136163 0.00212472
30 184.943 -48.6136 5.52683 -0.24669 0.0040867
31 174.255 -46.7369 5.48253 -0.253601 0.00435992
32 153.247 -36.0931 3.96721 -0.165696 0.00259719
33 127.869 -31.5541 3.6884 -0.160638 0.0026165
34 137.14 -30.2254 3.17485 -0.117848 0.00155985
35 118.114 -21.6649 1.95262 -0.0484148 0.000162847
36 105.331 -19.648 1.8837 -0.0544838 0.000470172
37 113.389 -22.5275 2.21213 -0.0698194 0.000722175
38 119.426 -27.3563 3.09591 -0.127584 0.00199401
39 133.623 -31.8935 3.63034 -0.153374 0.00240602
40 156.092 -43.3573 5.35332 -0.255126 0.00447213
41 88.4071 -15.0489 1.41332 -0.0334512 0.000113476
42 97.2758 -20.3402 2.26787 -0.0850457 0.00118526
43 168.045 -38.7995 3.986 -0.153868 0.00220009
44 135.027 -33.2021 3.8896 -0.172648 0.0028861
45 99.4107 -19.9201 2.27218 -0.095204 0.00160452
46 108.204 -21.4804 2.34071 -0.0897203 0.00129448
47 130.93 -32.7599 3.92729 -0.177498 0.00298686
48 135.856 -34.7859 4.2625 -0.20184 0.00358056
49 78.4615 -11.6674 1.06589 -0.0199368 -3.78748e-05
50 79.1785 -12.7837 1.24585 -0.0314316 0.000204791
51 139.28 -34.5621 3.87027 -0.161361 0.00247623
52 72.938 -11.6597 1.35963 -0.0484568 0.000678733
53 168.107 -44.3221 5.20605 -0.237696 0.00401182
54 127.824 -29.1047 3.26115 -0.135183 0.0021037
55 113.932 -25.7178 3.1646 -0.148241 0.00268501
56 148.266 -36.8761 4.36597 -0.200742 0.00344661
57 125.734 -27.9568 3.15676 -0.133655 0.00215667
58 150.373 -39.0885 4.6417 -0.212791 0.00364062
59 121.013 -26.4977 3.05484 -0.131649 0.00217065
60 207.977 -57.0319 6.55685 -0.298902 0.00503758
61 117.222 -28.4351 3.43535 -0.154052 0.00258562
62 127.501 -33.0819 4.06821 -0.18962 0.00329763
63 136.318 -28.2113 2.87243 -0.105539 0.00144745
64 121.222 -28.9657 3.18918 -0.127319 0.00188208
65 207.78 -57.2627 6.60085 -0.301067 0.00506192
66 65.376 -10.4732 1.15566 -0.0309473 0.000197497
67 163.208 -42.571 4.76338 -0.201048 0.00308854
68 96.7678 -18.1148 1.65998 -0.0385586 7.90176e-05
69 58.2587 -11.1505 1.50918 -0.0625157 0.00101865
70 96.946 -20.097 2.22137 -0.0827894 0.00113656
71 157.289 -38.4286 4.24345 -0.178979 0.00281022
72 98.0428 -23.6287 2.83078 -0.122791 0.0020372
73 94.4239 -20.1621 2.36581 -0.0966967 0.00149707
74 76.3503 -14.6814 1.78754 -0.0723586 0.00116879
75 181.57 -48.6776 5.69984 -0.265608 0.0045993
76 131.161 -34.7706 4.30891 -0.203155 0.0035507
77 194.215 -50.6938 5.73572 -0.256761 0.00425844
78 108.816 -22.8692 2.53561 -0.100315 0.00151795
79 105.896 -24.7551 2.89952 -0.122864 0.00197019
80 182.23 -50.1416 5.97305 -0.280557 0.00484798
81 171.233 -48.9353 5.95956 -0.284674 0.0050067
82 123.861 -28.6483 3.15371 -0.128994 0.00197411
83 117.506 -27.8127 3.15939 -0.130979 0.0020185
84 178.964 -49.9636 6.00727 -0.288057 0.0051241
85 105.723 -23.4723 2.90932 -0.133382 0.00231292
86 170.686 -48.6817 6.03054 -0.295417 0.00535546
87 125.278 -30.1105 3.45205 -0.145958 0.00228791
88 151.264 -40.5333 4.92145 -0.23107 0.00400839
89 108.754 -25.776 2.96931 -0.119428 0.00173128
90 139.884 -34.1973 3.80971 -0.159382 0.00247416
91 128.044 -29.2847 3.30289 -0.136655 0.00208185
92 78.907 -13.8206 1.469 -0.0461955 0.000504762
93 171.764 -45.8915 5.48759 -0.256312 0.00439654
94 87.8247 -15.0219 1.49722 -0.0442547 0.000422738
