0 137.725 -31.825 3.63992 -0.158105 0.00256181
1 101.783 -19.3305 2.05727 -0.0721866 0.000890556
2 107.215 -19.0928 1.82269 -0.0523709 0.000428889
3 94.4076 -16.5653 1.74198 -0.0599876 0.000793279
4 103.626 -19.8158 2.03336 -0.0675839 0.000770855
5 168.791 -44.2511 5.39282 -0.256557 0.00449417
6 87.5958 -15.555 1.76098 -0.0659573 0.000954445
7 122.612 -23.1357 2.31749 -0.0816561 0.00107378
8 89.8186 -8.06034 0.136039 0.0442438 -0.00145189
9 163.572 -34.7598 3.47675 -0.128525 0.0017005
10 103.79 -17.9153 1.64821 -0.0422829 0.000223706
11 101.663 -19.293 2.13343 -0.0836751 0.00128007
12 138.845 -30.9044 3.44536 -0.146061 0.0023268
13 161.413 -38.4343 4.4638 -0.204557 0.00352391
14 149.21 -36.6078 4.42452 -0.209673 0.00370674
15 77.2717 -6.77261 0.291301 0.0239777 -0.000897005
16 162.296 -36.3357 4.03849 -0.175531 0.00286715
17 146.73 -32.985 3.7607 -0.16782 0.00285775
18 192.382 -48.9447 5.59141 -0.25202 0.00417082
19 142.669 -32.5913 3.6805 -0.156927 0.00247257
20 112.563 -22.1812 2.24229 -0.0763328 0.000921225
21 133.421 -32.19 3.80775 -0.171936 0.00290963
22 79.0977 -10.3818 1.09599 -0.0325241 0.00034566
23 152.971 -35.2443 3.88928 -0.164437 0.00259664
24 152.752 -33.0745 3.51345 -0.139779 0.00201344
25 79.2763 -8.52866 0.483471 0.0158795 -0.000786526
26 200.009 -50.3635 5.82802 -0.271769 0.00472075
27 100.077 -20.5591 2.35286 -0.0976413 0.0016066
28 149.217 -33.407 3.59712 -0.14732 0.0022748
29 162.034 -32.9634 3.08344 -0.102387 0.0011622
30 186.775 -49.5246 6.05544 -0.297577 0.00542672
31 145.141 -29.2133 2.94279 -0.108776 0.00148583
32 137.582 -34.2196 4.15383 -0.194901 0.0034518
33 153.363 -39.0921 4.63091 -0.209266 0.00346414
34 109.741 -24.6623 3.01437 -0.137038 0.0023824
35 214.628 -56.5796 6.36778 -0.284147 0.0046987
36 122.213 -27.4177 3.08722 -0.127375 0.00195501
37 211.04 -60.0011 7.18163 -0.339794 0.00587383
38 174.242 -42.1873 4.50462 -0.184105 0.00278883
39 158.119 -38.4021 4.38485 -0.194669 0.00325922
40 135.002 -30.97 3.43957 -0.144982 0.00234772
41 154.74 -39.1041 4.59852 -0.212848 0.00370164
42 163.06 -38.9366 4.21345 -0.17558 0.00274915
43 102.728 -21.8478 2.46003 -0.099702 0.00156188
44 165.769 -45.3815 5.7435 -0.290402 0.00545714
45 146.338 -34.7104 3.84311 -0.1596 0.00245407
46 150.694 -39.5853 4.8402 -0.23313 0.00420911
47 148.869 -33.8517 3.6308 -0.146549 0.00218197
48 73.0114 -14.2246 1.79347 -0.0765833 0.00130278
49 116.643 -23.9284 2.54934 -0.0965658 0.00136681
50 63.0384 -3.24609 -0.163655 0.050188 -0.00142336
51 68.5003 -12.2078 1.44656 -0.0523598 0.000722033
52 140.929 -33.1768 3.89902 -0.178344 0.00309407
53 138.221 -33.7404 3.94542 -0.175326 0.00289386
54 157.888 -38.9054 4.49712 -0.204981 0.0035334
55 127.985 -29.3779 3.2608 -0.132656 0.00197874
56 166.09 -44.9771 5.4566 -0.260027 0.00456789
57 150.913 -37.1156 4.28989 -0.192085 0.00322267
58 153.534 -39.5978 4.75152 -0.22348 0.0039268
59 194.227 -53.147 6.37875 -0.307331 0.00550211
60 153.719 -42.3623 5.33864 -0.264742 0.00486373
61 145.529 -39.8672 4.94482 -0.237399 0.00421234
62 143.28 -33.7252 3.90361 -0.173927 0.00289481
63 137.378 -33.2925 3.89832 -0.175347 0.00294183
64 116.739 -27.2948 3.22687 -0.143276 0.00242174
65 126.026 -28.555 3.23276 -0.138944 0.00229166
66 97.1372 -17.8402 2.03759 -0.083757 0.0013807
67 123.382 -30.6308 3.70891 -0.171775 0.00302272
68 131.141 -29.6729 3.34133 -0.140146 0.00218751
69 101.823 -19.0066 1.91437 -0.0638378 0.000782206
70 141.814 -33.2491 3.77944 -0.165333 0.00273535
71 137.189 -33.0156 3.81201 -0.164966 0.00264234
72 177.558 -44.2799 4.83656 -0.207024 0.00334326
73 65.191 -6.3477 0.406118 0.0119581 -0.000570797
74 85.2156 -15.7623 1.68397 -0.0551925 0.000624521
75 110.16 -22.7282 2.46358 -0.0966573 0.00145584
76 151.474 -32.8988 3.35021 -0.126608 0.00177007
77 74.3585 -10.0678 0.958624 -0.0227325 0.000164577
78 85.9661 -10.8103 0.664025 0.0135665 -0.0008823
79 128.42 -28.6267 3.10013 -0.123255 0.0018401
80 161.807 -41.8994 4.96442 -0.230424 0.00398114
81 122.955 -28.0502 3.28981 -0.151751 0.00274796
82 128.791 -28.0032 2.97749 -0.11725 0.00174402
83 99.8376 -20.8917 2.35535 -0.0947852 0.0014663
84 179.228 -44.0357 4.96473 -0.224484 0.00383706
85 112.869 -22.1328 2.35737 -0.0884744 0.00126129
86 149.599 -35.2799 3.88159 -0.159036 0.00236602
87 123.132 -27.7898 3.31469 -0.152528 0.00268093
88 87.2195 -13.0305 1.05465 -0.0106505 -0.000367447
89 173.898 -47.5293 5.84117 -0.284229 0.00511454
90 123.599 -28.9844 3.56236 -0.171292 0.00315001
91 135.053 -34.3078 4.25427 -0.202868 0.00359782
92 156.066 -41.1011 4.98898 -0.236696 0.00416873
93 107.281 -22.7876 2.60268 -0.105491 0.00157787
94 116.183 -23.6537 2.5955 -0.103526 0.00158884
