0 151.486 -43.3117 5.71788 -0.297854 0.00571701
1 141.778 -34.7991 4.22505 -0.199965 0.00355401
2 157.423 -38.6411 4.51821 -0.205645 0.00350646
3 119.986 -25.6061 2.84296 -0.114308 0.00173152
4 186.173 -49.5039 6.01449 -0.291637 0.00525043
5 173.618 -45.0611 5.27336 -0.24282 0.00414352
6 180.743 -47.7021 5.73554 -0.273862 0.00484281
7 113.611 -23.1673 2.46866 -0.0937838 0.00135651
8 124.392 -28.6977 3.35535 -0.145592 0.00235851
9 112.039 -24.5731 2.89262 -0.126585 0.0021191
10 134.378 -27.2949 2.73446 -0.0963068 0.00121629
11 77.7005 -10.017 0.900438 -0.0155647 -3.8312e-05
12 112.842 -22.5539 2.42569 -0.0944304 0.00143504
13 153.895 -39.509 4.7676 -0.225552 0.00399448
14 109.034 -20.8001 2.17198 -0.0762937 0.000951814
15 117.122 -21.6979 2.17728 -0.074053 0.000877654
16 127.184 -26.3976 2.90215 -0.120118 0.00190697
17 124.961 -26.8315 3.12697 -0.140055 0.00242729
18 156.686 -36.9067 4.19034 -0.186155 0.00310828
19 162.969 -40.2828 4.77611 -0.222608 0.00386188
20 332.254 -91.974 10.4226 -0.489764 0.00850127
21 158.066 -38.2996 4.44268 -0.2019 0.00343768
22 106.112 -21.7996 2.56988 -0.115291 0.00206431
23 133.519 -30.3371 3.51357 -0.156479 0.00266724
24 132.714 -31.2674 3.80843 -0.182134 0.00333517
25 157.925 -37.5749 4.24829 -0.186005 0.00301835
26 120.804 -26.1284 2.96132 -0.125261 0.00202376
27 140.516 -31.6932 3.55248 -0.153575 0.00251164
28 154.893 -35.9426 4.10232 -0.182151 0.00303009
29 179.503 -42.6199 4.55929 -0.189973 0.00296717
30 192.823 -47.589 5.35396 -0.238577 0.00394027
31 131.409 -28.0981 3.13932 -0.132434 0.00210856
32 48.479 -3.19953 0.312839 0.00798293 -0.000390849
33 145.844 -35.5331 4.27206 -0.194847 0.00328319
34 149.09 -33.3795 3.71773 -0.158718 0.00256707
35 112.273 -23.1031 2.5574 -0.100334 0.00149262
36 139.916 -34.651 4.18283 -0.193004 0.00333622
37 146.677 -36.9111 4.56706 -0.219998 0.00396832
38 79.3286 -8.32292 0.501416 0.0146222 -0.000730452
39 239.168 -65.6459 7.87041 -0.385488 0.00700214
40 106.017 -19.5256 2.04906 -0.0720441 0.000941825
41 124.891 -27.3695 3.05469 -0.122451 0.00179542
42 156.631 -37.8361 4.37782 -0.192887 0.00313225
43 127.595 -27.1278 2.99418 -0.119581 0.00177238
44 136.861 -33.6498 4.03043 -0.182832 0.00309566
45 169.469 -43.3915 5.17327 -0.244684 0.00437151
46 146.606 -36.8512 4.45759 -0.205568 0.00351289
47 147.745 -32.9 3.60819 -0.15032 0.00236225
48 162.469 -40.7611 4.86751 -0.227765 0.00396542
49 125.012 -27.386 3.20901 -0.141089 0.00235567
50 155.393 -33.5408 3.61162 -0.146401 0.00220099
51 131.226 -25.9263 2.77626 -0.110834 0.00170555
52 147.848 -34.6024 3.88018 -0.166136 0.00268466
53 143.576 -36.2608 4.45974 -0.213418 0.0038308
54 158.572 -39.3087 4.54173 -0.201192 0.00328994
55 139.317 -29.3834 3.15398 -0.127792 0.00197402
56 147.373 -32.9698 3.60789 -0.150513 0.00238374
57 85.7699 -14.1905 1.67708 -0.0691441 0.00117667
58 66.0823 -5.80425 0.387329 0.0115833 -0.000546558
59 165.134 -39.8922 4.45477 -0.189557 0.00297949
60 131.463 -29.7297 3.39834 -0.143967 0.00225265
61 90.0893 -12.6558 1.18064 -0.0284149 0.000152739
62 94.6229 -16.5961 1.78638 -0.0630224 0.000859878
63 180.8 -45.9684 5.40305 -0.252609 0.00443189
64 172.696 -42.1443 4.35808 -0.170122 0.00242021
65 196.465 -52.1384 5.87588 -0.262213 0.00435504
66 189.823 -51.0359 5.86229 -0.265947 0.0044564
67 81.5162 -17.0313 1.9979 -0.0781922 0.00117657
68 166.331 -44.0576 5.0766 -0.229024 0.00385781
69 199.529 -54.7742 6.32393 -0.290555 0.00492802
70 184.22 -52.2996 6.28174 -0.298489 0.00523379
71 242.51 -64.97 7.14821 -0.315148 0.00511286
72 149.877 -36.8093 3.92678 -0.157017 0.00231038
73 82.3137 -17.4937 2.03958 -0.0796975 0.00118521
74 228.128 -62.7709 7.10908 -0.322728 0.00539035
75 72.6454 -10.413 0.735278 0.00681078 -0.000699022
76 172.778 -48.6679 5.94343 -0.284655 0.00500494
77 147.665 -36.6669 4.04904 -0.170854 0.00272184
78 87.1252 -18.5839 2.03996 -0.0719958 0.000893074
79 67.8444 -8.84989 0.698906 0.00152768 -0.000504013
80 174.764 -44.3645 4.76961 -0.196798 0.0029845
81 98.418 -26.506 3.41346 -0.163567 0.00295259
82 151.24 -29.7774 2.43274 -0.0549624 9.16624e-05
83 178.292 -45.1467 4.93063 -0.209423 0.00330868
84 168.358 -44.0659 4.92108 -0.213412 0.0034543
85 176.252 -44.8882 4.95337 -0.210772 0.0032841
86 157.138 -41.6003 4.90201 -0.222302 0.00372427
87 310.995 -88.5839 10.0175 -0.46108 0.00777197
88 247.962 -68.6464 7.82167 -0.35916 0.00607373
89 141.997 -35.1026 3.90749 -0.162414 0.0024839
90 160.979 -38.3555 3.94849 -0.15242 0.00215813
91 99.562 -19.4759 2.08069 -0.0756934 0.00105339
92 105.669 -20.1457 1.74962 -0.0373785 -2.28644e-05
93 100.098 -17.8754 1.52843 -0.0279546 -0.000174718
94 118.349 -31.4621 3.94006 -0.18652 0.00329486
