0 116.696 -26.2618 3.16794 -0.143728 0.00248075
1 65.344 -8.29646 0.805967 -0.0123213 -8.45497e-05
2 83.4337 -13.0362 1.3622 -0.0428135 0.0005157
3 106.098 -25.919 3.36831 -0.163728 0.00300844
4 116.343 -26.6817 3.21159 -0.146032 0.00254188
5 132.568 -28.1948 3.00521 -0.115715 0.00164047
6 86.8866 -16.0285 1.71217 -0.0576679 0.000720656
7 69.3132 -7.20406 0.526939 0.00264652 -0.000306124
8 96.8697 -17.7348 1.85629 -0.0638586 0.00081538
9 107.363 -20.2008 2.17716 -0.0842148 0.00127665
10 128.812 -30.7789 3.80377 -0.184152 0.0034018
11 109.144 -24.0667 2.85667 -0.125542 0.00212409
12 90.3096 -16.0713 1.85571 -0.0740124 0.00117165
13 112.434 -23.134 2.53449 -0.0984677 0.0014338
14 125.279 -28.2388 3.16756 -0.131831 0.00206818
15 111.166 -24.3803 2.91036 -0.13012 0.00223654
16 114.823 -24.9544 2.90739 -0.128327 0.00222352
17 98.5208 -18.5699 2.05247 -0.0803591 0.00126833
18 122.341 -27.3496 3.06182 -0.128013 0.00204603
19 104.987 -20.4445 2.27004 -0.089521 0.00137732
20 95.149 -17.5669 1.94157 -0.0754833 0.00118345
21 169.617 -43.1658 5.08442 -0.233066 0.00394016
22 121.517 -28.0431 3.41364 -0.1614 0.00295917
23 129.334 -27.3671 3.04094 -0.125039 0.00191187
24 101.533 -19.6176 2.18451 -0.0872552 0.00137295
25 96.833 -18.6998 2.16004 -0.090645 0.00151872
26 91.7753 -16.765 1.93616 -0.0779023 0.00123032
27 76.6692 -13.4939 1.59691 -0.061492 0.000942507
28 112.384 -21.1621 2.17115 -0.0754355 0.000953728
29 102.98 -20.0994 2.24999 -0.0910434 0.00145835
30 91.7288 -14.7025 1.35047 -0.0281992 -7.46597e-05
31 88.2132 -16.1052 1.75371 -0.0636146 0.000916948
32 122.205 -25.6746 2.84377 -0.114884 0.00174149
33 118.284 -22.0887 2.17696 -0.0689185 0.000689318
34 169.555 -45.224 5.47687 -0.261636 0.004628
35 62.3822 -3.0418 -0.167329 0.0522366 -0.00155157
36 86.2618 -15.3955 1.70226 -0.0591412 0.000766491
37 169.634 -40.8062 4.59349 -0.202993 0.00337622
38 99.8065 -17.7372 1.89025 -0.0666133 0.000848113
39 70.9043 -8.92387 0.844518 -0.014148 -5.63318e-05
40 132.723 -29.0141 3.31585 -0.145832 0.00244033
41 97.0064 -15.7208 1.46298 -0.0368145 0.000193414
42 104.061 -16.6117 1.66093 -0.0571089 0.000805681
43 138.592 -31.4132 3.63581 -0.163599 0.00281005
44 106.502 -21.2525 2.42533 -0.102635 0.00170879
45 86.5004 -9.09504 0.422229 0.0244696 -0.00101796
46 117.9 -22.9452 2.47562 -0.0957258 0.00137761
47 107.285 -21.0805 2.36309 -0.0961345 0.00150061
48 121.076 -25.1012 2.87708 -0.127756 0.00225652
49 74.0808 -10.392 1.05642 -0.0267584 0.000183016
50 112.098 -23.0155 2.58389 -0.107888 0.00174721
51 114.694 -22.9688 2.57318 -0.108318 0.00179456
52 49.3749 1.8006 -0.552288 0.055398 -0.00125432
53 108.614 -21.844 2.43242 -0.0994656 0.0015927
54 116.954 -22.5825 2.42463 -0.0973944 0.00154744
55 148.358 -36.1208 4.23544 -0.193426 0.0033161
56 115.961 -26.4094 3.16583 -0.14496 0.00253646
57 143.155 -34.8377 4.39822 -0.223267 0.00431694
58 118.009 -26.9016 3.29642 -0.157309 0.0029023
59 95.484 -18.995 2.26997 -0.0984094 0.00167706
60 140.147 -32.5626 3.91964 -0.187889 0.00343242
61 132.179 -27.8015 3.15108 -0.138856 0.00236583
62 47.6593 -1.87705 0.152693 0.00870745 -0.000225343
63 96.7542 -16.8442 1.73883 -0.0604675 0.000821047
64 78.4207 -10.5328 0.855823 -0.00507262 -0.000406434
65 147.266 -34.4759 3.95423 -0.173501 0.00284623
66 101.904 -17.0192 1.67162 -0.0496246 0.000474027
67 124.54 -26.9289 3.16218 -0.143009 0.00250673
68 74.3512 -6.94139 0.464988 0.00734488 -0.000433875
69 109.284 -20.4589 2.23051 -0.0882005 0.00139586
70 92.7262 -14.4615 1.36807 -0.0343127 0.0001841
71 75.8687 -7.40763 0.42047 0.0189489 -0.000874144
72 134.553 -30.2801 3.46854 -0.151663 0.00251213
73 165.809 -41.4811 4.8812 -0.23008 0.00411808
74 108.77 -22.1271 2.59733 -0.11388 0.00195151
75 154.39 -34.5 3.69999 -0.150687 0.00230308
76 99.0237 -15.0981 1.52074 -0.0523378 0.000757838
77 149.741 -35.3635 4.19694 -0.195849 0.00344487
78 83.8898 -7.79611 0.288223 0.0306469 -0.00111048
79 156.564 -39.1631 4.72918 -0.225842 0.00405378
80 128.082 -26.3712 2.94073 -0.125516 0.00206016
81 98.3767 -13.9945 1.21266 -0.0288892 0.000216469
82 4.66943 16.3098 -2.23476 0.139778 -0.00279709
83 92.7664 -14.7382 1.28453 -0.0230224 -0.000153925
84 26.4069 13.5095 -2.34796 0.16164 -0.00338156
85 139.306 -32.9011 3.95031 -0.185609 0.00333528
86 93.3627 -16.3428 1.83718 -0.0709836 0.00109552
87 102.542 -18.1589 1.88754 -0.0644928 0.000796631
88 70.7674 -7.16716 0.715129 -0.0155234 0.000126697
89 145.708 -32.002 3.56047 -0.151442 0.00242294
90 131.685 -29.0248 3.45731 -0.163118 0.0029921
91 126.831 -26.202 2.89769 -0.120998 0.00196953
92 113.884 -24.0271 2.8497 -0.129202 0.00231248
93 105.268 -18.9659 2.06638 -0.0805929 0.0012441
94 90.8021 -12.8426 1.17055 -0.0256976 7.90515e-05
