0 165.216 -38.1794 4.20305 -0.17719 0.00279993
1 77.9259 -12.1327 1.37513 -0.0440925 0.000539004
2 49.6916 -6.67932 0.976323 -0.0353853 0.000577387
3 60.9919 -7.80512 0.853763 -0.0161724 -8.02731e-06
4 107.156 -22.0053 2.55153 -0.103615 0.00158896
5 78.4594 -11.9402 1.09377 -0.015202 -0.000261108
6 21.7372 3.96489 -0.3338 0.0308853 -0.000617613
7 132.678 -29.8894 3.47087 -0.149222 0.0024021
8 175.885 -44.2341 5.22899 -0.242612 0.00421433
9 79.695 -12.3796 1.26215 -0.0296592 9.60995e-05
10 135.397 -34.985 4.30531 -0.198912 0.00338647
11 116.204 -24.2601 2.83169 -0.122106 0.00204759
12 122.307 -25.8519 2.68841 -0.0936323 0.00110863
13 92.3676 -15.5425 1.5755 -0.0438586 0.000331787
14 75.3123 -12.9148 1.4914 -0.0519863 0.000722326
15 84.301 -11.2469 0.858431 0.000815965 -0.00062065
16 136.855 -28.7288 3.06779 -0.117129 0.00163443
17 60.6475 -5.62149 0.520286 -0.00019823 -0.000252079
18 125.059 -24.4857 2.66747 -0.105451 0.0016043
19 106.795 -21.3959 2.63228 -0.126237 0.00252845
20 54.594 -5.05432 0.681896 -0.020447 0.000318116
21 84.195 -17.1015 2.28273 -0.109791 0.00210057
22 122.162 -27.7509 3.19306 -0.134032 0.00212307
23 167.352 -39.0819 4.27538 -0.179137 0.00282743
24 80.7704 -13.4716 1.49723 -0.0500041 0.000625297
25 139.67 -33.1405 4.00382 -0.18413 0.00316202
26 94.1419 -16.8831 1.88963 -0.0723803 0.00111713
27 80.5323 -14.0039 1.67284 -0.0663178 0.00109908
28 108.492 -22.9229 2.6972 -0.11468 0.00188494
29 17.5982 7.61971 -1.08453 0.0835721 -0.00179913
30 142.653 -36.2237 4.64396 -0.234753 0.00447861
31 90.1022 -14.0065 1.44765 -0.0443922 0.000492861
32 98.0304 -19.1382 2.04581 -0.0708342 0.000891652
33 126.719 -34.8503 4.40357 -0.210009 0.00375195
34 64.2451 -11.6844 1.51676 -0.0587234 0.000872821
35 79.8878 -18.0035 2.25044 -0.0936157 0.00146048
36 87.4666 -20.8981 2.63814 -0.115815 0.00194252
37 21.5394 5.49569 -0.910849 0.0789105 -0.00181247
38 72.8245 -14.8972 1.99716 -0.0891297 0.00155409
39 144.048 -38.4672 4.83675 -0.234062 0.00419743
40 43.8223 -4.57069 0.635635 -0.0159784 0.000189337
41 25.0268 2.84198 -0.429152 0.048589 -0.00121687
42 107.426 -28.898 3.85719 -0.193569 0.00365
43 154.983 -45.9772 6.02343 -0.313024 0.00606468
44 53.699 -8.75854 1.18241 -0.0454542 0.000746001
45 6.70583 9.10652 -1.17762 0.0865309 -0.00189344
46 76.2767 -13.9042 1.55064 -0.0519698 0.000652644
47 113.859 -26.885 3.24149 -0.143815 0.00239442
48 81.4961 -14.8162 1.55623 -0.0469831 0.000457499
49 36.6546 -0.36559 -0.0296591 0.0237265 -0.000616507
50 123.525 -31.8278 3.89088 -0.17878 0.00306403
51 106.786 -23.6173 2.72423 -0.111321 0.00171083
52 124.394 -27.3997 2.86334 -0.103794 0.00134022
53 52.2122 -3.15621 -0.0138675 0.0416415 -0.00133874
54 125.228 -33.1431 4.08812 -0.189013 0.00325038
55 70.5384 -11.5726 1.12767 -0.0209796 -0.000130625
56 148.633 -41.2631 5.10598 -0.245763 0.00440692
57 89.1094 -17.5769 1.84733 -0.0586052 0.000599995
58 77.7257 -14.0133 1.6108 -0.0607371 0.000952547
59 68.0762 -8.1751 0.749078 -0.00752602 -0.000218853
60 131.79 -34.3627 4.08708 -0.184215 0.00310163
61 47.9684 -5.32799 0.637919 -0.0134624 9.91953e-05
62 102.775 -23.3949 2.81322 -0.124059 0.00214397
63 71.1876 -14.4613 1.90986 -0.0844641 0.00147792
64 85.5783 -14.1341 1.48543 -0.0473571 0.000569853
65 84.6599 -13.4357 1.45985 -0.0508427 0.000717172
66 119.22 -25.6493 2.98807 -0.133696 0.00240658
67 182.001 -47.6682 5.66941 -0.266604 0.0046709
68 49.6252 -1.13154 -0.216296 0.0486314 -0.00137006
69 123.932 -26.9851 3.15288 -0.13865 0.00232211
70 100.727 -19.8822 2.27184 -0.0920565 0.00146768
71 122.49 -27.9694 3.35621 -0.153822 0.00271753
72 120.562 -25.7772 2.95481 -0.126967 0.00211346
73 116.161 -25.577 2.95491 -0.127433 0.00214312
74 46.5451 -1.20476 -0.193315 0.0451893 -0.00123624
75 91.3191 -19.3511 2.37185 -0.102308 0.00169016
76 88.4327 -16.0887 1.92912 -0.0793933 0.00131501
77 18.5578 8.47493 -1.17327 0.081296 -0.00159391
78 146.575 -34.12 3.89137 -0.169642 0.00276331
79 66.3587 -6.92171 0.666426 -0.0117024 7.51565e-05
80 144.486 -36.7408 4.49634 -0.216832 0.00398759
81 38.1395 2.1563 -0.485388 0.0525148 -0.00126999
82 46.3153 1.51573 -0.488215 0.0542708 -0.0013024
83 145.625 -36.7014 4.45025 -0.211941 0.0038482
84 159.972 -39.044 4.47769 -0.202546 0.00348705
85 127.231 -29.7283 3.65032 -0.173 0.00313209
86 9.47267 9.48945 -1.18044 0.0819699 -0.0017135
87 103.032 -24.376 3.27129 -0.166122 0.00321275
88 98.9243 -18.962 2.2591 -0.101791 0.0018851
89 87.5165 -12.6156 1.27101 -0.0375408 0.000445321
90 79.5107 -12.6664 1.42162 -0.0532024 0.00090104
91 151.091 -33.929 3.69011 -0.151449 0.00232243
92 110.286 -19.2936 1.99614 -0.0732394 0.00109709
93 161.333 -41.7169 5.20377 -0.257753 0.00477094
94 88.2396 -14.4955 1.62012 -0.0615352 0.000983307
