0 134.882 -34.1168 4.06277 -0.184281 0.00313301
1 81.4083 -15.2194 1.83971 -0.0729539 0.00111153
2 138.181 -34.6927 4.12343 -0.189054 0.00328527
3 71.4169 -11.592 1.12812 -0.0230114 -2.65631e-05
4 111.632 -22.7902 2.26814 -0.0725169 0.000746469
5 105.599 -21.8795 2.45547 -0.0990426 0.00156321
6 132.743 -32.1963 3.87672 -0.178329 0.00308812
7 75.2481 -9.12879 0.795765 -0.0101056 -0.000133651
8 134.434 -31.7892 3.59089 -0.151804 0.00239268
9 99.9075 -18.2697 1.83382 -0.0574004 0.000594594
10 18.5563 10.9229 -1.74027 0.123268 -0.00265281
11 104.414 -20.0765 1.97152 -0.0616053 0.000654985
12 89.7986 -12.8129 0.969211 -0.00451757 -0.000491
13 118.385 -23.6693 2.28311 -0.0720839 0.000751363
14 138.515 -33.2251 3.79026 -0.166728 0.00279227
15 52.5858 -1.89392 -0.0877227 0.0323157 -0.000814926
16 63.8608 -5.35123 0.221582 0.0236273 -0.000808173
17 103.496 -18.6894 1.84152 -0.06104 0.000776819
18 95.3981 -16.6267 1.79787 -0.0662941 0.000974209
19 82.8789 -13.3934 1.3645 -0.0403515 0.000431671
20 111.991 -26.2653 3.20331 -0.146446 0.00252091
21 103.027 -20.466 2.11368 -0.0717785 0.00087955
22 120.451 -24.6862 2.47981 -0.0852289 0.00103004
23 88.3942 -11.3125 0.856374 -0.00661365 -0.000282505
24 118.158 -26.4984 3.12978 -0.141693 0.00249805
25 183.242 -48.3195 5.57205 -0.25497 0.00436025
26 44.4474 2.4807 -0.701589 0.0670977 -0.00153219
27 130.735 -30.3189 3.50963 -0.154618 0.00260191
28 127.021 -27.8079 2.91857 -0.107104 0.00140278
29 102.69 -17.0412 1.53223 -0.0378635 0.000215309
30 94.239 -17.6616 1.84554 -0.0607374 0.000703603
31 77.0894 -9.78543 0.879293 -0.0152406 -2.50594e-05
32 179.413 -48.8212 5.7492 -0.266818 0.00459965
33 196.578 -51.8864 5.83347 -0.256244 0.0041688
34 148.424 -40.591 4.99671 -0.238419 0.00423912
35 148.361 -37.3544 4.1628 -0.173699 0.00269212
36 105.921 -25.0859 2.85999 -0.11305 0.00163987
37 24.6607 0.893594 -0.160366 0.0370452 -0.00103406
38 275.058 -77.5746 8.86166 -0.410091 0.0070004
39 183.678 -46.7802 5.00098 -0.203425 0.00305254
40 154.882 -34.5322 3.37537 -0.115175 0.00133687
41 182.238 -44.9799 4.84886 -0.20327 0.0031906
42 166.284 -46.1836 5.5253 -0.257925 0.00448298
43 148.587 -39.7704 4.73046 -0.212827 0.0035126
44 179.419 -46.5241 5.19863 -0.222945 0.00350658
45 101.161 -21.2224 2.30199 -0.085931 0.00123656
46 226.814 -61.8052 6.80131 -0.295071 0.00471657
47 194.475 -55.0188 6.61195 -0.314452 0.00550434
48 48.9951 -0.361743 -0.497679 0.068794 -0.00180123
49 227.485 -59.4923 6.47277 -0.28126 0.00455844
50 130.985 -29.4135 3.15413 -0.122382 0.0017516
51 134.006 -26.3269 2.40728 -0.0714837 0.000676671
52 126.072 -28.5989 2.97349 -0.111862 0.00160111
53 124.531 -32.2653 3.8739 -0.173145 0.00290514
54 99.7999 -22.3108 2.4975 -0.0932886 0.00123121
55 119.742 -28.6105 3.17991 -0.126267 0.00183993
56 143.121 -35.9566 4.20633 -0.190452 0.00328213
57 146.668 -38.1818 4.30567 -0.179567 0.00273241
58 103.742 -21.5159 2.24699 -0.0760965 0.000899708
59 206.518 -57.2117 6.6857 -0.308374 0.00524589
60 168.621 -46.1591 5.48638 -0.252696 0.00428306
61 179.872 -48.3105 5.52334 -0.246209 0.00408402
62 167.125 -36.3982 3.4245 -0.113411 0.00129592
63 127.734 -27.4109 2.83154 -0.100384 0.00124754
64 132.401 -31.067 3.41727 -0.141832 0.00222388
65 134.443 -30.1659 3.36059 -0.145618 0.0024456
66 112.708 -20.4908 1.99812 -0.0656381 0.000807206
67 98.8386 -16.629 1.42305 -0.0290178 -7.96985e-07
68 114.426 -22.0159 2.27075 -0.0832913 0.00118339
69 107.595 -17.7317 1.35864 -0.0186654 -0.000281619
70 151.718 -34.8593 3.70838 -0.149672 0.00225994
71 81.452 -9.66504 0.62423 0.00643213 -0.000532217
72 105.567 -19.4293 1.98105 -0.0697704 0.000942868
73 22.0039 11.9463 -2.18305 0.159398 -0.00351215
74 103.678 -19.4713 1.99938 -0.0702816 0.000938814
75 89.9675 -10.9598 0.623082 0.0136205 -0.000790098
76 69.2041 -5.61207 0.0263918 0.0451926 -0.00140334
77 162.595 -37.6421 3.98796 -0.161698 0.00245375
78 148.65 -32.36 3.35732 -0.129871 0.00185944
79 83.8504 -13.2824 1.22284 -0.02779 0.000118436
80 134.212 -29.5744 3.21571 -0.133009 0.00210008
81 28.7595 8.79043 -1.75584 0.138514 -0.00317055
82 139.312 -32.1138 3.488 -0.145436 0.0023185
83 147.176 -34.281 3.86801 -0.170536 0.00288451
84 125.56 -28.9733 3.42422 -0.158787 0.00285115
85 141.087 -30.8974 3.31906 -0.134609 0.00205458
86 170.119 -39.635 4.20113 -0.17032 0.00253017
87 161.185 -40.8904 4.87458 -0.230654 0.00410186
88 154.609 -35.0269 3.74573 -0.15254 0.00231319
89 162.563 -36.5716 3.77903 -0.148201 0.00218567
90 126.423 -27.7629 2.95848 -0.114901 0.00167338
91 138.34 -30.0905 3.27092 -0.134976 0.00213311
92 115.797 -22.7875 2.36102 -0.0860465 0.00119126
93 125.804 -23.9539 2.37911 -0.0836058 0.00108768
94 124.138 -29.4856 3.68633 -0.179621 0.00334264
