0 79.1187 -11.8793 1.24046 -0.0361227 0.000343265
1 187.385 -48.9238 5.92382 -0.283496 0.00497026
2 133.461 -30.9402 3.70129 -0.16959 0.00291014
3 87.9516 -16.1506 1.98147 -0.0874524 0.00153009
4 90.2658 -14.3447 1.38882 -0.036578 0.000231731
5 166.303 -42.0398 5.16016 -0.25405 0.00466672
6 159.001 -36.8719 4.18502 -0.184623 0.00305121
7 157.182 -32.5579 3.12726 -0.10739 0.00130402
8 150.862 -35.4548 4.16864 -0.192017 0.00333342
9 122.26 -25.6327 2.87649 -0.119844 0.00189554
10 122.443 -27.6769 3.27445 -0.147836 0.00253076
11 128.155 -28.1843 3.15445 -0.131932 0.00207124
12 115.912 -21.1678 2.22939 -0.086806 0.00136167
13 110.855 -21.8035 2.35838 -0.0896292 0.00127722
14 140.422 -32.8448 3.9054 -0.181038 0.00316473
15 153.304 -36.9836 4.3941 -0.205384 0.00359731
16 124.199 -27.1453 3.11485 -0.134662 0.00221663
17 77.461 -9.51671 0.794373 -0.00747726 -0.000242139
18 134.808 -29.2381 3.19636 -0.131989 0.00206862
19 122.845 -23.1047 2.4162 -0.0930145 0.0013916
20 108.994 -20.5122 2.22889 -0.0876124 0.00132953
21 92.544 -14.3161 1.44326 -0.0474306 0.000640977
22 153.573 -33.7636 3.67168 -0.15325 0.00240816
23 113.212 -20.9587 2.25648 -0.087937 0.00133369
24 107.283 -19.5841 1.99996 -0.0657929 0.000717466
25 158.277 -37.8015 4.35033 -0.194677 0.00323255
26 95.5373 -16.2222 1.88315 -0.0762812 0.00121415
27 131.241 -25.5465 2.69468 -0.105887 0.00158387
28 118.731 -22.1347 2.50721 -0.114633 0.0022266
29 119.785 -23.8907 2.60555 -0.106515 0.00169396
30 138.799 -28.8006 3.09931 -0.123048 0.0017767
31 150.236 -33.6898 3.81473 -0.168509 0.00282382
32 75.8707 -5.66205 0.244223 0.0227077 -0.000836735
33 84.7842 -13.9211 1.45565 -0.0449496 0.000529277
34 154.816 -36.3564 4.27943 -0.199447 0.00352918
35 123.675 -27.0384 3.15233 -0.13727 0.0022799
36 91.8875 -13.9163 1.13668 -0.013987 -0.000289987
37 94.6258 -16.5439 1.71709 -0.0529343 0.000508694
38 137.872 -29.0545 3.14681 -0.126981 0.00195319
39 97.2351 -18.1732 1.96464 -0.0699822 0.000933301
40 69.6218 -5.77837 0.181301 0.0320521 -0.00107755
41 134.795 -29.8037 3.48999 -0.1572 0.0027194
42 107.83 -22.3813 2.68625 -0.120306 0.00211668
43 145.451 -30.9811 3.2341 -0.124484 0.00179774
44 134.322 -28.6388 3.17891 -0.132558 0.00212871
45 109.706 -21.6194 2.39739 -0.0935801 0.00140103
46 196.223 -51.0125 6.0456 -0.28896 0.00515676
47 55.1789 -4.12724 0.270388 0.0155583 -0.000613613
48 122.687 -27.4903 3.45056 -0.169415 0.00317537
49 113.142 -23.4783 2.66246 -0.110166 0.00174944
50 115.35 -19.8569 1.92649 -0.059975 0.000607166
51 91.3656 -11.0409 0.677866 0.00944038 -0.000692344
52 107.377 -21.7716 2.52443 -0.106731 0.00173607
53 103.537 -16.8716 1.66679 -0.0533869 0.000653229
54 150.135 -37.0901 4.48766 -0.210341 0.00368473
55 164.976 -41.2069 4.79489 -0.215048 0.00353781
56 121.956 -23.4466 2.43175 -0.0900539 0.00125631
57 170.071 -39.8419 4.45928 -0.193937 0.00314055
58 141.836 -27.601 2.77381 -0.0999796 0.00132912
59 135.97 -30.0432 3.34778 -0.138946 0.00216537
60 131.357 -29.8688 3.50721 -0.158481 0.00274374
61 122.228 -26.0884 3.0734 -0.137959 0.00240766
62 129.52 -31.5294 3.9599 -0.18845 0.00333084
63 145.931 -32.3484 3.55617 -0.146559 0.002254
64 179.747 -45.3641 5.09721 -0.225769 0.00371825
65 91.0288 -12.0932 0.861524 -0.00142179 -0.000484012
66 101.814 -20.9989 2.34965 -0.0927857 0.00139246
67 35.9652 3.31174 -0.645434 0.0599337 -0.00136197
68 119.864 -25.6259 2.76554 -0.106605 0.00151335
69 118.988 -26.0305 2.83451 -0.111467 0.00163646
70 138.226 -32.1632 3.5974 -0.153914 0.00251711
71 138.567 -31.785 3.5997 -0.154813 0.00249
72 164.726 -40.9906 4.69645 -0.210224 0.00349959
73 142.337 -29.0197 2.72867 -0.0904723 0.00109514
74 118.22 -25.5312 2.94598 -0.128386 0.00215923
75 101.479 -16.9221 1.51214 -0.0368264 0.000177559
76 147.874 -37.1477 4.51151 -0.218122 0.00400461
77 176.882 -41.4297 4.30506 -0.17441 0.002661
78 133.558 -29.3065 3.30019 -0.143798 0.00244537
79 129.774 -30.3971 3.46287 -0.150001 0.00246054
80 87.1826 -12.3112 1.03705 -0.0173802 -7.80823e-05
81 105.506 -15.9438 1.13833 -0.00629075 -0.000584473
82 146.995 -36.3705 4.14819 -0.180166 0.00288649
83 117.766 -20.7108 1.75323 -0.038578 4.44301e-05
84 160.098 -38.0283 4.19409 -0.18037 0.00291239
85 147.064 -35.5854 4.16071 -0.189024 0.00322163
86 104.073 -18.451 1.70512 -0.0437725 0.000206694
87 116.702 -21.3425 2.12219 -0.0715314 0.000877177
88 121.744 -24.1837 2.54639 -0.0955192 0.00132491
89 184.62 -44.2911 4.79897 -0.203855 0.00323262
90 221.331 -59.3523 6.83542 -0.317904 0.00547559
91 144.821 -32.4267 3.47251 -0.140374 0.00214822
92 147.168 -32.5957 3.56095 -0.150544 0.0024359
93 76.1784 -8.8431 0.763233 -0.012802 2.09708e-05
94 102.491 -20.3344 2.2624 -0.0903755 0.00143996
