0 75.8328 -12.8667 1.42568 -0.0437549 0.00044326
1 93.3781 -16.4905 1.72433 -0.0541815 0.000560056
2 145.227 -33.82 3.77925 -0.160478 0.00255715
3 114.021 -28.9533 3.55283 -0.161 0.0027195
4 116.218 -28.1052 3.40459 -0.152726 0.00256387
5 93.806 -17.8693 1.99182 -0.0741646 0.00103695
6 75.668 -14.1499 1.62991 -0.0567086 0.0007097
7 112.322 -27.2569 3.27546 -0.144631 0.00240816
8 96.2544 -20.259 2.2145 -0.08167 0.00114197
9 81.492 -13.4159 1.30758 -0.0301624 5.89972e-05
10 112.77 -23.5534 2.34712 -0.0761991 0.000836449
11 199.845 -54.4818 6.30039 -0.288485 0.00489263
12 133.798 -35.2591 4.23841 -0.190661 0.00315854
13 151.003 -39.1865 4.54435 -0.202391 0.00336622
14 134.218 -33.2793 3.95974 -0.180102 0.00306868
15 82.101 -12.9357 1.29983 -0.0356051 0.000309884
16 156.105 -46.38 5.97395 -0.299241 0.00548989
17 93.3806 -17.7075 1.87574 -0.0642749 0.000824016
18 113.316 -25.6595 2.97942 -0.127382 0.00209227
19 134.734 -30.1564 3.08969 -0.111336 0.00143206
20 106.33 -25.9195 3.19018 -0.145061 0.00248998
21 126.238 -31.4373 3.81865 -0.177726 0.00315149
22 135.424 -37.3422 4.62144 -0.216338 0.00372221
23 100.279 -21.439 2.42593 -0.09686 0.00149404
24 113.134 -23.3051 2.45793 -0.090814 0.00125571
25 162.142 -42.8028 5.00179 -0.224886 0.00369908
26 114.799 -25.5837 2.98465 -0.128234 0.0020781
27 100.225 -21.9328 2.57444 -0.109875 0.00182156
28 46.0186 -2.29861 0.285224 -0.000867739 -4.11714e-06
29 125.732 -28.3332 3.05407 -0.119357 0.00172579
30 142.53 -39.1141 4.9864 -0.248837 0.00461003
31 122.412 -27.4643 3.12389 -0.133519 0.0021963
32 102.12 -21.5896 2.54491 -0.106407 0.00170179
33 59.1249 -4.33175 0.303743 0.0107752 -0.000435752
34 131.729 -28.2321 3.16277 -0.133376 0.00216488
35 120.016 -25.6977 2.93376 -0.125092 0.00207115
36 134.789 -30.0805 3.42909 -0.148882 0.00248253
37 121.877 -25.7419 3.07746 -0.139304 0.00241722
38 100.703 -19.3213 2.19569 -0.084903 0.00119323
39 120.545 -22.7803 2.25851 -0.0746846 0.000867128
40 113.922 -22.2751 2.4784 -0.0994097 0.0015333
41 176.583 -44.8284 5.28387 -0.24442 0.0041802
42 116.556 -26.3125 3.19628 -0.146562 0.00255246
43 162.258 -40.4757 4.67753 -0.210968 0.00354886
44 95.04 -17.2871 1.87953 -0.0677789 0.000923136
45 99.2696 -18.0928 1.90665 -0.0646453 0.000783352
46 88.8568 -15.7376 1.83675 -0.0755445 0.00127102
47 80.2751 -9.77548 0.838078 -0.00989039 -0.000212887
48 122.743 -26.9452 3.17339 -0.14204 0.00245051
49 158.04 -43.0543 5.46908 -0.273912 0.00507794
50 128.515 -30.5394 3.75946 -0.177665 0.00315578
51 92.8934 -12.0356 1.02936 -0.0200898 5.88135e-05
52 135.88 -28.3291 3.10106 -0.129617 0.00209704
53 157.176 -35.1362 3.83673 -0.161115 0.00254972
54 148.777 -36.9211 4.43707 -0.207282 0.00361986
55 80.0944 -10.569 1.02262 -0.0251769 0.000195203
56 127.585 -27.6492 3.11825 -0.133354 0.00219441
57 76.4996 -9.47 1.01526 -0.0302336 0.000356289
58 84.4728 -11.8587 1.23892 -0.0394553 0.000531774
59 94.7892 -18.0491 2.0681 -0.0829227 0.00132965
60 146.013 -31.0557 3.40949 -0.141087 0.00218156
61 106.56 -21.7881 2.5903 -0.116193 0.00207439
62 122.124 -25.9167 2.92206 -0.121165 0.00190238
63 131.789 -30.684 3.80784 -0.184677 0.00341993
64 98.2954 -21.0564 2.3343 -0.0890255 0.00128309
65 123.235 -32.5111 3.98226 -0.182571 0.00311882
66 123.501 -31.8858 3.94554 -0.185145 0.0032854
67 107.568 -26.701 3.30544 -0.15264 0.00269245
68 84.1658 -18.985 2.31767 -0.0971803 0.00156794
69 120.72 -31.5668 3.96828 -0.19229 0.00354647
70 183.713 -53.1218 6.42472 -0.306264 0.00538302
71 142.568 -38.9664 4.776 -0.223852 0.0038727
72 196.569 -53.4328 6.05921 -0.269861 0.0044363
73 118.706 -29.0883 3.37785 -0.146207 0.00240626
74 194.476 -50.7804 5.60425 -0.240971 0.00381792
75 185.391 -49.3747 5.55765 -0.247025 0.00411442
76 114.926 -30.359 3.85826 -0.182357 0.0032071
77 96.661 -22.9432 2.94596 -0.142595 0.00268081
78 97.2496 -23.6404 2.97987 -0.138585 0.00247298
79 126.185 -31.5454 3.74801 -0.16749 0.00279759
80 113.581 -27.3218 3.04528 -0.120668 0.00175386
81 126.109 -34.099 4.25704 -0.202122 0.00358737
82 86.1993 -15.0491 1.39663 -0.0302728 2.89226e-05
83 107.265 -26.0214 3.19101 -0.144578 0.00250682
84 135.863 -36.0343 4.40852 -0.209863 0.00376672
85 118.926 -30.749 3.95359 -0.194592 0.00360926
86 57.1827 -8.64118 1.16366 -0.0452847 0.000750239
87 155.335 -38.0592 4.31728 -0.191556 0.0032267
88 74.7773 -17.1159 2.2045 -0.0986779 0.00174992
89 123.134 -31.6971 3.91667 -0.181421 0.0031358
90 125.732 -28.5918 3.10505 -0.125024 0.00191772
91 78.3505 -16.3423 2.09474 -0.0929229 0.00161648
92 87.7846 -18.4635 2.15262 -0.0828658 0.00116173
93 161.621 -41.917 4.95226 -0.226424 0.00384685
94 118.499 -29.8302 3.73178 -0.177489 0.00318953
