0 96.2614 -11.9331 0.66401 0.0181833 -0.00100979
1 108.474 -21.1344 2.30224 -0.0887824 0.00131518
2 152.22 -36.9892 4.28408 -0.190603 0.00315009
3 93.3528 -17.3505 1.95111 -0.0748221 0.00111158
4 202.098 -51.3105 5.81909 -0.26298 0.00442244
5 89.6916 -11.9382 0.98523 -0.0156203 -6.33332e-05
6 95.3524 -17.6722 1.96318 -0.0743018 0.00107394
7 141.468 -32.7887 3.62883 -0.150935 0.00235497
8 154.132 -37.2662 4.31119 -0.194129 0.00327976
9 184.339 -47.4571 5.54482 -0.258625 0.00449163
10 156.309 -35.9528 4.00377 -0.171642 0.00276861
11 134.979 -26.7329 2.62243 -0.0848756 0.000830612
12 107.976 -17.1313 1.46556 -0.029309 -6.30295e-05
13 119.543 -23.58 2.4366 -0.0898533 0.00125418
14 89.3234 -13.2873 1.09557 -0.0158041 -0.000170162
15 154.779 -32.7714 3.30667 -0.122018 0.00164273
16 176.457 -41.8142 4.54873 -0.192792 0.00305914
17 99.2768 -14.4195 1.18877 -0.0186459 -0.000186325
18 132.975 -28.5347 3.15532 -0.13169 0.0020981
19 104.354 -17.1806 1.65286 -0.0485244 0.000479657
20 108.065 -21.7871 2.44289 -0.10119 0.00163754
21 167.282 -40.6495 4.66553 -0.208803 0.00346964
22 155.082 -36.4511 4.14685 -0.182181 0.00300307
23 142.622 -33.7951 3.9425 -0.178008 0.00304371
24 174.056 -42.8749 4.91606 -0.22277 0.00378246
25 114.395 -21.3031 2.20279 -0.0781961 0.00102876
26 136.123 -31.0253 3.61313 -0.162695 0.00281705
27 93.5891 -16.1667 1.72884 -0.0582659 0.000669856
28 208.239 -49.9871 5.49642 -0.2429 0.00402706
29 180.559 -43.6435 4.97169 -0.226615 0.00390766
30 125.959 -25.0002 2.52261 -0.0881666 0.00110041
31 127.998 -26.151 2.81811 -0.111827 0.00169799
32 124.368 -31.9695 3.95159 -0.18613 0.00330119
33 76.6695 -12.7904 1.17254 -0.0193404 -0.000209639
34 132.757 -32.434 3.77591 -0.167014 0.00280053
35 142.078 -35.8375 4.08534 -0.176456 0.00283801
36 121.504 -25.6608 2.65201 -0.0955157 0.00124907
37 102.48 -21.8921 2.56744 -0.108581 0.0017757
38 122.868 -31.3575 3.91999 -0.184611 0.00322579
39 118.429 -26.2274 2.82169 -0.105519 0.00140409
40 41.7258 3.63414 -1.12309 0.106705 -0.00258934
41 118.166 -22.5728 1.98028 -0.0469188 0.000133156
42 62.8059 -5.49016 0.264283 0.0235583 -0.000913518
43 127.211 -25.4227 2.4893 -0.0849151 0.00105873
44 225.768 -59.3141 6.39175 -0.268505 0.00408868
45 120.158 -26.783 2.99645 -0.124785 0.00199718
46 126.562 -29.0421 3.07288 -0.116656 0.00163463
47 170.203 -44.1042 4.94387 -0.214274 0.00344732
48 99.4775 -20.3366 2.17611 -0.078873 0.00105139
49 126.406 -24.4722 2.246 -0.0642351 0.000509967
50 133.542 -28.5062 2.78941 -0.0943062 0.00112531
51 131.805 -33.2684 3.98558 -0.183021 0.00315676
52 142.814 -34.2292 4.00875 -0.179611 0.00300907
53 101.303 -21.2319 2.25755 -0.0820473 0.00112313
54 125.699 -32.2236 3.86004 -0.173845 0.00292255
55 138.45 -31.6066 3.25093 -0.119954 0.0016003
56 77.0255 -12.3896 1.2252 -0.033616 0.000305966
57 84.5739 -16.9805 2.09392 -0.0881066 0.00142454
58 116.485 -28.2521 3.32044 -0.14461 0.00237995
59 134.62 -34.5212 4.17454 -0.192984 0.0033251
60 78.8433 -11.2968 0.962265 -0.0144933 -0.000130998
61 131.645 -31.691 3.62082 -0.156169 0.00252202
62 126.06 -30.6179 3.61844 -0.159094 0.00258561
63 169.014 -44.9658 5.31058 -0.244986 0.0041951
64 157.216 -40.0202 4.23866 -0.168371 0.00243023
65 441.1 -125.085 13.629 -0.615931 0.010239
66 198.363 -52.8721 5.73255 -0.240973 0.0037182
67 191.69 -51.2416 5.66833 -0.246668 0.00398292
68 240.301 -66.1372 7.38829 -0.330991 0.00546782
69 255.208 -76.1112 8.86709 -0.417544 0.00720279
70 157.259 -42.4057 4.80712 -0.208583 0.00334084
71 345.463 -101.794 11.574 -0.538296 0.00915008
72 14.3758 -1.46119 0.584438 -0.0231542 0.000414731
73 224.854 -67.8909 8.10794 -0.386833 0.00675505
74 61.4955 -13.8765 1.76961 -0.0706345 0.00107787
75 113.155 -24.5989 2.4959 -0.0867617 0.00108294
76 303.483 -89.6299 10.1696 -0.467575 0.00786878
77 235.238 -68.9749 8.05113 -0.377734 0.00653706
78 124.825 -33.9019 4.00646 -0.178355 0.00295128
79 122.37 -27.4374 2.82649 -0.104954 0.0014643
80 258.469 -68.5187 7.28266 -0.310395 0.0048795
81 177.268 -47.1805 5.29371 -0.232808 0.00380466
82 115.712 -32.0708 4.02583 -0.190995 0.00339972
83 126.276 -32.9854 3.81563 -0.164568 0.00262646
84 250.895 -66.6254 7.05915 -0.299689 0.00468866
85 131.614 -36.1612 4.45886 -0.209689 0.00365086
86 43.5796 -5.76816 0.663129 -0.00769499 -0.00018781
87 242.909 -69.277 7.88231 -0.36069 0.0060891
88 204.214 -54.2991 5.78019 -0.238369 0.00357652
89 89.66 -20.4276 2.35737 -0.0942701 0.00143772
90 142.17 -40.3412 4.86813 -0.225316 0.00386973
91 86.9681 -16.269 1.3477 -0.0173821 -0.000393724
92 133.206 -36.7925 4.38197 -0.197482 0.0033032
93 156.89 -44.2377 5.25942 -0.241546 0.00412022
94 -21.2571 14.6797 -1.7629 0.115345 -0.00243582
