0 142.596 -37.2729 4.51345 -0.208682 0.00359541
1 123.364 -28.9773 3.34579 -0.142601 0.0023122
2 185.076 -51.0584 6.03356 -0.27992 0.00481105
3 185.254 -51.0937 6.03974 -0.279482 0.00476971
4 123.574 -30.3584 3.55316 -0.154367 0.00253373
5 151.682 -39.7235 4.7022 -0.212568 0.00356619
6 97.8803 -20.0202 2.34266 -0.0963069 0.00155213
7 96.1587 -18.5065 2.03086 -0.0769747 0.00117218
8 107.321 -28.066 3.53174 -0.164042 0.00289311
9 141.925 -36.5091 4.26895 -0.186131 0.00297027
10 172.779 -47.2705 5.70478 -0.271307 0.00480373
11 84.6422 -14.1658 1.36104 -0.0319031 0.000125544
12 143.99 -35.0103 3.8969 -0.159327 0.00239128
13 204.895 -57.3374 6.84464 -0.326463 0.00575974
14 98.7954 -20.6189 2.31493 -0.0912054 0.00141575
15 43.9844 1.67123 -0.617331 0.0691091 -0.00173551
16 166.084 -41.904 4.75905 -0.211367 0.00354896
17 78.2035 -9.56676 0.592318 0.0174374 -0.000950422
18 166.741 -45.2228 5.37504 -0.249458 0.00431201
19 113.446 -23.318 2.52107 -0.0964827 0.0014223
20 148.044 -35.4547 4.01197 -0.176424 0.00296372
21 90.2391 -17.5482 1.8699 -0.0625395 0.000750596
22 108.15 -24.988 2.85838 -0.115542 0.00175876
23 133.68 -32.6865 3.74433 -0.161623 0.00264265
24 142.3 -36.13 4.32439 -0.199629 0.00345442
25 164.252 -41.5386 4.72573 -0.207075 0.00341898
26 78.7756 -14.1808 1.5035 -0.0418547 0.000278324
27 89.6608 -15.2227 1.48648 -0.0398138 0.000300726
28 85.4171 -14.3051 1.47561 -0.0422375 0.000370903
29 198.647 -54.7124 6.48686 -0.305733 0.00535351
30 114.477 -25.8232 2.82343 -0.107094 0.00147831
31 156.961 -40.7098 4.86418 -0.226626 0.00395889
32 120.766 -28.2424 3.19808 -0.13333 0.00213677
33 164.676 -46.3885 5.77086 -0.283779 0.00519758
34 154.285 -43.1701 5.40322 -0.262409 0.00469623
35 134.799 -31.5527 3.49555 -0.14508 0.00228349
36 121.372 -29.7318 3.46573 -0.150856 0.00248991
37 150.421 -36.9054 4.10911 -0.172202 0.00266955
38 157.486 -40.1947 4.63373 -0.206638 0.00346626
39 144.624 -33.1485 3.48871 -0.136088 0.00197449
40 146.472 -38.7931 4.65753 -0.215214 0.0037045
41 88.7295 -20.0067 2.38651 -0.0963755 0.00145032
42 133.419 -31.5797 3.41914 -0.134469 0.00193462
43 212.909 -55.7215 6.14056 -0.265554 0.00422101
44 154.948 -37.9402 4.15147 -0.171319 0.00262847
45 185.419 -49.8199 5.68031 -0.253442 0.00419236
46 129.939 -32.2997 3.71819 -0.158062 0.00247766
47 52.1025 -2.87472 -0.113743 0.0470704 -0.00138847
48 99.0682 -26.9465 3.57683 -0.178262 0.00335345
49 148.915 -35.7633 3.82877 -0.149889 0.0021172
50 250.09 -71.872 8.37094 -0.394855 0.00688572
51 112.762 -27.2985 3.24386 -0.142343 0.00237394
52 142.56 -34.3375 3.7685 -0.154662 0.00235138
53 151.249 -35.8428 4.04449 -0.177106 0.00293965
54 109.16 -23.4011 2.41098 -0.0833318 0.00103469
55 191.235 -54.8021 6.71191 -0.324912 0.0057697
56 100.507 -17.9043 1.70502 -0.04942 0.000465624
57 136.265 -33.98 3.84056 -0.15823 0.00233035
58 104.267 -19.0088 1.79495 -0.0496829 0.000387696
59 98.2302 -23.9462 2.99972 -0.138467 0.00246445
60 128.178 -31.5536 3.73989 -0.168073 0.00285292
61 144.867 -36.6169 4.3547 -0.200996 0.00350237
62 65.5546 -9.78781 0.992372 -0.0214388 5.56171e-05
63 112.04 -20.8628 1.89413 -0.0522138 0.000448031
64 72.0811 -9.66103 0.860385 -0.0117193 -0.000149449
65 167.257 -42.2011 5.00521 -0.233225 0.00406036
66 145.956 -37.2424 4.60967 -0.221491 0.00396568
67 83.8315 -12.3501 1.15662 -0.0255575 8.36777e-05
68 124.819 -28.597 3.46324 -0.159675 0.00279722
69 84.3729 -12.3234 1.12953 -0.0216105 -6.20936e-05
70 73.9979 -9.28997 0.827462 -0.00982457 -0.000201884
71 124.08 -23.2937 2.45484 -0.0956256 0.00146974
72 176.078 -46.8324 5.67652 -0.274133 0.0049425
73 76.6537 -7.71067 0.519334 0.0100395 -0.000617559
74 121.921 -23.801 2.508 -0.093753 0.00131777
75 68.9345 -5.82477 0.232577 0.0249293 -0.000840941
76 129.115 -27.8241 3.0557 -0.124302 0.00194176
77 101.774 -16.2324 1.35477 -0.0236776 -0.0001594
78 109.931 -21.835 2.33884 -0.0881869 0.00127516
79 119.391 -26.3089 2.96551 -0.11919 0.00176019
80 39.8739 4.1426 -1.06226 0.0956177 -0.00223075
81 92.3233 -13.8175 1.22755 -0.0252641 3.30175e-05
82 100.902 -15.47 1.26062 -0.0211046 -0.000100287
83 142.122 -30.8734 3.41575 -0.143209 0.00226276
84 152.54 -35.0727 3.88835 -0.162699 0.00251261
85 115.756 -25.7256 3.10135 -0.136966 0.00225351
86 96.3365 -12.5604 0.808163 0.00535093 -0.000634143
87 123.901 -27.4817 3.10948 -0.132189 0.00218797
88 123.213 -23.4707 2.3639 -0.0789362 0.000889479
89 91.4126 -14.051 1.38578 -0.038819 0.00037205
90 99.6499 -16.1494 1.59957 -0.0489957 0.000528667
91 155.213 -35.9668 3.9514 -0.162426 0.0024627
92 97.9382 -17.6273 1.81862 -0.0593203 0.000688596
93 102.632 -21.777 2.61789 -0.113544 0.00191464
94 91.4903 -12.0026 1.08296 -0.0259537 0.00024457
