0 149.431 -33.4236 3.88847 -0.176575 0.00307243
1 165.105 -38.0925 4.21696 -0.179372 0.00287995
2 191.444 -47.6278 5.5742 -0.264579 0.00480024
3 87.475 -10.1729 0.926862 -0.0202638 0.000116466
4 91.0176 -13.9314 1.44689 -0.0483232 0.000681895
5 167.763 -36.8531 3.99513 -0.168622 0.002737
6 97.7879 -16.9824 1.87885 -0.0711607 0.00109625
7 151.77 -33.6529 3.74172 -0.160895 0.00266097
8 161.952 -36.1283 3.98203 -0.169755 0.00276892
9 109.55 -15.914 1.3293 -0.024007 -0.00010363
10 161.121 -39.1809 4.63992 -0.217563 0.00387395
11 179.682 -44.0924 5.29602 -0.256418 0.00470486
12 136.625 -28.7859 3.13648 -0.125317 0.00185764
13 66.8135 -4.8737 0.247957 0.0199734 -0.000734185
14 134.006 -28.8482 3.37348 -0.152245 0.00263258
15 102.66 -17.0277 1.81432 -0.0655556 0.000938497
16 98.8354 -18.7344 2.14201 -0.0874467 0.00143034
17 151.842 -34.4871 3.8572 -0.166164 0.00270832
18 155.507 -35.9352 4.15721 -0.188315 0.00323796
19 91.4143 -9.99803 0.604833 0.00809237 -0.000525952
20 132.542 -30.0108 3.45522 -0.151007 0.00251512
21 140.117 -30.0174 3.33684 -0.139116 0.00217843
22 123.96 -25.0369 2.89778 -0.131418 0.0023753
23 165.328 -39.7113 4.6249 -0.212297 0.00367836
24 186.914 -43.6261 4.93848 -0.224869 0.00390459
25 112.175 -22.1727 2.46325 -0.0988146 0.00155728
26 135.792 -27.6853 3.05018 -0.129322 0.00215352
27 130.295 -25.5465 2.82937 -0.118996 0.00197183
28 114.908 -20.6846 2.09195 -0.0693636 0.000805393
29 162.335 -36.6799 4.17124 -0.187863 0.00323441
30 213.452 -54.0067 6.3607 -0.306693 0.00558412
31 141.689 -31.7454 3.79123 -0.179042 0.00328349
32 105.28 -23.4145 2.70811 -0.111315 0.00174867
33 140.947 -37.2554 4.55491 -0.213963 0.00378318
34 77.6455 -12.6631 1.33633 -0.0369296 0.000277633
35 137.546 -37.0642 4.78015 -0.239401 0.00449
36 127.792 -30.7486 3.58972 -0.155512 0.00254141
37 132.366 -31.1803 3.59056 -0.15454 0.00249242
38 100.363 -21.5799 2.56514 -0.106577 0.00169762
39 82.4759 -16.0546 1.8598 -0.0719505 0.0011515
40 73.8012 -9.98019 0.882164 -0.00877969 -0.000283384
41 105.057 -24.9739 3.09704 -0.140773 0.00243716
42 85.3041 -16.3059 1.79061 -0.0602412 0.000697693
43 92.0437 -16.0777 1.68698 -0.0537278 0.000587203
44 98.0458 -18.8467 2.10822 -0.0788449 0.00110569
45 126.717 -31.95 3.90834 -0.180189 0.0031422
46 146.284 -37.7435 4.57626 -0.214617 0.00378049
47 187.213 -51.9438 6.20709 -0.292087 0.00508228
48 97.6057 -21.5297 2.56541 -0.108739 0.00177919
49 145.663 -34.6478 4.03327 -0.181145 0.00308948
50 88.9469 -18.4298 2.42048 -0.116341 0.00220881
51 110.167 -22.4986 2.54919 -0.103655 0.00163651
52 105.57 -23.8567 2.73676 -0.112174 0.00176051
53 96.6864 -18.8606 1.94113 -0.0635003 0.000736994
54 103.642 -23.9423 2.90822 -0.128874 0.00220652
55 64.3812 -10.645 1.35978 -0.0532446 0.00088465
56 106.15 -23.6514 2.72883 -0.113625 0.00181611
57 84.6156 -15.0726 1.64921 -0.0554423 0.000703496
58 92.1813 -19.6262 2.53871 -0.120498 0.0022773
59 94.2836 -20.3157 2.55559 -0.11706 0.00211488
60 120.317 -28.6719 3.37102 -0.147651 0.00246203
61 130.099 -30.9359 3.61581 -0.160209 0.00271067
62 98.1718 -22.9169 2.86478 -0.127059 0.00213749
63 138.855 -33.2174 4.06746 -0.189511 0.00330473
64 149.278 -37.6293 4.40775 -0.201824 0.00352233
65 118.767 -24.3947 2.45094 -0.0831326 0.0010314
66 103.113 -18.968 1.88778 -0.0567461 0.000508449
67 57.8764 -5.50726 0.437969 0.00729918 -0.000454859
68 50.4749 -3.56999 0.167689 0.0249259 -0.000863887
69 116.347 -24.7186 2.72473 -0.10762 0.00160851
70 101.041 -19.7473 2.11476 -0.07696 0.00109822
71 164.99 -38.4728 4.31226 -0.18793 0.00309188
72 134.736 -33.6049 4.17735 -0.203971 0.00384039
73 149.152 -31.3356 3.21734 -0.121214 0.00169942
74 87.451 -11.9117 1.04611 -0.0208966 6.87124e-05
75 109.798 -25.9409 3.12106 -0.140034 0.0024174
76 201.451 -52.8251 6.31278 -0.305268 0.00555001
77 144.322 -33.669 3.81652 -0.164807 0.00268542
78 105.655 -21.2032 2.33236 -0.091005 0.00138432
79 76.3797 -9.42341 0.851457 -0.0138038 -3.98983e-05
80 77.6223 -10.0484 0.887586 -0.0129646 -0.000112083
81 98.3328 -17.0331 1.65296 -0.0481186 0.000473757
82 113.923 -22.0037 2.3532 -0.0918084 0.0014533
83 158.624 -40.553 4.82915 -0.225881 0.00396762
84 95.3196 -19.7575 2.36515 -0.103877 0.00182619
85 -0.635893 19.487 -2.84247 0.181201 -0.00368559
86 122.718 -27.3835 2.97812 -0.115752 0.00167898
87 107.257 -22.4958 2.69527 -0.117468 0.00199458
88 96.5879 -19.62 2.39421 -0.108182 0.00197245
89 113.435 -24.2341 2.85301 -0.12534 0.00214693
90 144.676 -36.8826 4.48112 -0.212742 0.00385371
91 135.623 -32.3624 3.92606 -0.183925 0.00331003
92 103.249 -20.8633 2.43675 -0.100841 0.00160384
93 115.43 -25.6397 3.06602 -0.13644 0.00234305
94 114.179 -23.8769 2.77557 -0.120538 0.0020931
