0 86.286 -15.1462 1.79482 -0.0744957 0.00117613
1 144.214 -32.1634 4.01316 -0.207774 0.00412437
2 133.502 -28.7215 3.34422 -0.156855 0.00287054
3 44.3255 3.75928 -0.827332 0.0706324 -0.0015775
4 114.766 -22.0427 2.56761 -0.120315 0.00226918
5 86.8347 -13.6652 1.65136 -0.0786913 0.001614
6 109.41 -20.8291 2.47113 -0.115814 0.0021396
7 131.871 -28.5368 3.46778 -0.17419 0.00343669
8 154.379 -26.0144 2.24201 -0.0685685 0.000655706
9 110.842 -21.1374 2.44947 -0.109587 0.00189863
10 154.41 -36.7101 4.32845 -0.205364 0.00365126
11 95.2385 -16.2712 2.00901 -0.0993476 0.00200518
12 114.285 -21.0636 2.29654 -0.0962388 0.00161457
13 113.43 -23.0479 2.87243 -0.142107 0.00274233
14 84.3869 -11.9909 1.33528 -0.0556051 0.00103661
15 92.4304 -15.983 1.95012 -0.091679 0.00177629
16 149.57 -34.2573 4.12434 -0.201327 0.00370123
17 93.5669 -13.1496 1.29431 -0.0436965 0.000622119
18 112.315 -23.9015 2.91698 -0.139101 0.00259359
19 115.771 -21.6466 2.47928 -0.110195 0.00193186
20 88.7891 -10.595 1.09701 -0.0431127 0.00083601
21 82.1957 -7.79921 0.55204 0.000669557 -0.000336587
22 107.069 -19.6058 2.36238 -0.112077 0.00210097
23 145.821 -36.3445 4.58615 -0.232017 0.00437609
24 160.718 -37.8033 4.59543 -0.226943 0.00421693
25 164.837 -41.1198 4.97826 -0.242661 0.0043799
26 167.614 -40.4054 4.93765 -0.24763 0.00467632
27 159.765 -36.1594 4.16094 -0.193281 0.00340526
28 93.8357 -16.4821 2.16678 -0.113289 0.0023607
29 159.304 -37.7542 4.54653 -0.221495 0.0040366
30 158.079 -38.5057 4.82384 -0.244604 0.004619
31 117.821 -23.8846 2.71818 -0.116795 0.00191524
32 161.355 -47.6019 6.41999 -0.349452 0.00699176
33 153.193 -35.1506 3.96669 -0.179838 0.00313696
34 134.798 -33.9507 4.22985 -0.207847 0.00385743
35 127.528 -33.3736 4.24057 -0.210601 0.00388932
36 107.477 -23.0009 2.88235 -0.143372 0.00279124
37 102.864 -20.8549 2.52334 -0.117576 0.00210549
38 79.4821 -13.713 1.77931 -0.0832456 0.00155875
39 113.002 -26.1913 3.34661 -0.167195 0.00319091
40 96.3957 -18.1399 1.96601 -0.0742556 0.00107988
41 192.662 -57.0155 7.23327 -0.370778 0.00698332
42 119.006 -28.0017 3.54911 -0.1786 0.00344092
43 121.568 -32.7156 4.44025 -0.238311 0.00475116
44 163.2 -42.5771 5.1114 -0.248637 0.00454994
45 40.9347 1.53975 -0.355994 0.0366962 -0.000780128
46 120.11 -26.4817 3.02452 -0.135697 0.00238001
47 56.1288 -4.92621 0.584246 -0.0181382 0.000344495
48 107.732 -24.7394 3.01981 -0.142751 0.00264178
49 106.932 -22.129 2.41351 -0.0960397 0.00149613
50 123.224 -27.4208 3.25658 -0.155092 0.00288576
51 141.396 -34.75 4.26558 -0.212832 0.00403249
52 76.2806 -14.3325 1.86814 -0.0883046 0.00164521
53 101.006 -20.6047 2.45217 -0.113373 0.00210251
54 115.361 -23.5818 2.4774 -0.0974286 0.00151847
55 87.9558 -13.3554 1.36812 -0.0479031 0.000687315
56 68.9497 -10.6664 1.34565 -0.0614473 0.00121799
57 162.864 -40.0362 4.66734 -0.222138 0.00401887
58 200.001 -52.1713 6.14438 -0.298103 0.00543355
59 94.4235 -17.6515 2.07575 -0.0939034 0.00174287
60 98.0865 -20.8102 2.61092 -0.128866 0.00252102
61 134.844 -33.4394 4.19677 -0.213712 0.00414591
62 112.64 -25.1381 3.12342 -0.153095 0.00290322
63 101.519 -18.141 1.95144 -0.0794597 0.00136596
