0 182.969 -53.6853 6.68383 -0.328959 0.00597191
1 81.3553 -17.4437 2.02761 -0.0723808 0.000885163
2 109.518 -26.7265 3.27744 -0.147597 0.00251149
3 67.5998 -11.1149 1.29699 -0.0432913 0.000571659
4 107.822 -24.6021 2.75442 -0.10684 0.00151747
5 124.658 -30.2525 3.63594 -0.16443 0.00278577
6 112.586 -25.6913 2.91788 -0.120538 0.0018838
7 53.3176 -7.4715 0.892964 -0.0253181 0.000272571
8 129.965 -27.8702 3.02984 -0.122808 0.00189572
9 119.513 -28.3826 3.33085 -0.142439 0.002251
10 51.1577 -4.77499 0.472105 0.00178949 -0.00035019
11 135.431 -32.8141 3.72646 -0.161613 0.00267535
12 139.503 -38.3126 4.78904 -0.230296 0.00409578
13 57.2726 -8.87331 1.05627 -0.0293332 0.000253953
14 78.9998 -14.3346 1.55329 -0.0518043 0.000657145
15 79.0785 -15.4585 1.78704 -0.066919 0.000990874
16 126.123 -33.5084 4.23758 -0.202122 0.00357262
17 170.589 -48.6786 5.95503 -0.286066 0.00506578
18 137.773 -36.6489 4.51321 -0.213916 0.0037941
19 114.989 -30.7817 3.9476 -0.189145 0.00337145
20 145.972 -36.3481 4.05039 -0.167814 0.00253908
21 94.2788 -20.2919 2.4026 -0.0994111 0.00157491
22 43.8371 -3.05304 0.16982 0.0229588 -0.000825058
23 28.1285 5.94074 -1.15489 0.0982401 -0.00228506
24 74.3209 -15.5111 1.99251 -0.0861109 0.00144047
25 73.5517 -9.68355 0.777756 0.000498218 -0.000572263
26 119.095 -29.1441 3.48025 -0.154185 0.00257069
27 101.734 -20.343 2.2131 -0.0809022 0.00107891
28 88.662 -19.339 2.38165 -0.102989 0.00171569
29 164.846 -45.213 5.52941 -0.267322 0.00482583
30 38.6595 -2.2689 0.184105 0.0182181 -0.000702768
31 184.297 -54.223 6.91864 -0.350049 0.00647512
32 158.27 -41.0339 4.85278 -0.221777 0.00375738
33 141.036 -32.2771 3.59418 -0.149502 0.00231683
34 164.112 -40.9208 4.77831 -0.219458 0.00380555
35 127.138 -27.652 3.14266 -0.135434 0.00224631
36 89.9086 -16.2138 1.89319 -0.0760787 0.00121656
37 149.159 -38.156 4.59769 -0.214334 0.00372455
38 118.758 -24.2084 2.60876 -0.100353 0.00145168
39 146.754 -31.1753 3.24837 -0.123468 0.00173338
40 164.76 -40.1401 4.58622 -0.203439 0.00335698
41 152.431 -36.3966 4.02869 -0.170809 0.00270113
42 169.538 -41.6782 4.85886 -0.223271 0.00382846
43 131.286 -30.8034 3.66097 -0.16508 0.00280766
44 124.653 -24.9826 2.68533 -0.107993 0.00170025
45 119.284 -25.4592 2.72919 -0.105224 0.00152995
46 156.049 -41.0919 5.16422 -0.259035 0.00487545
47 110.129 -21.9207 2.33838 -0.0897746 0.0013649
48 159.891 -41.235 4.98546 -0.237726 0.00424666
49 194.916 -47.1473 5.11819 -0.218446 0.00346919
50 126.619 -27.5179 3.18034 -0.140351 0.00239233
51 114.414 -26.8455 3.19223 -0.142555 0.00245747
52 235.375 -60.0488 6.65353 -0.299668 0.00505446
53 107.559 -21.7099 2.35359 -0.087963 0.00122303
54 128.244 -28.9787 3.43324 -0.155369 0.00265994
55 148.25 -28.5061 2.86615 -0.109323 0.00162103
56 155.081 -39.9178 4.7392 -0.216326 0.00363129
57 167.872 -41.5703 4.97535 -0.235357 0.00415424
58 148.26 -32.995 3.53825 -0.143606 0.00219645
59 137.804 -32.3591 3.8621 -0.179225 0.00316752
60 144.016 -34.331 4.0851 -0.190084 0.00335191
61 146.927 -33.9779 3.96526 -0.182167 0.00319635
62 168.431 -42.2166 4.77473 -0.208883 0.00337384
63 167.953 -45.4003 5.61865 -0.275593 0.00502144
64 147.532 -34.1354 3.79181 -0.161397 0.00259097
65 156.312 -35.2427 3.81623 -0.157426 0.00243546
66 102.908 -19.0458 2.07438 -0.0779933 0.00112176
67 102.811 -19.0292 2.08286 -0.0776596 0.00108815
68 108.292 -21.8236 2.46165 -0.10097 0.00159195
69 106.902 -20.3123 2.13917 -0.0772588 0.00102759
70 123.856 -26.9419 3.00452 -0.124625 0.0019711
71 88.3589 -13.8574 1.50228 -0.0541505 0.000800684
72 90.8963 -13.7558 1.30039 -0.0324066 0.000185848
73 184.946 -45.1907 5.14947 -0.233652 0.00397109
74 124.118 -28.4507 3.24107 -0.135243 0.00207973
75 107.062 -20.1766 2.25112 -0.0945626 0.00160541
76 106.14 -20.0234 2.27497 -0.093961 0.00151873
77 114.325 -23.1126 2.49301 -0.0973251 0.00145166
78 71.845 -7.73286 0.711499 -0.0125596 5.55246e-05
79 136.304 -30.4534 3.4304 -0.145478 0.00233319
80 77.1832 -10.9024 1.06971 -0.0253209 0.000139929
81 119.253 -28.9996 3.50924 -0.158544 0.00267974
82 155.108 -36.4895 4.173 -0.186116 0.00313971
83 103.042 -17.2596 1.80839 -0.0647477 0.000913592
84 186.559 -48.8883 5.93129 -0.290377 0.0052957
85 106.85 -21.2141 2.46423 -0.103487 0.00165954
86 108.932 -20.8419 2.24662 -0.0852838 0.00124393
87 122.966 -24.8776 2.73745 -0.111703 0.00177141
88 144.339 -33.3424 3.95491 -0.185121 0.00332426
89 89.5195 -14.9563 1.6071 -0.0558817 0.000737166
90 128.406 -27.8692 3.10842 -0.129664 0.00204773
91 160.807 -37.2062 4.22228 -0.18916 0.00323021
92 112.227 -22.0192 2.57542 -0.115038 0.00204368
93 116.488 -24.4804 2.84407 -0.122692 0.00202787
94 116.855 -25.0616 2.8547 -0.120547 0.0019544
