0 104.853 -13.2504 0.994757 -0.00714547 -0.00043172
1 143.646 -29.9771 3.48254 -0.160185 0.00284422
2 166.283 -37.2465 4.14301 -0.179404 0.00291424
3 89.0452 -10.0361 0.782147 -0.00536105 -0.000286251
4 134.806 -26.8711 2.94895 -0.120721 0.00185885
5 187.298 -46.5099 5.55972 -0.264779 0.00466739
6 200.334 -48.8383 5.58805 -0.255331 0.00432272
7 146.718 -28.8956 3.17943 -0.137446 0.0023132
8 210.071 -50.4079 5.64643 -0.249352 0.00404992
9 171.819 -41.3923 4.8935 -0.231481 0.00414275
10 162.873 -36.7964 4.16278 -0.182217 0.00297639
11 166.941 -33.172 3.37288 -0.130343 0.00188872
12 152.757 -32.8943 3.69565 -0.159789 0.00258599
13 110.433 -19.052 1.97463 -0.0704085 0.000936404
14 152.178 -28.7377 2.82334 -0.102513 0.00139579
15 113.7 -16.4407 1.45117 -0.0385421 0.000344868
16 123.729 -20.83 2.04722 -0.07019 0.0008992
17 147.429 -29.0663 2.97666 -0.112012 0.00156061
18 162.106 -35.6664 3.88244 -0.164823 0.00265853
19 120.871 -20.419 2.00163 -0.0677653 0.000849308
20 129.808 -22.5362 2.25048 -0.0813947 0.00113109
21 116.49 -17.5076 1.59776 -0.0454775 0.000430983
22 144.809 -29.5514 3.23599 -0.135005 0.00214301
23 177.348 -40.8974 4.83198 -0.229383 0.00407574
24 173.993 -39.1727 4.34157 -0.190474 0.00316497
25 136.411 -24.8885 2.47617 -0.0861491 0.00105497
26 224.382 -55.8063 6.31805 -0.291346 0.00501603
27 181.834 -42.0915 4.79605 -0.219008 0.00377314
28 147.29 -27.8508 2.79116 -0.102863 0.00140644
29 189.338 -45.2073 5.11487 -0.229216 0.00383477
30 171.474 -36.6759 3.86298 -0.156345 0.00235699
31 114.327 -18.8863 2.03691 -0.0807493 0.00127943
32 161.462 -42.7925 5.04204 -0.228893 0.0038528
33 142.192 -33.3968 3.59416 -0.140468 0.00198846
34 222.759 -60.9609 6.97127 -0.319322 0.00543648
35 149.236 -37.3413 4.26111 -0.184873 0.00301465
36 200.671 -54.0845 6.16484 -0.276872 0.00460101
37 155.453 -43.2549 5.24122 -0.246724 0.00433113
38 141.575 -37.2518 4.4573 -0.203864 0.00348413
39 190.339 -53.0851 6.29343 -0.296252 0.00517786
40 170.904 -46.5837 5.60932 -0.265266 0.0046402
41 169.275 -35.6573 3.02463 -0.0764546 0.000319446
42 142.025 -32.2444 3.3694 -0.128798 0.00182283
43 163.969 -43.4124 5.06155 -0.229982 0.00391067
44 134.802 -32.9735 3.62764 -0.145097 0.00213462
45 197.026 -54.2643 6.25518 -0.283259 0.00473369
46 35.2294 -1.74373 0.074765 0.026144 -0.000844982
47 167.378 -45.0091 5.26847 -0.240424 0.00406955
48 109.011 -23.6854 2.59099 -0.100484 0.00148712
49 282.483 -80.2178 9.04236 -0.414664 0.00702754
50 166.147 -41.9775 4.85792 -0.218474 0.003645
51 110.613 -29.9464 3.82145 -0.183218 0.00330487
52 185.114 -51.3034 6.08417 -0.28533 0.00496668
53 130.523 -28.2156 3.07495 -0.12578 0.00197259
54 78.4977 -14.0127 1.47517 -0.042574 0.000338564
55 141.77 -35.8719 4.21825 -0.190144 0.00320773
56 196.387 -52.1611 5.96282 -0.271728 0.00459849
57 140.612 -34.9877 4.02722 -0.175406 0.00286134
58 113.341 -25.1463 2.73737 -0.104231 0.00144935
59 112.92 -24.268 2.68634 -0.107778 0.00165651
60 160.677 -42.0256 4.88553 -0.218275 0.00360571
61 152.324 -34.1519 3.39951 -0.120646 0.00151211
62 145.958 -36.8916 4.19323 -0.1805 0.00289056
63 79.4443 -14.6733 1.61485 -0.0542867 0.000644454
64 63.5197 -6.98363 0.695649 -0.0138259 8.27634e-05
65 43.8342 5.12092 -1.23137 0.107018 -0.00251079
66 121.551 -28.5814 3.50737 -0.162881 0.00288869
67 154.599 -37.2382 4.06266 -0.1669 0.00252073
68 97.9496 -15.7172 1.42389 -0.0337292 0.000136136
69 146.347 -33.3531 3.67256 -0.154647 0.00245328
70 130.55 -30.6243 3.53534 -0.151681 0.00240769
71 98.0287 -17.9987 1.97379 -0.0733911 0.00106668
72 38.9196 2.12124 -0.497937 0.0526337 -0.00123066
73 124.59 -26.2922 2.96679 -0.125671 0.00204796
74 106.401 -19.3938 1.91551 -0.0599284 0.000631561
75 68.6616 -9.58491 0.855038 -0.00958557 -0.000253426
76 129.726 -31.285 3.89829 -0.186402 0.00334769
77 88.0655 -14.2556 1.45814 -0.0473772 0.000626001
78 114.198 -23.9461 2.60081 -0.102656 0.00157777
79 59.9403 -3.22684 -0.120847 0.0470094 -0.00135585
80 139.798 -35.2203 4.26443 -0.198665 0.00346169
81 106.347 -19.6902 1.98306 -0.0657199 0.000776813
82 150.873 -34.9327 3.94778 -0.174242 0.00292465
83 168.656 -42.2532 4.82251 -0.215513 0.00359009
84 146.819 -30.8951 3.06058 -0.110556 0.00146216
85 141.015 -30.5954 3.39732 -0.143632 0.00229362
86 131.183 -30.8253 3.7092 -0.173551 0.0031222
87 138.616 -28.5912 2.95268 -0.109977 0.00148733
88 85.1028 -12.5392 1.10014 -0.0198641 -6.15488e-05
89 109.91 -19.8971 2.05142 -0.0746449 0.00107766
90 137.151 -31.2083 3.57571 -0.157762 0.00265728
91 152.292 -37.1242 4.42059 -0.206806 0.00365221
92 128.63 -27.6147 2.97806 -0.116476 0.00168279
93 85.6125 -14.6592 1.56554 -0.0502259 0.000553295
94 92.7568 -17.8452 2.01202 -0.0764917 0.00112535
