0 80.0585 -11.0228 1.21965 -0.047888 0.000834769
1 128.16 -22.8332 2.32666 -0.0919698 0.00146171
2 79.3407 -10.8224 1.05423 -0.0310441 0.000355968
3 56.6067 -0.887818 -0.354109 0.0503285 -0.0012841
4 61.1575 -3.55543 0.166922 0.0154287 -0.000554612
5 114.093 -23.2643 2.78143 -0.1326 0.00246829
6 111.56 -20.4699 2.2387 -0.0943035 0.00156113
7 99.3621 -16.3404 1.70501 -0.0657341 0.00101247
8 99.9565 -19.0803 2.31389 -0.111135 0.0021615
9 54.0973 -3.33697 0.265953 0.00374653 -0.000175014
10 74.4489 -9.46462 1.02315 -0.0335684 0.00039402
11 111.258 -21.0747 2.36567 -0.101862 0.00171113
12 63.0761 -6.25337 0.734565 -0.0285323 0.000540167
13 53.3219 -0.986777 -0.110593 0.0270656 -0.000717558
14 71.3785 -6.61216 0.484984 0.00348621 -0.000458004
15 98.4753 -16.432 1.90639 -0.0862394 0.00159153
16 109.111 -22.0844 2.66364 -0.124106 0.00219492
17 94.0426 -17.0629 2.01512 -0.0921158 0.00169048
18 143.8 -33.9291 4.06679 -0.194964 0.00352174
19 163.288 -41.5155 5.11719 -0.255245 0.00471588
20 106.321 -23.6563 3.16652 -0.167476 0.00333467
21 159.495 -40.3187 4.97105 -0.25057 0.004737
22 107.28 -22.4683 2.74356 -0.131174 0.0023967
23 124.862 -27.0223 3.21398 -0.150748 0.00266318
24 61.8963 -2.41066 -0.0617329 0.0310407 -0.000914589
25 153.677 -35.7094 4.26769 -0.210059 0.0039368
26 120.544 -28.0732 3.43965 -0.165256 0.00297918
27 103.247 -21.7369 2.85351 -0.147641 0.00288607
28 109.948 -19.8594 2.31951 -0.109013 0.00205626
29 102.333 -20.5424 2.52737 -0.118834 0.00213406
30 70.9613 -5.25066 0.300424 0.00711322 -0.000323828
31 108.903 -19.918 2.22783 -0.0937537 0.0014931
32 130.826 -25.0008 2.71001 -0.116426 0.00193645
33 93.1038 -10.4087 0.788644 -0.0132978 -8.86575e-07
34 114.108 -19.6559 2.17685 -0.097801 0.00178782
35 155.11 -32.9451 3.69245 -0.170933 0.00304813
36 186.596 -44.8437 5.23359 -0.254473 0.00465408
37 150.187 -30.029 3.20957 -0.140616 0.00241588
38 128.709 -24.3362 2.7373 -0.124777 0.00223095
39 171.967 -39.5947 4.50661 -0.211807 0.00378569
40 177.691 -41.4151 4.77428 -0.228908 0.00415347
41 64.0286 -1.33593 -0.387885 0.0549559 -0.00146053
42 200.893 -50.9094 6.01642 -0.295317 0.00541722
43 121.715 -23.1286 2.72821 -0.133766 0.0026086
44 148.462 -34.0962 4.05894 -0.197742 0.00367915
45 116.792 -22.3717 2.62255 -0.126881 0.00244355
46 167.225 -39.4946 4.57813 -0.217569 0.00386801
47 131.462 -22.4114 2.17119 -0.0806649 0.00117607
48 161.827 -37.1531 4.488 -0.230346 0.00453717
49 117.541 -21.3883 2.34255 -0.103827 0.00185282
50 158.034 -36.2106 4.22072 -0.201955 0.00369492
51 131.238 -24.6237 2.65971 -0.118344 0.0021221
52 154.248 -33.7166 3.90846 -0.189155 0.00354106
53 178.105 -40.8023 4.73584 -0.230093 0.00422096
54 94.1657 -16.3518 2.08093 -0.103866 0.00200853
55 159.876 -35.2977 3.96818 -0.180406 0.00309581
56 146.403 -30.6307 3.37851 -0.153896 0.00272313
57 114.804 -19.5406 2.02135 -0.0811293 0.00130626
58 159.025 -41.1178 5.31175 -0.281477 0.00551854
59 162.522 -39.0097 4.77864 -0.240028 0.00446195
60 91.0764 -11.165 1.03353 -0.0314347 0.000424023
61 139.322 -30.7773 3.68094 -0.179067 0.00332504
62 167.163 -38.4817 4.44456 -0.210818 0.00375346
63 159.379 -34.0313 3.83784 -0.179272 0.00320426
64 74.5055 -13.4841 1.60466 -0.0661512 0.00108009
65 37.8168 1.56376 -0.451844 0.0479816 -0.00108046
66 11.0871 7.80161 -0.880761 0.0564781 -0.0010814
67 110.448 -21.6141 2.29662 -0.0928444 0.00148883
68 114.568 -24.7646 2.78924 -0.118871 0.00192688
69 79.822 -13.6334 1.71367 -0.0801996 0.00148979
70 138.71 -33.379 3.94586 -0.186249 0.00332161
71 58.0563 -8.75225 1.26899 -0.066303 0.00147534
72 125.512 -27.835 3.07711 -0.130939 0.00209594
73 109.905 -20.1987 2.04137 -0.0760539 0.00115288
74 93.8476 -19.5412 2.34412 -0.107346 0.00193109
75 84.6863 -15.1939 1.80584 -0.0832394 0.00160511
76 56.3223 -2.30483 -0.101004 0.0343195 -0.000962306
77 77.1723 -13.1257 1.55761 -0.0659512 0.00113766
78 103.396 -21.9518 2.58548 -0.115858 0.00197565
79 93.5111 -18.4626 2.32309 -0.112829 0.00214466
80 98.7016 -20.8259 2.56053 -0.12257 0.00233209
81 88.878 -15.1541 1.59674 -0.0596171 0.00092432
82 142.222 -39.5897 5.35577 -0.293336 0.00594203
83 95.4467 -23.0316 3.17105 -0.168529 0.00337739
84 77.1107 -12.7205 1.49792 -0.0633867 0.0010991
85 86.0385 -15.5564 1.81469 -0.0773566 0.00132371
86 101.373 -22.5952 2.95915 -0.155118 0.00315942
87 150.583 -39.9799 4.93427 -0.244904 0.00451892
88 52.438 -1.29437 -0.201277 0.0417445 -0.00122727
89 72.4857 -12.6714 1.71366 -0.0863161 0.00179169
90 91.9035 -18.634 2.33516 -0.115062 0.00225505
91 98.3047 -22.998 2.99793 -0.149119 0.00280774
92 66.8932 -9.04153 1.04415 -0.0403458 0.000713224
93 53.7002 -4.84745 0.526498 -0.00873252 -2.56554e-05
94 16.5649 8.64951 -1.23459 0.0891142 -0.00198944
95 73.6073 -10.9688 1.27126 -0.0498466 0.000830574
