0 113.857 -31.1606 4.11115 -0.203986 0.00372992
1 111.763 -22.5999 2.58952 -0.110684 0.00186432
2 126.102 -29.5289 3.46728 -0.154129 0.00260108
3 89.9476 -17.2937 1.86103 -0.0626578 0.000734255
4 55.8078 -3.0263 0.08003 0.0240235 -0.000700672
5 107.545 -16.6048 1.24093 -0.0111201 -0.000461897
6 94.2286 -16.2833 1.47664 -0.0304928 -8.14972e-05
7 76.1767 -13.5123 1.42004 -0.041531 0.00037584
8 156.992 -36.3328 3.74538 -0.141391 0.00192505
9 176.329 -47.7663 5.60727 -0.254376 0.00424189
10 48.01 -1.94073 -0.189991 0.0510776 -0.0014954
11 68.3931 -6.37911 0.350543 0.0167821 -0.000672647
12 140.331 -35.0297 4.18946 -0.193047 0.00333113
13 130.651 -29.2714 3.16054 -0.125266 0.00187012
14 136.181 -33.821 3.94684 -0.175265 0.00291197
15 119.844 -24.0614 2.26122 -0.0644191 0.000468497
16 49.1121 -1.23137 -0.165939 0.0410724 -0.00113708
17 92.888 -14.5259 1.32069 -0.0326794 0.000205478
18 87.738 -15.8788 1.67153 -0.0575344 0.00077321
19 130.476 -29.5148 3.40006 -0.146198 0.00232967
20 135.838 -33.6075 3.96045 -0.18091 0.00312121
21 82.5224 -14.1386 1.41456 -0.0385139 0.000281205
22 104.939 -19.9864 2.04953 -0.0712539 0.000939939
23 114.445 -22.5814 2.30855 -0.081091 0.00103396
24 104.739 -20.861 2.24574 -0.0865627 0.00131661
25 126.213 -28.0199 3.06335 -0.12348 0.00186022
26 145.003 -37.1193 4.51206 -0.213441 0.00376517
27 134.366 -32.3457 3.7686 -0.168042 0.00281833
28 131.058 -29.3327 3.23952 -0.134275 0.00210076
29 118.278 -27.3875 3.20934 -0.138949 0.00225321
30 123.224 -26.6883 2.87777 -0.110537 0.0015236
31 96.4446 -16.0261 1.47648 -0.0379985 0.000256408
32 135.259 -33.1402 3.97746 -0.182579 0.00315834
33 115.016 -29.5286 3.91844 -0.195337 0.00363144
34 161.552 -42.1724 5.10137 -0.240961 0.00426176
35 130.372 -27.4502 2.92588 -0.115538 0.0017556
36 97.5045 -18.9384 2.00752 -0.069065 0.000848511
37 109.314 -19.8432 2.00917 -0.0668726 0.000804743
38 153.796 -37.1508 4.32531 -0.193904 0.00324102
39 118.313 -26.2782 2.94573 -0.11779 0.00174248
40 105.419 -18.1146 1.71798 -0.0488385 0.000423136
41 129.309 -30.285 3.48815 -0.152052 0.00251391
42 164.073 -38.1732 4.1554 -0.173409 0.00270987
43 149.961 -36.1339 4.11468 -0.180048 0.00295987
44 159.332 -40.4167 4.82091 -0.225343 0.00394666
45 76.544 -6.85523 0.322144 0.0191771 -0.000704258
46 133.686 -28.0492 3.04905 -0.124698 0.00194468
47 148.56 -35.2308 3.84165 -0.154505 0.00225497
48 72.4627 -9.30348 0.769923 -0.00295545 -0.000396083
49 167.595 -42.3037 5.03164 -0.235282 0.00409791
50 161.398 -42.0531 5.04281 -0.23604 0.00409886
51 133.475 -31.2898 3.64454 -0.16209 0.00273029
52 143.141 -36.016 4.40828 -0.209384 0.00373583
53 34.0764 7.97467 -1.59629 0.12309 -0.00272509
54 176.011 -43.2038 4.76851 -0.203083 0.00320157
55 152.141 -36.334 4.17235 -0.185202 0.00311053
56 144.789 -33.5897 3.65185 -0.150643 0.00235778
57 187.639 -48.3766 5.55833 -0.249197 0.00410969
58 152.831 -37.5869 4.53594 -0.212018 0.00368688
59 129.067 -27.8608 3.0967 -0.128923 0.00205638
60 96.6199 -16.5196 1.67356 -0.0516606 0.000521824
61 119.406 -22.8172 2.23284 -0.0704642 0.000702075
62 144.359 -33.7792 3.90816 -0.175995 0.0030348
63 114.189 -21.9333 2.30138 -0.0855651 0.00122659
64 161.682 -42.492 4.81591 -0.208745 0.00333016
65 174.708 -48.1616 5.61816 -0.254644 0.00424832
66 193.602 -55.2734 6.60979 -0.311404 0.00536845
67 94.338 -16.8768 1.42135 -0.0244905 -0.000174521
68 152.989 -37.7338 4.13273 -0.172799 0.00269668
69 122.834 -30.6638 3.62274 -0.162516 0.002765
70 182.18 -47.15 5.35786 -0.241127 0.00407185
71 168.704 -46.4758 5.40045 -0.241348 0.00395224
72 211.716 -59.3755 6.92183 -0.321176 0.00549267
73 147.48 -37.4322 4.29815 -0.18936 0.00312441
74 48.1535 -4.82935 0.513216 -0.00323398 -0.000178471
75 125.641 -29.3039 3.20237 -0.131507 0.00208812
76 228.146 -60.0357 6.59502 -0.286458 0.00454832
77 131.228 -31.0366 3.3676 -0.134005 0.00197828
78 106.935 -24.3934 2.88673 -0.125979 0.00210741
79 110.385 -22.0164 2.0749 -0.0587286 0.000451609
80 172.523 -45.3054 5.1032 -0.222749 0.00358311
81 80.2486 -15.5808 1.74655 -0.0642842 0.000902869
82 85.5805 -14.8556 1.31134 -0.0228336 -0.000214068
83 143.674 -32.1985 3.22227 -0.116499 0.00154195
84 172.173 -47.5375 5.58005 -0.257297 0.00439046
85 146.072 -35.1466 3.93101 -0.166669 0.00261873
86 141.193 -35.6699 4.1531 -0.186691 0.00316628
87 100.346 -20.2974 2.1748 -0.0794846 0.00109924
88 194.721 -53.2388 6.17105 -0.284856 0.00487766
89 177.181 -51.8969 6.5845 -0.330181 0.00606294
90 136.413 -31.2038 3.37057 -0.137079 0.00210284
91 114.102 -27.7683 3.32242 -0.147278 0.00246324
92 123.12 -29.5979 3.36378 -0.141995 0.00224965
93 166.32 -47.9173 6.1198 -0.311289 0.00587003
94 159.585 -39.5814 4.44557 -0.190398 0.00300298
