0 161.495 -42.3618 5.235 -0.259132 0.00482307
1 78.7575 -14.0401 1.74704 -0.0781753 0.00147251
2 156.72 -41.367 4.88002 -0.222848 0.00377809
3 115.39 -23.0902 2.43125 -0.0901858 0.00123029
4 154.569 -37.6779 4.39191 -0.199566 0.00339609
5 107.913 -18.3579 1.6724 -0.0454223 0.000358082
6 136.707 -28.7158 3.05574 -0.120361 0.00175823
7 92.3819 -16.0004 1.65256 -0.0559619 0.000732087
8 162.111 -37.6045 4.0773 -0.171534 0.00271962
9 134.228 -29.4248 3.22418 -0.135506 0.00218669
10 101.062 -14.9684 1.1832 -0.0160133 -0.000270504
11 83.0031 -13.0403 1.28836 -0.0341193 0.000216373
12 136.918 -33.5348 3.91405 -0.175007 0.00292084
13 147.911 -31.0599 3.08806 -0.113626 0.00155367
14 122.199 -29.7522 3.52382 -0.156411 0.00258134
15 154.584 -36.2136 3.97115 -0.170251 0.00277814
16 224.689 -56.7475 6.23439 -0.277978 0.00462647
17 160.003 -37.0681 3.91195 -0.156909 0.00232438
18 135.082 -28.0935 2.8513 -0.105581 0.00144082
19 120.783 -24.6939 2.60805 -0.0975249 0.00134874
20 129.956 -29.2438 3.19909 -0.129213 0.00192037
21 154.979 -35.0575 3.70155 -0.150794 0.0023222
22 98.9573 -15.039 1.06552 -0.00250516 -0.000662378
23 130.236 -29.9829 3.46939 -0.155713 0.00268794
24 144.304 -32.5757 3.52054 -0.145643 0.002287
25 160.848 -40.9516 4.9315 -0.236601 0.00425257
26 162.463 -40.5586 4.69555 -0.215104 0.00371332
27 200.828 -52.9807 6.15404 -0.287619 0.00499138
28 141.98 -32.5088 3.59537 -0.149796 0.00232604
29 241.593 -66.3809 7.76051 -0.367633 0.00638957
30 153.507 -37.8885 4.34236 -0.192915 0.00318077
31 129.728 -28.4757 3.14861 -0.131117 0.00204253
32 160.888 -40.0164 4.53923 -0.1991 0.00328234
33 132.817 -31.5812 3.68004 -0.162278 0.00270545
34 94.5259 -19.1228 2.19676 -0.0848624 0.00122678
35 98.665 -19.4009 2.18954 -0.0844943 0.00123973
36 94.8765 -19.0904 2.18329 -0.0853101 0.0012666
37 73.3669 -9.33833 0.71145 0.00520419 -0.000648023
38 104.334 -19.5556 1.92843 -0.0573945 0.00054691
39 150.645 -35.2593 4.01102 -0.176155 0.00293472
40 141.881 -36.7001 4.43525 -0.204454 0.00351329
41 142.073 -33.3655 3.69476 -0.152597 0.00235811
42 120.617 -27.8442 3.13829 -0.128472 0.00197999
43 83.7806 -18.4846 2.33125 -0.103234 0.0017869
44 93.1503 -18.0555 1.99617 -0.0724253 0.000961269
45 248.955 -72.6637 8.68766 -0.420607 0.00750137
46 74.8751 -11.1816 1.1103 -0.0257389 0.000101444
47 99.0595 -21.1622 2.47197 -0.0992182 0.00146586
48 103.569 -15.2608 1.19151 -0.0129267 -0.000386573
49 153.558 -39.6252 4.65599 -0.210166 0.00352136
50 142.162 -37.2494 4.4708 -0.205601 0.00353527
51 123.721 -30.164 3.61939 -0.164223 0.00282616
52 100.44 -20.9229 2.19279 -0.0759094 0.000942986
53 119.65 -24.8742 2.71552 -0.105325 0.00149647
54 167.194 -42.8686 4.86572 -0.212637 0.00342691
55 112.687 -24.5971 2.7568 -0.107717 0.0015215
56 116.792 -27.7475 3.33331 -0.149321 0.00253905
57 133.202 -31.6923 3.83344 -0.178613 0.003157
58 127.975 -32.0072 3.86958 -0.176144 0.00300203
59 151.584 -39.5893 4.86728 -0.231901 0.00410575
60 133.92 -34.397 4.14313 -0.188859 0.00319773
61 137.066 -34.7901 4.32825 -0.207057 0.00371486
62 115.403 -27.2966 3.29726 -0.149262 0.00257652
63 122.048 -29.9532 3.56576 -0.157457 0.00260727
64 98.9318 -13.4745 1.04726 -0.0120179 -0.000272621
65 153.025 -31.7372 3.32077 -0.132259 0.00200258
66 121.813 -23.5802 2.365 -0.0818024 0.00101015
67 189.843 -47.322 5.44492 -0.251295 0.00435425
68 171.614 -36.7007 3.78951 -0.150178 0.00221507
69 251.278 -62.9828 6.85821 -0.301716 0.00488513
70 148.478 -27.287 2.56849 -0.0870608 0.00107963
71 146.127 -29.2052 2.96213 -0.111778 0.00157778
72 122.339 -20.9058 1.91131 -0.0562106 0.000522615
73 156.03 -32.1816 3.23928 -0.121054 0.0016287
74 137.38 -29.4801 3.22341 -0.133036 0.00207615
75 117.294 -16.7593 1.24806 -0.0182867 -0.000197481
76 130.865 -24.0915 2.34681 -0.0808446 0.00101487
77 114.738 -16.277 1.07442 -0.000647199 -0.000679371
78 152.735 -32.19 3.42297 -0.141163 0.00221269
79 216.332 -56.1627 6.54926 -0.307669 0.00534094
80 151.245 -28.5285 2.72902 -0.0944371 0.00117271
81 197.483 -46.2435 5.13848 -0.232269 0.00397784
82 170.469 -36.5326 3.85586 -0.159626 0.00250814
83 178.82 -41.109 4.47438 -0.192835 0.00312323
84 143.389 -27.8037 2.67236 -0.0913297 0.00109748
85 111.397 -16.007 1.24569 -0.0205131 -0.00012022
86 199.167 -48.0742 5.27053 -0.227963 0.00364853
87 123.241 -21.4257 2.04106 -0.0657857 0.000770966
88 118.995 -16.3475 1.07852 -0.00103115 -0.000698939
89 257.485 -69.2255 8.03815 -0.381451 0.00668148
90 116.177 -20.526 2.02916 -0.0679578 0.00082279
91 170.053 -37.2439 3.90915 -0.160757 0.00252381
92 228.716 -60.489 7.03562 -0.330614 0.00572955
93 172.787 -36.6461 3.69905 -0.1404 0.00192795
94 177.02 -40.3543 4.47982 -0.19447 0.00312929
