0 139.155 -29.6883 3.2241 -0.130794 0.00199915
1 134.935 -26.0144 2.64087 -0.0951504 0.0012395
2 61.1891 -1.33666 -0.342324 0.0551341 -0.00144338
3 142.494 -34.1518 4.05964 -0.18532 0.00316073
4 73.3618 -8.03377 0.547593 0.0101353 -0.00066191
5 134.132 -26.5106 2.72182 -0.100128 0.00134973
6 159.657 -38.2425 4.49645 -0.206669 0.00354741
7 141.362 -30.7969 3.47026 -0.150481 0.00246324
8 78.0206 -7.74702 0.429405 0.0192674 -0.00090903
9 155.769 -36.6339 4.24671 -0.191516 0.00322004
10 172.61 -42.5562 5.04779 -0.241994 0.00441312
11 184.515 -44.536 5.11895 -0.2349 0.00402009
12 171.663 -39.8687 4.34899 -0.183948 0.00289142
13 115.346 -20.8992 2.15884 -0.0778364 0.0010305
14 61.1696 -3.36007 0.0415622 0.0292615 -0.000869649
15 142.946 -32.1879 3.72502 -0.169133 0.002953
16 176.04 -44.4481 5.32508 -0.255593 0.00458271
17 137.368 -29.2345 3.11033 -0.1231 0.00185037
18 157.243 -36.2504 4.17146 -0.188924 0.00324117
19 149.935 -37.4403 4.54189 -0.215119 0.00382495
20 124.07 -26.4938 2.94776 -0.124177 0.00203088
21 125.787 -24.3494 2.48184 -0.0902167 0.00122843
22 148.728 -34.9911 4.20412 -0.198953 0.00354103
23 98.5443 -14.2217 1.24873 -0.0289205 0.00015112
24 157.094 -37.9292 4.49721 -0.213399 0.00384607
25 186.6 -47.6712 5.67972 -0.272278 0.00484064
26 97.7233 -15.2653 1.33542 -0.0271682 -3.715e-05
27 191.442 -49.1532 5.61876 -0.255084 0.00429257
28 182.986 -44.6112 5.14921 -0.239956 0.00421723
29 137.367 -30.2526 3.48049 -0.156116 0.00268485
30 156.016 -30.8131 3.13157 -0.120836 0.00176667
31 170.602 -40.4162 4.53759 -0.200023 0.00330265
32 180.23 -44.3967 4.95455 -0.214998 0.00347703
33 123.338 -26.0608 2.7858 -0.103673 0.00137587
34 174.841 -46.6139 5.86579 -0.293807 0.00546441
35 85.1732 -15.2734 1.66443 -0.0533933 0.000550254
36 84.0324 -14.163 1.48779 -0.0460343 0.000504865
37 84.7939 -15.1488 1.87606 -0.0801388 0.00137953
38 113.952 -22.6697 2.59022 -0.106925 0.00166535
39 147.971 -36.2528 4.31562 -0.198947 0.00343825
40 118.386 -24.0336 2.58976 -0.0988811 0.00140737
41 85.8325 -13.7456 1.44276 -0.0461184 0.00055163
42 165.577 -41.9194 5.04744 -0.238931 0.00422363
43 73.5094 -6.61452 0.156195 0.0423809 -0.00144583
44 136.127 -33.8462 4.19 -0.201781 0.00367736
45 126.169 -27.8746 3.1404 -0.131562 0.00209907
46 163.427 -42.8763 5.30815 -0.261911 0.004839
47 125.59 -28.2984 3.24062 -0.136524 0.00211674
48 107.528 -19.7745 2.07414 -0.0735988 0.000973261
49 122.587 -25.4327 2.68518 -0.101982 0.00147713
50 133.605 -26.5889 2.72995 -0.0982242 0.00123463
51 66.0196 -3.94203 -0.0651938 0.0445122 -0.00129275
52 79.2759 -11.0399 0.956731 -0.00982314 -0.000351074
53 140.436 -31.6683 3.62366 -0.157924 0.00257879
54 132.524 -28.5034 3.10944 -0.127764 0.00202048
55 113.757 -18.5787 1.64517 -0.0405033 0.000216423
56 126.808 -27.8827 3.30453 -0.14971 0.00258693
57 96.3719 -20.388 2.61048 -0.123521 0.00229567
58 97.0059 -17.4518 1.98808 -0.0797537 0.00128476
59 91.5818 -17.0252 1.99717 -0.0804363 0.00124492
60 126.224 -27.5669 3.22558 -0.142709 0.00240248
61 112.764 -24.4892 2.88163 -0.124372 0.00204081
62 111.776 -21.7563 2.34566 -0.087677 0.00120694
63 142.969 -32.7287 3.83376 -0.175951 0.00309908
64 147.723 -34.9765 3.91947 -0.167198 0.00265665
65 122.461 -29.9807 3.7583 -0.182099 0.00336547
66 127.716 -27.5912 3.06002 -0.125059 0.00191355
67 175.029 -43.3071 4.91873 -0.217798 0.00359125
68 144.823 -34.93 4.19018 -0.196259 0.00347364
69 117.468 -28.5309 3.40481 -0.148284 0.00237986
70 151.304 -39.1513 4.64368 -0.212789 0.00362959
71 188.32 -47.9295 5.57118 -0.257061 0.00439994
72 113.501 -20.1545 2.0392 -0.0713222 0.000928137
73 150.497 -40.5946 5.09069 -0.247131 0.00442813
74 141.653 -39.4168 5.04959 -0.253228 0.00474135
75 137.199 -30.1423 3.22564 -0.130018 0.00198882
76 133.691 -34.3383 4.24948 -0.200741 0.00352647
77 118.995 -23.7582 2.59628 -0.106373 0.00170776
78 145.631 -35.4537 4.30912 -0.205571 0.00368201
79 104.438 -18.0915 2.00968 -0.0825585 0.00141028
80 104.922 -21.9817 2.55653 -0.107914 0.00174783
81 113.494 -25.4752 3.05272 -0.138456 0.00240674
82 137.44 -30.5934 3.50298 -0.154938 0.00263288
83 134.571 -29.8564 3.26688 -0.133413 0.00207275
84 130.886 -28.1565 2.92229 -0.108166 0.00144916
85 126.119 -27.5038 3.12856 -0.135266 0.00224705
86 77.5353 -8.19993 0.543184 0.00900338 -0.000622805
87 129.632 -29.2858 3.37595 -0.149513 0.00254227
88 101.663 -20.5761 2.33495 -0.0930071 0.00141424
89 97.3323 -16.2234 1.69596 -0.057666 0.000722
90 119.025 -27.5675 3.30434 -0.147058 0.00244039
91 152.656 -33.7914 3.59496 -0.142111 0.0020349
92 75.2646 -4.98605 -0.177223 0.0634211 -0.00190645
93 119.714 -27.4724 3.25274 -0.140899 0.00226017
94 125.056 -27.5351 3.21763 -0.141792 0.00237807
