0 134.717 -31.4778 3.80901 -0.182046 0.00323561
1 126.954 -28.2736 3.58264 -0.18028 0.00339595
2 111.441 -21.2737 2.4675 -0.112287 0.0020093
3 69.3496 -6.78252 0.580206 -0.00658662 -0.000127753
4 115.534 -22.4934 2.61835 -0.125073 0.00241691
5 79.0344 -12.2061 1.57327 -0.0773755 0.00152816
6 106.505 -17.6363 1.86337 -0.0757596 0.001266
7 125.722 -26.9087 3.33349 -0.169632 0.00332842
8 190.744 -48.9509 5.96708 -0.298877 0.00553901
9 137.115 -31.2161 3.8331 -0.191511 0.00363291
10 104.929 -18.0094 2.08706 -0.0970628 0.0018703
11 100.485 -17.8169 2.10004 -0.0971347 0.0018344
12 136.854 -37.248 4.95844 -0.264782 0.00522488
13 182.834 -45.8929 5.62325 -0.283222 0.00530463
14 89.9252 -16.8982 2.075 -0.0988244 0.00188458
15 133.686 -27.2226 3.02362 -0.133136 0.00225173
16 169.557 -41.9048 5.20092 -0.268539 0.00521032
17 145.119 -32.5968 3.96068 -0.197578 0.00375229
18 109.507 -19.3286 2.08451 -0.0850015 0.00133335
19 101.922 -19.5895 2.3095 -0.102615 0.00174584
20 112.171 -23.0026 2.85042 -0.14266 0.00277599
21 99.1943 -16.3253 1.87554 -0.0823613 0.00142878
22 125.827 -28.2329 3.59298 -0.188334 0.00379541
23 81.2946 -10.0384 1.02269 -0.0328368 0.000431902
24 141.977 -29.5084 3.32359 -0.152148 0.00266564
25 105.671 -18.0853 1.99288 -0.0839552 0.00140014
26 164.385 -37.4564 4.33543 -0.203547 0.00356791
27 148.504 -31.2925 3.44293 -0.152098 0.00255936
28 119.618 -22.9955 2.56767 -0.111419 0.00184476
29 138.693 -31.1685 3.61432 -0.16353 0.00273163
30 122.061 -22.2138 2.44117 -0.107114 0.0018671
31 146.005 -30.6328 3.48288 -0.161924 0.00289849
32 103.967 -19.5142 2.25132 -0.101178 0.00178075
33 45.951 3.54245 -0.859161 0.0721411 -0.00160521
34 79.1055 -10.9431 1.18215 -0.0441171 0.000693789
35 124.204 -26.8554 3.19015 -0.152572 0.00283712
36 56.3123 -3.78633 0.332698 -0.00548623 0.000176947
37 72.4228 -10.4922 1.21463 -0.0517754 0.00101092
38 97.7971 -18.9627 2.33349 -0.114801 0.00226939
39 118.973 -24.1962 2.91658 -0.145488 0.00289838
40 86.4926 -14.7413 1.87133 -0.0926613 0.00184238
41 76.487 -9.73142 1.10314 -0.048351 0.000983409
42 131.352 -29.6989 3.64824 -0.183011 0.00351112
43 74.5358 -9.67801 1.06541 -0.0423451 0.00080583
44 76.448 -6.01903 0.124065 0.0318298 -0.00108885
45 131.48 -28.261 3.2546 -0.155646 0.00297313
46 100.425 -21.8165 2.82402 -0.14434 0.00284137
47 107.305 -23.0634 2.97553 -0.154095 0.00306847
48 63.1322 -7.0434 0.860139 -0.0370645 0.000741243
49 62.5072 -6.85326 0.84675 -0.0384286 0.000868159
50 57.111 -0.0428888 -0.417229 0.0478688 -0.00109412
51 112.708 -20.4922 2.2736 -0.100793 0.00179581
52 88.7327 -13.9158 1.66016 -0.0784105 0.00154315
53 137.259 -31.1499 3.83426 -0.196409 0.00386538
54 86.757 -13.5929 1.5612 -0.067062 0.00116369
55 124.45 -29.1301 3.70295 -0.190931 0.00375105
56 70.6041 -8.34407 0.76948 -0.0164966 6.4577e-05
57 75.1896 -6.0149 0.377196 0.0024288 -0.000200104
58 114.661 -24.2263 2.91859 -0.139263 0.00254016
59 42.3005 2.74721 -0.671974 0.0644022 -0.00158483
60 62.317 -8.10084 1.05792 -0.0484504 0.000959614
61 73.9675 -9.72006 1.08608 -0.0415629 0.000705051
62 65.3379 -7.85775 1.04582 -0.0494702 0.00100401
63 170.745 -43.4611 5.40336 -0.276546 0.0052743
