0 104.367 -23.1361 2.66173 -0.105156 0.00151665
1 142.375 -35.8005 4.31755 -0.199813 0.00346683
2 142.049 -35.0219 4.14007 -0.186491 0.00316004
3 105.342 -24.389 3.04891 -0.140735 0.00249871
4 118.865 -29.3293 3.62605 -0.168167 0.00294176
5 119.133 -28.6193 3.5803 -0.171184 0.0031201
6 87.1327 -13.6464 1.22017 -0.0212808 -0.000153092
7 127.596 -30.283 3.48684 -0.149434 0.00239994
8 83.1395 -11.4209 0.800789 0.00645539 -0.000750263
9 106.417 -24.3756 3.07374 -0.143203 0.00254944
10 81.6772 -15.7984 1.83407 -0.0679028 0.000935548
11 142.227 -32.8298 3.64033 -0.151283 0.00235385
12 156.108 -40.3593 4.8687 -0.22804 0.00397076
13 126.101 -27.982 3.09363 -0.12252 0.001782
14 124.072 -29.1756 3.46526 -0.154442 0.00260798
15 149.387 -33.7553 3.58701 -0.140894 0.00203901
16 162.771 -41.8753 5.02337 -0.233545 0.00402369
17 148.641 -33.5731 3.46379 -0.127652 0.00165677
18 98.8895 -20.105 2.38141 -0.0990551 0.00155766
19 94.0403 -17.3441 1.84316 -0.0617911 0.000729494
20 79.5769 -12.809 1.31644 -0.0415455 0.000570422
21 137.445 -33.1412 3.80365 -0.161449 0.00252171
22 115.452 -23.2722 2.52825 -0.0975332 0.00141551
23 110.253 -24.2671 2.7757 -0.114023 0.00174729
24 155.019 -36.8176 4.20316 -0.187115 0.00316152
25 126.772 -31.1016 3.66573 -0.161214 0.00264537
26 68.7973 -5.63753 0.281063 0.0193605 -0.00067497
27 124.484 -28.1908 3.35371 -0.149494 0.00249177
28 138.181 -33.052 3.87212 -0.172782 0.00290603
29 116.237 -26.5048 3.191 -0.145541 0.00256528
30 88.083 -12.7701 1.19276 -0.0280638 0.000174449
31 143.608 -36.7501 4.39213 -0.200956 0.00343844
32 49.4823 0.476829 -0.502546 0.0618643 -0.00153258
33 117.507 -24.6047 2.69789 -0.10559 0.00153962
34 142.91 -35.7022 4.3768 -0.208795 0.00372394
35 191.765 -51.6637 6.19417 -0.296132 0.00522661
36 156.902 -41.9496 5.22308 -0.252576 0.00448733
37 119.373 -26.6507 3.00668 -0.122524 0.0018629
38 170.474 -40.9511 4.58502 -0.198793 0.00321134
39 125.749 -32.1033 4.069 -0.194435 0.00341711
40 110.92 -21.1928 2.14907 -0.0720826 0.000838825
41 122.559 -26.2999 2.99597 -0.137855 0.00249431
42 170.749 -47.6395 5.84445 -0.280987 0.00496337
43 92.8286 -16.2859 1.6119 -0.0472912 0.000419308
44 106.255 -19.088 1.70067 -0.0381699 4.3029e-05
45 165.418 -40.0615 4.60101 -0.207551 0.00349745
46 127.042 -29.427 3.38804 -0.144146 0.00224549
47 88.7018 -10.9723 0.680709 0.0141533 -0.000947574
48 133.37 -33.5389 4.02467 -0.184173 0.00316202
49 155.144 -36.5825 4.22796 -0.192416 0.00332492
50 142.143 -31.8996 3.4435 -0.138934 0.00208236
51 88.1914 -12.0819 0.901753 -0.00153961 -0.000560821
52 120.002 -26.2299 3.06105 -0.135331 0.00230858
53 110.666 -22.7812 2.55191 -0.102658 0.00153473
54 114.2 -19.7172 1.82674 -0.0522226 0.000443833
55 153.458 -37.453 4.44689 -0.207778 0.00365973
56 221.67 -61.676 7.53816 -0.375628 0.00690645
57 150.968 -35.2319 3.95312 -0.16984 0.00273113
58 95.5077 -17.9675 2.03623 -0.0791855 0.00116081
59 90.0232 -13.711 1.3253 -0.0360935 0.00029312
60 206.864 -54.278 6.32434 -0.297372 0.00521463
61 120.193 -25.7605 3.01959 -0.134362 0.00229145
62 105.76 -19.957 2.13942 -0.0795983 0.00110766
63 148.289 -36.2729 4.33203 -0.202934 0.00357633
64 125.519 -29.8871 3.37395 -0.142085 0.00229111
65 230.163 -64.8127 7.4911 -0.348886 0.00602387
66 205.984 -56.0813 6.45486 -0.295963 0.00500976
67 143.329 -35.5279 4.0585 -0.181577 0.00310443
68 140.889 -35.6241 4.08852 -0.179907 0.00296144
69 164.932 -43.7842 5.28924 -0.255199 0.00462062
70 188.573 -49.0218 5.44892 -0.237296 0.00384328
71 103.878 -22.3456 2.47327 -0.0935881 0.0012819
72 133.573 -29.6223 3.10497 -0.11934 0.00170299
73 132.92 -32.3076 3.66143 -0.157265 0.00254357
74 140.049 -33.8823 3.69006 -0.151427 0.00235444
75 113.788 -25.7705 2.88312 -0.119664 0.0019113
76 133.33 -31.4895 3.59405 -0.157642 0.00264769
77 71.7476 -10.1934 0.812116 -0.00457364 -0.000345355
78 101.518 -21.6164 2.33873 -0.0864664 0.00118625
79 82.8085 -13.616 1.20946 -0.0213088 -0.00012129
80 55.0159 -5.81622 0.455633 0.00786187 -0.000520167
81 81.3129 -16.0082 1.81552 -0.0697794 0.00107402
82 123.918 -28.1978 3.02214 -0.115023 0.0015528
83 103.267 -24.5953 2.93834 -0.126455 0.00203617
84 147.487 -38.5557 4.55014 -0.208825 0.00356661
85 132.173 -30.9798 3.50736 -0.147561 0.00227568
86 139.133 -33.7292 3.82634 -0.165552 0.00269251
87 93.2184 -20.5257 2.29417 -0.0871597 0.00123325
88 116.72 -23.8697 2.33794 -0.0757682 0.00084492
89 89.7285 -19.4445 2.28168 -0.0912497 0.00135947
90 139.108 -36.5459 4.48283 -0.214137 0.00384251
91 91.397 -19.1861 2.31459 -0.100457 0.00170727
92 158.371 -40.5058 4.80726 -0.22822 0.00410842
93 109.334 -27.7712 3.46557 -0.162694 0.00289843
94 113.455 -27.6893 3.33833 -0.149595 0.00252482
