0 88.7006 -19.1407 2.43158 -0.107502 0.00182355
1 185.389 -51.025 6.15176 -0.2903 0.00505765
2 160.571 -42.8577 5.31687 -0.259878 0.00475963
3 92.6178 -19.4571 2.30539 -0.0940044 0.00149667
4 109.671 -25.6684 3.13377 -0.143057 0.00254236
5 140.861 -37.493 4.82222 -0.238587 0.00434561
6 75.6452 -10.0232 0.89107 -0.00851357 -0.000371535
7 136.173 -35.4394 4.42468 -0.215903 0.00399929
8 120.118 -24.5771 2.62252 -0.0994227 0.0014432
9 153.443 -36.4055 4.08153 -0.175724 0.00285309
10 135.613 -33.4161 4.0074 -0.185005 0.00325822
11 96.1693 -16.1469 1.62274 -0.0490773 0.000530645
12 159.353 -41.1171 4.7289 -0.210198 0.00349733
13 130.71 -30.4455 3.51776 -0.155298 0.00263451
14 104.919 -23.6369 2.7925 -0.118346 0.00191313
15 55.3215 -1.40629 -0.291968 0.0530451 -0.00139838
16 196.899 -47.4162 5.20349 -0.223643 0.003547
17 160.629 -38.5279 4.418 -0.195709 0.00324889
18 130.002 -28.4038 3.21277 -0.139621 0.00236983
19 145.812 -36.6917 4.32852 -0.194689 0.00327074
20 144.421 -36.3267 4.31207 -0.196643 0.00335672
21 119.043 -24.9589 2.85513 -0.121945 0.00206086
22 116.18 -25.273 2.78777 -0.109232 0.00160764
23 104.16 -21.1706 2.25475 -0.0817445 0.0011453
24 130.72 -31.7907 3.86232 -0.179477 0.00314779
25 140.357 -34.8996 4.32387 -0.207665 0.00377248
26 135.654 -30.954 3.55493 -0.156026 0.00262697
27 88.0752 -14.3619 1.37104 -0.0332275 0.000172467
28 128.91 -25.0692 2.42681 -0.0753454 0.000699743
29 107.83 -20.5789 2.3072 -0.0919847 0.00144784
30 183.564 -47.3478 5.55022 -0.257471 0.00448285
31 81.5363 -12.0135 1.05586 -0.0146637 -0.000208649
32 118.222 -27.1955 3.07281 -0.12489 0.0018817
33 58.3043 -5.40479 0.372544 0.0150823 -0.00067763
34 82.2112 -14.351 1.49242 -0.0448717 0.000475914
35 123.846 -31.3984 3.95002 -0.189778 0.00342924
36 142.216 -32.5645 3.66054 -0.157036 0.0025723
37 40.1425 -0.536835 -0.0894263 0.032996 -0.000926087
38 126.383 -29.2675 3.35516 -0.140526 0.00220183
39 120.024 -29.1385 3.52899 -0.160298 0.00278973
40 83.0624 -12.9456 1.23949 -0.0307186 0.000222821
41 78.7956 -16.0669 1.99524 -0.0821621 0.00130837
42 170.436 -42.6396 4.94444 -0.228274 0.00402272
43 137.221 -34.6143 4.20263 -0.196987 0.00351186
44 170.999 -48.1058 5.83991 -0.277337 0.00487705
45 120.272 -29.5066 3.67115 -0.174199 0.00315049
46 66.0611 -9.86699 1.07952 -0.0286446 0.000244453
47 110.787 -26.5389 3.17087 -0.137774 0.00224854
48 94.7033 -21.8789 2.83026 -0.134718 0.00247303
49 81.9644 -15.1193 1.80261 -0.0696503 0.00103507
50 82.477 -14.5157 1.735 -0.0738336 0.00132858
51 152.511 -35.3788 3.79935 -0.154903 0.00240217
52 152.646 -35.9915 3.82433 -0.152062 0.00223436
53 77.3531 -9.79319 0.775188 -0.00100865 -0.000465206
54 159.522 -44.1477 5.44668 -0.25869 0.00449779
55 102.358 -22.6053 2.56943 -0.0999904 0.00144697
56 121.455 -29.3394 3.45192 -0.153062 0.0025887
57 93.5908 -16.8767 1.61921 -0.0423966 0.000296214
58 144.225 -36.9447 4.49618 -0.210446 0.0036707
59 73.2227 -10.178 1.03139 -0.0242458 0.000154953
60 205.727 -56.7709 6.74314 -0.319181 0.00557457
61 141.859 -39.3691 5.10682 -0.25694 0.00482794
62 83.9068 -13.9423 1.41155 -0.0404663 0.000416687
63 131.97 -32.8376 3.94336 -0.179161 0.0030658
64 107.982 -20.236 2.11195 -0.0766883 0.00106495
65 106.66 -16.0241 1.28464 -0.0221976 -0.000100061
66 115.788 -21.9868 2.21292 -0.0764442 0.000993038
67 126.588 -24.0422 2.25964 -0.0690524 0.000681834
68 175.163 -40.3487 4.22748 -0.167823 0.00245799
69 122.103 -25.8955 2.91109 -0.12403 0.00204412
70 120.338 -24.0831 2.49923 -0.092281 0.00128903
71 102.001 -16.3249 1.48446 -0.0367132 0.000215316
72 251.961 -69.7209 8.11174 -0.379284 0.00647847
73 134.934 -26.4355 2.54562 -0.0831806 0.000935206
74 125.248 -24.5982 2.49327 -0.0899149 0.00124375
75 145.553 -31.1504 3.20963 -0.122882 0.00175735
76 140.005 -26.7562 2.47496 -0.0768489 0.000801489
77 131.258 -26.505 2.74002 -0.104821 0.00155875
78 115.641 -19.2344 1.7406 -0.0484602 0.0004416
79 137.176 -35.2907 4.31477 -0.206357 0.00375381
80 107.821 -20.3058 2.12611 -0.0769028 0.00105423
81 167.461 -42.4305 4.93321 -0.225885 0.00386431
82 140.147 -29.4745 3.11815 -0.125073 0.00193855
83 147.586 -32.4319 3.51141 -0.145947 0.00232074
84 121.989 -27.5835 3.19007 -0.14023 0.00237913
85 149.487 -36.7409 4.35223 -0.201989 0.00355052
86 104.951 -17.1846 1.66341 -0.051917 0.000607166
87 120.79 -24.737 2.59557 -0.0961377 0.00131478
88 78.303 -8.38144 0.571079 0.00448444 -0.000422253
89 176.068 -43.2801 4.97113 -0.226835 0.00390497
90 128.623 -24.7994 2.562 -0.0974528 0.00144697
91 140.435 -29.8737 3.28398 -0.139207 0.00227195
92 135.632 -28.2147 3.03645 -0.121835 0.00187152
93 117.415 -21.4299 2.17086 -0.078004 0.00108928
94 116.119 -25.5994 3.08147 -0.140394 0.00244889
