0 144.956 -32.9635 3.64503 -0.153684 0.0024734
1 121.559 -29.2995 3.60319 -0.165357 0.00283551
2 126.86 -33.695 4.34095 -0.211025 0.00376506
3 79.0877 -12.503 1.29376 -0.036677 0.000329773
4 150.208 -35.2948 3.98561 -0.172137 0.00276899
5 118.416 -27.5619 3.27503 -0.144358 0.00239368
6 133.986 -31.6216 3.60737 -0.156694 0.00259417
7 154.42 -38.3969 4.53005 -0.208244 0.00358418
8 131.472 -32.2182 4.00512 -0.192704 0.00347342
9 139.211 -31.9799 3.61057 -0.151822 0.00234286
10 95.2546 -15.9207 1.48822 -0.0355703 0.000111641
11 173.178 -42.131 4.62287 -0.196823 0.00312448
12 134.759 -31.515 3.67876 -0.166163 0.00285606
13 154.269 -36.8173 4.17833 -0.183399 0.00300425
14 141.048 -36.6148 4.56079 -0.222149 0.00404524
15 75.1605 -11.9372 1.24845 -0.0353513 0.000293722
16 138.504 -34.4316 4.04519 -0.182239 0.00310122
17 173.92 -43.9633 5.11119 -0.233836 0.00396958
18 131.984 -28.4515 3.09429 -0.124661 0.00188782
19 109.137 -24.5133 3.02723 -0.141421 0.00255991
20 83.1487 -14.2901 1.58073 -0.0562414 0.000789935
21 142.887 -35.5252 4.1851 -0.188977 0.00317372
22 166.833 -44.8487 5.46136 -0.261811 0.00464157
23 143.529 -29.5516 2.96947 -0.10943 0.00149943
24 149.374 -33.5723 3.56127 -0.140876 0.00205291
25 154.129 -35.8292 3.94391 -0.166226 0.00262338
26 150.081 -36.9455 4.35487 -0.198437 0.00340326
27 107.944 -22.2527 2.58372 -0.111921 0.00189261
28 113.475 -23.9994 2.64873 -0.103535 0.00152593
29 143.91 -34.481 3.88834 -0.164676 0.00257563
30 152.871 -37.2678 4.42342 -0.207723 0.00369611
31 178.307 -48.4303 5.91929 -0.285405 0.00505563
32 170.403 -44.3628 5.09464 -0.227884 0.00378704
33 155.05 -38.4756 4.53104 -0.206709 0.00353187
34 157.627 -43.9898 5.54163 -0.273981 0.00501959
35 169.975 -45.529 5.54233 -0.268549 0.00485676
36 100.308 -21.5778 2.50488 -0.102771 0.00158528
37 143.144 -32.9768 3.57864 -0.143711 0.00213465
38 114.748 -28.7458 3.52451 -0.159857 0.00269705
39 117.738 -28.9382 3.5229 -0.159042 0.0026816
40 83.6614 -11.5072 1.15413 -0.0348205 0.000446648
41 66.9208 -5.89851 0.120926 0.0378446 -0.00121576
42 191.331 -53.3566 6.12899 -0.274893 0.00451528
43 221.322 -59.3215 6.64697 -0.295089 0.00482309
44 120.182 -26.06 2.88586 -0.11854 0.00188054
45 65.2732 -9.58166 1.02382 -0.0268456 0.000217769
46 119.641 -25.7681 2.77847 -0.111 0.00170843
47 136.757 -32.1998 3.42352 -0.134077 0.00195926
48 140.622 -32.6268 3.71097 -0.162039 0.00266357
49 178.008 -47.3478 5.64248 -0.265737 0.00463698
50 152.663 -37.5103 4.42033 -0.205493 0.00363441
51 188.029 -47.5913 5.25691 -0.228488 0.00370722
52 107.89 -23.1469 2.51137 -0.0942156 0.00130086
53 140.54 -31.6465 3.37145 -0.134859 0.00203867
54 145.289 -36.155 4.2108 -0.190985 0.00328126
55 171.696 -44.5186 5.24765 -0.242071 0.00412706
56 122.468 -24.7679 2.38847 -0.0765879 0.000804073
57 101.951 -23.6896 2.7539 -0.111546 0.00163456
58 94.3932 -18.714 2.14197 -0.0874382 0.00141901
59 93.4696 -20.2875 2.59751 -0.12279 0.0022415
60 106.028 -23.4466 2.69685 -0.112041 0.00174613
61 157.893 -40.2846 4.61865 -0.202937 0.00328544
62 166.923 -43.2673 5.10397 -0.238821 0.00418421
63 173.407 -47.9518 5.81801 -0.280247 0.00499795
64 397.157 -105.885 11.058 -0.481066 0.00778293
65 165.146 -45.8518 5.39869 -0.245572 0.0041253
66 268.521 -72.8635 7.84108 -0.338962 0.00539257
67 138.236 -36.0665 4.12682 -0.176939 0.0028016
68 196.328 -49.3892 5.19529 -0.211302 0.00316769
69 310.308 -79.9013 8.20371 -0.342024 0.00525755
70 310.73 -88.3032 9.84312 -0.445544 0.00741025
71 132.061 -31.1469 3.32047 -0.12679 0.00176295
72 230.404 -64.5158 7.41431 -0.342031 0.00580557
73 282.829 -74.0991 7.62772 -0.311917 0.00464024
74 171.271 -41.9329 4.25024 -0.15593 0.00197212
75 203.597 -55.0813 6.27115 -0.28638 0.00486464
76 109.116 -28.3392 3.57985 -0.168897 0.00298339
77 222.612 -61.675 6.96457 -0.313804 0.00521678
78 124.172 -36.2742 4.57061 -0.219668 0.00394185
79 293.601 -84.5435 9.57338 -0.439094 0.00738304
80 85.5587 -19.2125 2.25583 -0.0903429 0.00136629
81 314.415 -85.3871 9.03357 -0.388731 0.00615923
82 142.189 -35.4846 4.07506 -0.179836 0.00298065
83 287.303 -80.1591 8.89757 -0.401924 0.00670272
84 174.82 -47.84 5.46339 -0.242145 0.00393218
85 143.231 -32.2344 3.21894 -0.11289 0.00135763
86 263.797 -72.1457 7.85699 -0.342946 0.00550529
87 111.149 -26.2743 3.06591 -0.131936 0.00214425
88 139.682 -36.6807 4.24781 -0.186282 0.00304008
89 118.354 -29.7385 3.50207 -0.15258 0.00247832
90 137.745 -33.4175 3.58187 -0.13923 0.00194774
91 266.071 -77.7713 9.09471 -0.430103 0.00745082
92 54.6414 -8.9015 1.0513 -0.0292868 0.000243651
93 161.99 -45.3139 5.26049 -0.233481 0.00380458
94 152.167 -42.7555 5.2078 -0.246573 0.00433981
