0 86.1132 -16.3126 1.76934 -0.0605694 0.000759821
1 70.735 -14.3107 1.76426 -0.0673965 0.000944387
2 39.9045 0.77172 -0.375942 0.0521634 -0.00136377
3 195.072 -52.8159 6.0599 -0.274733 0.00459899
4 107.937 -24.4192 2.83022 -0.118363 0.0018619
5 105.579 -24.5033 2.8401 -0.117716 0.0018331
6 96.2387 -19.9523 2.35171 -0.0968608 0.00151506
7 104.617 -22.5632 2.65848 -0.112578 0.00178839
8 131.176 -35.6568 4.44642 -0.211837 0.00374058
9 122.896 -25.5012 2.60085 -0.0935962 0.0012227
10 202.189 -56.4176 6.73227 -0.319054 0.00555061
11 123.075 -26.6564 2.74402 -0.0967284 0.00117203
12 129.751 -30.9343 3.64702 -0.163683 0.00276049
13 125.771 -29.2689 3.32168 -0.140055 0.00221334
14 198.931 -53.8992 6.20572 -0.285692 0.00492065
15 93.6594 -15.5651 1.34975 -0.0274721 -1.85874e-05
16 84.7224 -14.8487 1.58384 -0.0487426 0.000437632
17 146.36 -39.7276 4.92243 -0.234633 0.00412107
18 275.826 -78.0494 8.9247 -0.413965 0.00704336
19 115.649 -24.9734 2.70042 -0.10238 0.00140996
20 140.267 -32.028 3.43311 -0.136759 0.00201008
21 163.774 -44.0293 5.39386 -0.256925 0.00450838
22 89.5683 -14.975 1.39579 -0.0323572 8.56167e-05
23 69.4352 -11.797 1.36212 -0.0434449 0.000440034
24 110.595 -22.3384 2.39662 -0.0907688 0.00128551
25 135.811 -31.1897 3.42314 -0.138374 0.00204221
26 101.486 -20.066 2.0921 -0.0713207 0.000839287
27 93.6486 -21.4715 2.66321 -0.118184 0.00199012
28 68.4793 -11.2457 1.23087 -0.0348245 0.000282297
29 100.297 -18.3638 1.89473 -0.0661505 0.000876408
30 77.3049 -12.186 1.09914 -0.0167219 -0.000248737
31 45.449 -4.38396 0.488239 -0.00146337 -0.000267189
32 149.964 -33.651 3.73559 -0.157955 0.00251216
33 144.352 -31.6968 3.41499 -0.137935 0.00212323
34 232.451 -63.9845 7.46679 -0.346964 0.00590272
35 88.0967 -14.5522 1.46096 -0.0407567 0.000312117
36 98.36 -18.1733 2.0454 -0.080478 0.00123748
37 125.724 -25.5445 2.64482 -0.0944428 0.00119848
38 145.036 -35.7381 4.28927 -0.200432 0.00353981
39 107.342 -22.976 2.72614 -0.117362 0.00191572
40 104.272 -20.698 2.33891 -0.0942955 0.00145552
41 69.1385 -6.80889 0.395651 0.0209822 -0.000969625
42 76.7277 -11.2961 1.31826 -0.0490628 0.000764066
43 122.066 -26.3737 3.0353 -0.13063 0.0021346
44 129.624 -31.4856 3.8941 -0.184567 0.00329151
45 133.656 -29.7279 3.2824 -0.138265 0.00223844
46 118.711 -25.4652 2.88835 -0.120329 0.001892
47 164.486 -37.8163 4.03657 -0.164676 0.00250763
48 96.4769 -17.6734 2.01973 -0.0823895 0.00135029
49 71.548 -6.49382 0.405943 0.0148319 -0.000716157
50 145.959 -34.0546 3.99451 -0.183997 0.00320886
51 146.901 -33.1706 3.55318 -0.143755 0.00216752
52 116.44 -23.5716 2.81079 -0.131278 0.00241392
53 139.703 -30.6317 3.28204 -0.128975 0.00184117
54 107.723 -19.2079 1.99966 -0.0726765 0.00102326
55 180.841 -44.5644 5.00361 -0.223708 0.00376026
56 128.218 -28.5172 3.12037 -0.125428 0.00186718
57 159.839 -37.5279 4.24396 -0.185611 0.00301695
58 122.725 -19.1493 1.45414 -0.0222966 -0.000249107
59 110.848 -21.1825 2.25056 -0.0840501 0.00118317
60 133.897 -29.9765 3.41497 -0.147539 0.00238994
61 139.963 -31.6877 3.60279 -0.158109 0.00263635
62 144.845 -33.0682 3.65985 -0.15324 0.00239189
63 168.912 -38.2517 4.09291 -0.169624 0.00264225
64 72.7551 -6.57018 0.321927 0.0179438 -0.000683373
65 83.8232 -11.6914 0.964927 -0.0132298 -0.000188845
66 188.367 -45.1037 4.83039 -0.201767 0.00313062
67 177.987 -44.5276 4.84274 -0.203357 0.00315308
68 150.495 -35.6688 3.99395 -0.171952 0.00277849
69 188.232 -48.059 5.33562 -0.235622 0.00389351
70 41.4375 -0.253048 -0.173619 0.0366851 -0.00101664
71 147.814 -34.4614 3.97509 -0.178603 0.00303502
72 136.134 -29.2925 3.00974 -0.113377 0.00159608
73 208.304 -49.4138 5.10977 -0.207159 0.0030808
74 150.503 -36.3472 4.20973 -0.189515 0.00318934
75 146.543 -30.9455 3.14678 -0.119337 0.00168652
76 153.424 -36.9372 4.25854 -0.192369 0.00325726
77 100.867 -17.8713 1.70956 -0.0506599 0.000478534
78 153.185 -37.7527 4.52084 -0.215669 0.00386143
79 141.812 -35.2074 4.21703 -0.197601 0.00348806
80 147.399 -36.0547 4.23615 -0.19506 0.00337835
81 115.045 -20.866 1.92587 -0.058482 0.000606897
82 107.961 -24.1287 2.77739 -0.119101 0.00194925
83 150.499 -36.2409 4.07496 -0.17933 0.00297959
84 118.311 -24.9082 2.61029 -0.0971936 0.00130464
85 132.396 -29.8515 3.34748 -0.140799 0.00219907
86 107.312 -22.326 2.63862 -0.116515 0.00197971
87 126.268 -25.226 2.68308 -0.105619 0.00158656
88 121.803 -25.5423 2.70679 -0.104045 0.00147562
89 139.003 -29.9176 3.16756 -0.126662 0.00190903
90 116.07 -26.2358 3.1205 -0.139614 0.00235511
91 126.965 -25.1427 2.6919 -0.107037 0.00161621
92 4.05278 15.4273 -2.41524 0.168589 -0.00370111
93 95.8114 -18.9704 2.17474 -0.0881848 0.00138259
94 94.3809 -13.6176 1.06508 -0.0123418 -0.000295651
