0 164.043 -41.1359 4.81266 -0.215946 0.00358653
1 31.3221 6.89808 -1.19954 0.0957541 -0.00211959
2 94.089 -17.7709 1.94597 -0.0647145 0.000680325
3 180.682 -48.5555 5.82717 -0.274422 0.00476828
4 168.736 -38.5784 3.92691 -0.146506 0.00196383
5 157.166 -37.2829 4.25198 -0.186336 0.00304265
6 156.601 -38.2288 4.29005 -0.182275 0.002853
7 171.583 -47.1808 5.89941 -0.292247 0.00536346
8 100.398 -21.1822 2.55573 -0.111404 0.0018755
9 133.283 -31.4682 3.76408 -0.169929 0.00285966
10 118.47 -27.0342 3.16838 -0.135338 0.00215955
11 130.881 -28.6241 3.17073 -0.130583 0.00206397
12 128.345 -29.0133 3.42023 -0.15046 0.00247459
13 128.391 -29.3065 3.42467 -0.149707 0.00244747
14 117.458 -23.3263 2.56453 -0.10133 0.00150338
15 166.717 -41.2878 4.85836 -0.224976 0.00389006
16 225.608 -62.7083 7.58045 -0.370286 0.00666588
17 76.1106 -9.74795 0.919648 -0.0176011 1.81062e-05
18 147.695 -34.115 3.75864 -0.153879 0.00230173
19 162.303 -38.5781 4.3261 -0.188555 0.00309951
20 171.162 -42.0897 4.83339 -0.220575 0.00380919
21 165.059 -39.0755 4.3298 -0.181664 0.002802
22 79.4289 -9.30943 0.722065 -0.000718129 -0.000361222
23 125.424 -25.4345 2.66217 -0.0998993 0.00141291
24 143.117 -37.5837 4.65194 -0.22251 0.00395855
25 164.866 -41.5632 5.00083 -0.235144 0.004085
26 164.904 -37.7958 4.20228 -0.181008 0.00292718
27 112.465 -24.2223 2.79069 -0.115358 0.00176182
28 122.644 -28.4256 3.39778 -0.150743 0.00248353
29 141.999 -30.6696 3.42581 -0.145685 0.00236214
30 125.125 -28.374 3.43506 -0.154012 0.0025604
31 67.8351 -1.36806 -0.792502 0.104755 -0.00284667
32 138.166 -36.2103 4.35696 -0.199903 0.00344567
33 29.4955 -0.113119 0.0624625 0.0229768 -0.000801825
34 138.703 -38.0411 4.68092 -0.215062 0.00361324
35 39.0975 -4.43731 0.759154 -0.0280282 0.000491642
36 89.4468 -21.3757 2.75887 -0.125226 0.00212977
37 72.4386 -10.0874 0.838061 -0.00191114 -0.000506552
38 164.025 -42.7533 4.90512 -0.215204 0.00349137
39 115.197 -26.9613 3.11248 -0.132014 0.00215992
40 121.129 -30.2011 3.5683 -0.153881 0.00246569
41 79.1283 -14.7172 1.61334 -0.0502452 0.000491004
42 123.39 -29.6118 3.42708 -0.144407 0.00224549
43 125.173 -33.736 4.37418 -0.21735 0.00406606
44 100.066 -20.1578 2.2618 -0.0889345 0.00137556
45 31.6943 1.14623 -0.298659 0.0458659 -0.00121326
46 114.028 -29.8941 3.76934 -0.176481 0.00306994
47 113.643 -24.6189 2.61105 -0.0968595 0.0013627
48 95.1116 -21.5196 2.58954 -0.110687 0.00181581
49 192.392 -49.9324 5.62152 -0.25122 0.00420629
50 167.017 -45.9617 5.55989 -0.263492 0.0046403
51 56.818 -8.14444 1.03243 -0.0359468 0.00059263
52 126.791 -29.8191 3.43771 -0.149589 0.00246759
53 134.383 -33.1381 3.9004 -0.176645 0.00304774
54 195.092 -52.9997 6.22337 -0.29185 0.00509829
55 95.3486 -19.0041 2.04086 -0.0720849 0.000941437
56 160.585 -46.7089 6.01047 -0.304932 0.00572133
57 102.287 -23.7289 2.90673 -0.128566 0.0021697
58 105.929 -24.1146 2.91299 -0.127797 0.00210444
59 94.131 -20.5972 2.54726 -0.111812 0.00189664
60 132.783 -32.7587 3.88078 -0.172859 0.00284262
61 130.576 -34.1984 4.17366 -0.190639 0.00321154
62 162.173 -45.5401 5.57302 -0.262577 0.00450105
63 189.716 -56.4105 7.05752 -0.348924 0.00631074
64 101.306 -17.2661 1.73822 -0.0586351 0.000796951
65 92.2658 -14.8882 1.51276 -0.0460409 0.000500637
66 111.599 -22.757 2.56189 -0.102968 0.00157327
67 137.11 -31.8275 3.61862 -0.154252 0.00247885
68 139.805 -31.6102 3.60982 -0.155251 0.00250868
69 70.5586 -4.79992 0.141234 0.0298119 -0.000988782
70 112.271 -21.1097 2.20498 -0.0780293 0.00102245
71 185.007 -46.8852 5.45952 -0.253198 0.00441242
72 88.6875 -11.0976 0.846718 -0.00557231 -0.000324721
73 163.428 -37.0983 4.00422 -0.164347 0.0025017
74 84.9215 -10.8812 0.964914 -0.01622 -7.45535e-05
75 171.234 -39.4378 4.36354 -0.18853 0.00304453
76 144.035 -36.1657 4.34676 -0.200207 0.00345424
77 84.5795 -15.6158 1.82996 -0.0704903 0.00103551
78 140.978 -31.0888 3.45604 -0.144793 0.00231495
79 161.329 -34.8294 3.55343 -0.132814 0.00179626
80 199.737 -51.4038 5.85513 -0.263094 0.00436749
81 101.626 -19.0918 2.15645 -0.0849356 0.00129651
82 120.454 -21.9521 2.21151 -0.0763031 0.000934615
83 152.522 -38.4419 4.66618 -0.219251 0.00382207
84 102.733 -18.9762 1.92102 -0.0600343 0.000583477
85 112.096 -22.2169 2.47007 -0.097453 0.00146023
86 163.326 -38.8141 4.47797 -0.200176 0.00333947
87 140.64 -31.0591 3.47897 -0.143568 0.00216783
88 141.237 -34.3991 4.04294 -0.181335 0.0030664
89 185.34 -51.374 6.45861 -0.321955 0.00589977
90 137.182 -32.6989 3.8964 -0.177158 0.00302887
91 292.566 -80.7035 9.38904 -0.445605 0.00776408
92 179.26 -41.9677 4.57754 -0.194114 0.00309281
93 173.94 -41.1294 4.55924 -0.196051 0.00316431
94 181.833 -44.6595 5.04965 -0.224149 0.00373728
