0 129.443 -34.8023 4.51243 -0.233497 0.00449929
1 94.9947 -18.2497 2.24668 -0.106242 0.00198325
2 44.6627 0.706814 -0.338449 0.0429629 -0.00112763
3 82.6163 -15.792 2.15139 -0.114734 0.00242324
4 88.1742 -15.8577 1.8893 -0.0851597 0.00150088
5 98.4958 -20.5614 2.49929 -0.117201 0.00213434
6 73.6484 -10.6586 1.2693 -0.0548199 0.000993882
7 78.8865 -11.4521 1.26712 -0.0506666 0.000873885
8 22.9128 4.88246 -0.587262 0.0380483 -0.000595131
9 52.0599 -0.0533841 -0.361036 0.0436393 -0.0010083
10 129.527 -32.0266 4.10591 -0.21489 0.00424968
11 112.077 -25.0151 3.02395 -0.146033 0.00272961
12 125.855 -29.4447 3.59005 -0.179107 0.00345854
13 165.872 -44.4526 5.56694 -0.287511 0.00556305
14 47.9479 2.58662 -0.627322 0.0485514 -0.000863974
15 48.0063 -3.57186 0.491678 -0.0205174 0.000521941
16 127.723 -29.8155 3.7504 -0.194277 0.00385463
17 77.3437 -10.5196 1.04669 -0.0345394 0.000530078
18 94.6336 -17.2169 1.95854 -0.0850407 0.00146107
19 79.8593 -12.1972 1.45833 -0.0670104 0.00134192
20 106.975 -19.8838 2.19371 -0.0956676 0.00169255
21 110.118 -22.3245 2.58143 -0.118991 0.00217248
22 116.209 -25.631 3.08587 -0.148712 0.00274841
23 117.426 -24.96 3.03318 -0.152819 0.00306342
24 146.702 -34.1985 3.92073 -0.182352 0.00324036
25 94.6513 -15.8956 1.82623 -0.0855573 0.00169763
26 38.2425 3.41373 -0.659623 0.0534863 -0.00112535
27 106.519 -20.7691 2.44921 -0.116007 0.00218758
28 119.763 -25.1927 2.93039 -0.137577 0.00254285
29 126.117 -29.4326 3.74379 -0.193328 0.00380528
30 128.085 -26.7809 3.0424 -0.139991 0.00252102
31 112.657 -24.0395 2.9995 -0.152068 0.00299284
32 87.4036 -18.1393 2.60516 -0.145702 0.00316386
33 72.9919 -8 0.83717 -0.025544 0.000348333
34 114.651 -23.8242 2.99528 -0.149635 0.00287608
35 98.0664 -18.2905 2.24349 -0.106423 0.00198614
36 74.7264 -11.1246 1.34777 -0.056994 0.000999284
37 61.4403 -4.50394 0.434319 -0.00604648 2.0612e-05
38 158.222 -44.8522 5.95879 -0.317482 0.00619985
39 113.484 -23.322 2.72033 -0.122904 0.00218462
40 94.1165 -18.0135 2.35243 -0.121859 0.00253832
41 115.305 -24.1201 2.97856 -0.144792 0.00271252
42 87.786 -13.7494 1.67299 -0.0790054 0.00155786
43 75.634 -8.99361 0.986076 -0.0362544 0.000634266
44 132.091 -29.0526 3.61619 -0.183253 0.00355165
45 88.9655 -12.2278 1.33694 -0.0544039 0.000946653
46 116.373 -23.6293 2.65025 -0.113631 0.00189171
47 75.8788 -7.47811 0.495383 0.00698255 -0.000538412
48 73.956 -6.04964 0.427592 -0.00127414 -8.50694e-05
49 50.9725 -0.276281 -0.0800082 0.0155585 -0.000250163
50 80.9254 -9.25919 0.898034 -0.0281107 0.00042361
51 70.7519 -4.91329 0.245272 0.0136473 -0.00052432
52 101.229 -18.76 2.28842 -0.110724 0.00214379
53 116.956 -24.1292 3.01374 -0.149663 0.0028318
54 145.135 -36.1855 4.62972 -0.238773 0.00457829
55 93.694 -12.3094 1.25759 -0.0470462 0.000793071
56 133.894 -25.5848 2.8778 -0.133583 0.00248622
57 126.798 -25.9411 2.93381 -0.129816 0.00220528
58 181.138 -48.5384 6.06553 -0.310129 0.00585517
59 120.223 -27.2142 3.5196 -0.180407 0.00347691
60 134.757 -33.724 4.37223 -0.228856 0.00446338
61 95.126 -15.3661 1.76141 -0.0786788 0.00150486
62 89.1745 -13.485 1.45649 -0.0551608 0.000851791
63 148.014 -35.8305 4.41435 -0.219611 0.00410998
