0 87.0507 -21.3937 2.85269 -0.136081 0.00246745
1 119.541 -28.8993 3.48625 -0.158402 0.00274785
2 97.2242 -22.4767 2.7107 -0.118074 0.0019936
3 84.3256 -20.6869 2.69913 -0.126112 0.00225935
4 131.883 -35.1822 4.40301 -0.212908 0.00387071
5 110.567 -26.5797 3.21335 -0.143545 0.00241996
6 186.202 -52.6059 6.37349 -0.305933 0.00542014
7 85.5567 -16.2685 1.94046 -0.081147 0.00135988
8 103.903 -25.2257 3.12808 -0.141538 0.00241711
9 141.775 -40.4699 5.29831 -0.270061 0.00509348
10 167.834 -47.3123 5.73309 -0.273166 0.00485588
11 17.1046 7.98727 -1.25262 0.094922 -0.00205619
12 84.6911 -17.2611 1.91394 -0.06636 0.000779485
13 131.704 -29.3233 3.29097 -0.139536 0.00227747
14 100.162 -22.5931 2.70587 -0.116649 0.00188968
15 88.7242 -19.3207 2.45206 -0.112425 0.00199991
16 157.273 -41.8675 5.0366 -0.236032 0.00409198
17 111.522 -24.4772 2.81826 -0.11925 0.00194308
18 129.734 -33.3363 4.06564 -0.188965 0.00328592
19 87.1448 -17.1863 2.07137 -0.085835 0.00137434
20 92.4395 -19.2289 2.11139 -0.0782767 0.00108371
21 126.875 -31.0674 3.67935 -0.164064 0.00273858
22 90.937 -17.8538 1.99261 -0.0743247 0.00105991
23 38.0502 1.03573 -0.387959 0.0495448 -0.0012182
24 133.371 -34.7607 4.25435 -0.201789 0.0036088
25 77.8658 -12.8785 1.31268 -0.0349531 0.000231927
26 122.252 -28.1252 3.20587 -0.135506 0.0021674
27 124.054 -28.3089 3.20391 -0.135246 0.00217008
28 111.323 -24.8569 2.90114 -0.12568 0.00211136
29 166.38 -48.0929 5.98428 -0.292072 0.00525393
30 121.982 -28.0464 3.11189 -0.125215 0.00187731
31 96.3898 -21.2175 2.63474 -0.119628 0.00209193
32 13.4804 8.18896 -1.16249 0.0872679 -0.00190157
33 48.5773 -5.66517 0.735664 -0.0177522 0.000116643
34 152.568 -42.8845 5.39652 -0.265596 0.00489148
35 80.9291 -18.0218 2.3683 -0.111318 0.00206524
36 89.6085 -17.0927 1.76913 -0.054073 0.000516831
37 60.87 -10.7885 1.34226 -0.0478233 0.000671274
38 112.686 -28.8052 3.68088 -0.175476 0.00313575
39 158.761 -40.2886 4.61304 -0.205105 0.00343093
40 92.4495 -22.4258 2.7633 -0.121945 0.00205496
41 70.7039 -12.2188 1.34549 -0.040225 0.000379524
42 83.5463 -15.4859 1.69211 -0.0575204 0.00071243
43 78.3223 -17.0889 2.19242 -0.0978333 0.00172238
44 102.296 -24.1251 3.11726 -0.152605 0.00289633
45 124.661 -31.1386 3.70418 -0.165862 0.00280097
46 185.249 -52.2364 6.37697 -0.307389 0.00544939
47 87.3878 -17.9286 2.04637 -0.0767456 0.00109306
48 98.0424 -21.1858 2.57528 -0.11272 0.00189471
49 135.295 -35.0225 4.31455 -0.204266 0.00363136
50 142.845 -37.7809 4.62081 -0.219815 0.00392703
51 145.913 -38.5895 4.64447 -0.216156 0.00375854
52 113.749 -28.0604 3.58712 -0.175864 0.00329264
53 181.925 -54.0399 6.6762 -0.325297 0.00581362
54 122.157 -26.0078 2.78469 -0.109159 0.00162941
55 42.1697 0.469469 -0.266137 0.0419687 -0.00109366
56 117.112 -28.2335 3.32828 -0.14478 0.002348
57 146.639 -35.2044 3.87494 -0.159997 0.00244758
58 60.8028 -10.3709 1.45834 -0.0623625 0.00102958
59 118.318 -27.9002 3.36831 -0.151996 0.00261023
60 70.5375 -11.1311 1.19625 -0.0335257 0.000279261
61 112.156 -28.7917 3.6643 -0.17507 0.00313845
62 119.615 -26.2128 2.94388 -0.120122 0.00183559
63 88.5919 -15.3906 1.59736 -0.0518166 0.000633955
64 106.819 -24.9443 2.94751 -0.124768 0.00197078
65 113.363 -27.1627 3.24427 -0.14278 0.00238058
66 158.457 -43.2514 5.23046 -0.247054 0.00435454
67 78.0878 -16.2644 1.99067 -0.0825061 0.001374
68 179.332 -46.3092 5.37399 -0.247895 0.00430308
69 127.106 -30.3835 3.49078 -0.150499 0.0024472
70 143.212 -36.5454 4.23613 -0.186806 0.00307786
71 166.362 -38.964 4.26211 -0.180505 0.00288322
72 144.617 -36.6597 4.24141 -0.186603 0.00305692
73 159.815 -41.8407 4.84242 -0.215835 0.00358787
74 195.815 -54.4569 6.54661 -0.314031 0.00558976
75 137.79 -36.799 4.51039 -0.212201 0.00371168
76 147.999 -40.0398 4.94978 -0.235803 0.00416493
77 134.932 -36.3203 4.52695 -0.217473 0.00389658
78 163.516 -44.3496 5.45654 -0.26373 0.00474864
79 147.796 -39.7986 4.94493 -0.236786 0.00419374
80 93.813 -16.788 1.71438 -0.0575333 0.00078514
81 159.763 -43.9063 5.40431 -0.258623 0.00457598
82 102.613 -21.2656 2.37056 -0.094779 0.00148959
83 111.105 -25.5191 3.05321 -0.135264 0.00228763
84 133.426 -32.1322 3.61707 -0.154459 0.00250125
85 130.86 -33.6178 4.0611 -0.188314 0.0033142
86 152.568 -37.313 4.14999 -0.174805 0.00270852
87 143.621 -35.6294 4.09503 -0.180181 0.00299486
88 202.254 -57.4572 6.94675 -0.337937 0.00611824
89 245.468 -69.3711 8.15147 -0.388063 0.0068388
90 214.997 -59.502 6.87656 -0.314092 0.00527174
91 152.506 -41.1867 4.90976 -0.225512 0.00384246
92 103.095 -22.9739 2.7484 -0.117797 0.00189857
93 103.564 -22.5341 2.71706 -0.119668 0.00202348
94 111.386 -23.9014 2.75412 -0.114779 0.00181669
