0 110.517 -27.0909 3.28579 -0.146086 0.00239847
1 65.6971 -9.84969 0.933594 -0.0108556 -0.000353402
2 113.38 -26.0658 2.9701 -0.124211 0.0019676
3 131.559 -33.332 3.99138 -0.181944 0.00309863
4 160.417 -43.0162 5.06343 -0.232695 0.00396671
5 118.538 -28.7552 3.43276 -0.153769 0.00258984
6 123.322 -28.564 3.25786 -0.137958 0.00219693
7 145.89 -34.9238 3.9482 -0.171702 0.00281052
8 82.1093 -15.4657 1.70762 -0.0609241 0.000832878
9 72.9666 -12.9021 1.46368 -0.0506711 0.000682109
10 196.778 -51.5063 5.9261 -0.273472 0.00470552
11 147.132 -41.076 5.18127 -0.254407 0.00461377
12 101.567 -22.8579 2.65524 -0.109268 0.00166581
13 115.088 -29.1527 3.52165 -0.159703 0.00272181
14 53.1357 -6.189 0.693741 -0.0166736 0.000167642
15 144.684 -37.5668 4.48311 -0.208759 0.00363292
16 92.0348 -19.3486 2.32163 -0.098569 0.00157042
17 184.489 -51.3784 6.31239 -0.312456 0.00572194
18 140.198 -34.3425 3.8768 -0.167152 0.00271065
19 145.366 -36.5521 4.20465 -0.186789 0.0030891
20 76.5525 -12.701 1.33908 -0.0423287 0.000488551
21 47.4479 -4.49458 0.459287 -0.000159716 -0.000278089
22 166.294 -41.6199 4.72166 -0.210644 0.00350825
23 99.5855 -21.2118 2.41875 -0.101523 0.00166929
24 125.903 -29.8705 3.48856 -0.155745 0.00264227
25 87.078 -16.5199 1.68473 -0.0501407 0.000425662
26 17.9192 8.50045 -1.3328 0.100612 -0.00224297
27 93.6015 -20.3993 2.43787 -0.104981 0.0017383
28 110.256 -23.9815 2.69965 -0.110971 0.00174331
29 72.367 -14.1133 1.73506 -0.072169 0.00121753
30 88.4519 -20.2395 2.4689 -0.106084 0.00172094
31 175.148 -46.8352 5.50342 -0.256165 0.00441544
32 99.3737 -22.3413 2.86857 -0.13517 0.00243865
33 121.591 -30.0955 3.77811 -0.178535 0.00316498
34 123.884 -27.4349 3.14743 -0.132627 0.00209501
35 143.243 -40.3618 5.26106 -0.267401 0.00503012
36 46.275 -1.11487 -0.0550558 0.0312354 -0.000893398
37 90.3602 -15.639 1.65028 -0.0538695 0.000632883
38 76.1264 -10.9093 0.962706 -0.00880127 -0.000416151
39 148.03 -37.4128 4.46252 -0.207121 0.00361917
40 106.64 -23.9963 2.88306 -0.128352 0.00220422
41 130.763 -29.8323 3.48094 -0.153841 0.00257424
42 136.718 -32.922 3.92514 -0.179496 0.00310168
43 93.3901 -19.6351 2.33474 -0.0963115 0.00150274
44 168.298 -43.9921 5.14346 -0.233901 0.00395764
45 139.369 -35.4219 4.33812 -0.204311 0.00360388
46 93.2642 -19.2253 2.16973 -0.0809448 0.00108403
47 94.267 -16.7197 1.69352 -0.052214 0.000519228
48 131.646 -31.8037 3.82941 -0.178571 0.00317528
49 80.5521 -15.6692 1.89006 -0.0779942 0.00126889
50 161.618 -42.3189 5.27343 -0.264276 0.00496594
51 160.689 -41.9139 4.98859 -0.230931 0.00394475
52 106.233 -21.3051 2.37105 -0.0951932 0.00146629
53 111.645 -22.6516 2.60582 -0.110819 0.00182659
54 151.059 -35.6271 4.10848 -0.183247 0.00306861
55 161.227 -35.8837 3.81627 -0.15571 0.00238836
56 142.06 -35.1743 4.29239 -0.206845 0.00376996
57 46.0564 -1.17247 0.0527313 0.016882 -0.000444142
58 117.974 -25.1662 2.95672 -0.128133 0.00210454
59 93.084 -16.933 1.9347 -0.0755845 0.00113796
60 136.869 -29.0825 3.21963 -0.136648 0.00221099
61 114.126 -26.5744 3.22456 -0.146574 0.00253767
62 180.325 -47.307 5.86744 -0.293507 0.00547902
63 114.085 -24.9653 3.02297 -0.138171 0.00242044
64 136.727 -35.4021 4.13098 -0.184154 0.00306428
65 75.9691 -16.047 2.0394 -0.0894854 0.00154546
66 218.219 -56.0976 6.01754 -0.254203 0.00394779
67 53.3875 -7.43261 0.766579 -0.0101856 -0.000193377
68 11.5117 5.12193 -0.674548 0.0619267 -0.00149471
69 85.1508 -20.0008 2.47728 -0.109592 0.00186966
70 31.9544 4.65921 -1.15853 0.104485 -0.00249169
71 70.6599 -11.6019 1.17071 -0.0297267 0.000192955
72 96.9532 -23.5209 2.7169 -0.111289 0.00172527
73 254.881 -76.1821 9.16117 -0.445756 0.00792375
74 147.719 -42.0972 5.10481 -0.239825 0.00417206
75 180.542 -47.1972 5.17111 -0.222973 0.00358341
76 104.899 -23.489 2.50083 -0.0905102 0.00117438
77 64.7512 -11.1998 1.31544 -0.0467581 0.000673041
78 220.404 -56.0251 5.90606 -0.249255 0.00392749
79 102.884 -22.5572 2.44237 -0.0900367 0.00120783
80 82.6672 -16.6877 1.87924 -0.0714836 0.00107079
81 85.9711 -19.3944 2.36056 -0.102679 0.00174925
82 86.0514 -14.6393 1.29269 -0.024643 -9.53863e-05
83 203.38 -53.3765 5.95001 -0.265014 0.00441808
84 180.605 -49.4279 5.87647 -0.281185 0.0050396
85 62.8758 -11.8429 1.38685 -0.045007 0.000467372
86 57.9724 -7.38355 0.713986 -0.00613171 -0.000301487
87 62.6911 -7.95387 0.700612 -0.00508286 -0.000275935
88 91.4906 -17.135 1.59622 -0.0395194 0.000178784
89 121.529 -31.2248 3.95189 -0.190181 0.00339761
90 138.608 -34.6541 4.00186 -0.178621 0.00302707
91 156.281 -41.4673 4.7723 -0.212385 0.00349408
92 271.914 -70.6605 7.36157 -0.30939 0.00481646
93 100.885 -25.2638 3.11702 -0.140872 0.00241342
94 138.81 -38.059 4.7432 -0.229939 0.00416114
