0 78.6814 -8.71765 0.650944 -0.0036351 -0.00026521
1 62.5019 -7.25315 0.905481 -0.0388592 0.000789616
2 45.6388 -1.24331 0.159757 0.00134887 3.75752e-05
3 110.888 -23.4832 2.93089 -0.147634 0.00292726
4 82.4877 -13.2382 1.56444 -0.0693555 0.00127336
5 86.5863 -14.0069 1.56975 -0.0643773 0.00110939
6 94.4485 -17.4212 2.09287 -0.0992887 0.001918
7 89.377 -13.3271 1.33556 -0.0451105 0.000594729
8 90.5099 -13.8403 1.34395 -0.042046 0.0004984
9 55.9392 -2.64449 0.0988812 0.0145266 -0.000385897
10 83.0474 -10.9112 1.16901 -0.0471016 0.000915006
11 106.061 -21.9888 2.78962 -0.144991 0.00299406
12 144.247 -35.6322 4.38068 -0.219012 0.00411088
13 105.628 -20.132 2.29351 -0.103359 0.00189539
14 87.5358 -12.4136 1.19215 -0.0384865 0.000521199
15 72.1632 -11.0835 1.49078 -0.0775203 0.00170836
16 127.57 -26.1251 2.97997 -0.136019 0.00241541
17 87.74 -12.4605 1.24348 -0.0432569 0.000603185
18 118.689 -25.2488 3.00296 -0.144519 0.00273965
19 105.41 -20.0798 2.39006 -0.111946 0.0020571
20 53.5243 -1.6789 -0.0884063 0.0261025 -0.000625622
21 170.596 -42.6122 5.18324 -0.260491 0.00490882
22 128.744 -28.6379 3.57848 -0.185554 0.00373067
23 121.244 -26.8896 3.25019 -0.157594 0.00293034
24 114.296 -23.51 2.75021 -0.129264 0.00238397
25 77.1372 -13.3259 1.7295 -0.0872375 0.00182225
26 89.355 -16.0732 2.01527 -0.0991465 0.00193528
27 138.577 -30.7279 3.68279 -0.181911 0.00344909
28 91.203 -14.988 1.73934 -0.0793601 0.00152771
29 127.147 -29.1076 3.64466 -0.186147 0.00368006
30 79.2431 -11.8991 1.38773 -0.058443 0.00103625
31 71.1424 -6.84946 0.669794 -0.0214794 0.000428259
32 80.343 -11.8452 1.51767 -0.0762249 0.00162086
33 101.533 -18.3644 2.12568 -0.0955924 0.0017317
34 124.669 -24.083 2.83538 -0.138284 0.00269548
35 144.937 -32.669 3.82825 -0.182554 0.00334878
36 107.354 -17.4858 1.84837 -0.0773342 0.00136755
37 114.137 -20.3077 2.30265 -0.107959 0.00207538
38 97.1902 -17.0507 2.06433 -0.100723 0.00203228
39 79.2052 -10.1678 0.96147 -0.0249181 0.000210482
40 158.319 -38.5869 4.85951 -0.256058 0.00513045
41 66.4181 -3.08185 -0.00551139 0.0248219 -0.000642363
42 90.3719 -8.59854 0.506042 0.00447323 -0.000377952
43 117.46 -22.5567 2.68595 -0.133293 0.00267568
44 55.06 0.789388 -0.484818 0.0490903 -0.00108175
45 95.7463 -9.70014 0.449166 0.0186495 -0.000832493
46 125.7 -26.1635 3.18842 -0.162756 0.00326655
47 91.0039 -8.14977 0.304415 0.01946 -0.000657101
48 90.7621 -10.4753 0.725274 -0.00450232 -0.000249352
49 43.9308 6.09194 -1.29214 0.097894 -0.00209063
50 91.1127 -11.4903 1.03436 -0.0306077 0.000398052
51 132.623 -27.9475 3.32517 -0.161513 0.00304138
52 109.506 -17.8792 1.94753 -0.0872172 0.00164756
53 121.633 -21.5726 2.17329 -0.0833808 0.00125862
54 81.3214 -7.88768 0.611103 -0.0122906 0.000163614
55 69.1476 -4.86764 0.314305 0.00425451 -0.000210669
56 104.25 -18.0777 2.1033 -0.100742 0.00200638
57 118.543 -22.3832 2.52813 -0.117829 0.0022504
58 87.8929 -11.1052 1.04065 -0.0328784 0.000481912
59 92.0433 -8.88 0.430106 0.0149233 -0.00071448
60 94.5447 -15.0595 1.68748 -0.0730305 0.00132916
61 95.2838 -15.2304 1.6861 -0.0723218 0.00130552
62 95.6161 -16.5019 2.05523 -0.104106 0.00214398
63 91.8529 -10.2695 0.725534 -0.00589044 -0.000223547
64 17.5079 5.45351 -0.546574 0.0320493 -0.000442237
65 36.1611 0.958969 -0.505186 0.0584833 -0.00146723
66 128.446 -27.5935 2.95217 -0.126002 0.00213195
67 112.569 -24.7402 2.93429 -0.139001 0.00257541
68 7.03955 13.9321 -2.04923 0.131992 -0.00268121
69 104.105 -21.5517 2.32376 -0.0922929 0.00137752
70 87.9607 -15.0118 1.62586 -0.0667962 0.0011867
71 68.6754 -9.49908 0.928776 -0.0248553 0.00024573
72 75.6161 -12.2196 1.29451 -0.0467147 0.000699339
73 85.9782 -15.2574 1.67553 -0.0696263 0.00125784
74 144.543 -36.2884 4.40603 -0.216773 0.00400569
75 76.4809 -14.544 1.78292 -0.0821554 0.00156778
76 76.8279 -12.6689 1.31979 -0.0453453 0.000638479
77 175.315 -48.5301 5.93701 -0.295523 0.00546498
78 141.351 -38.1924 4.87171 -0.253714 0.00496619
79 165.613 -45.8166 5.74879 -0.296833 0.00576473
80 125.221 -28.0792 3.16823 -0.142448 0.00250188
81 156.97 -41.9527 5.27657 -0.273554 0.00533411
82 106.224 -20.4647 2.10865 -0.0829798 0.0013113
83 202.271 -53.5335 6.42387 -0.321817 0.00604923
84 99.0676 -22.4047 2.82587 -0.141839 0.0027652
85 154.537 -37.1379 4.34427 -0.211399 0.00397374
86 37.0397 -0.41346 0.0680734 0.00710845 -0.000167589
87 72.0775 -10.543 1.23633 -0.0525921 0.000986118
88 114.96 -26.9461 3.29985 -0.162717 0.00310692
89 50.0978 -5.84333 0.89619 -0.0457948 0.00104815
90 89.0516 -17.5403 2.08341 -0.0914004 0.00153263
91 88.5387 -14.4962 1.49974 -0.0522959 0.000647404
92 157.523 -37.6979 4.15919 -0.185105 0.00315504
93 106.434 -22.1734 2.65451 -0.127471 0.00244914
94 69.7065 -9.63853 1.22008 -0.0576191 0.00115869
95 135.322 -34.941 4.38501 -0.221024 0.00419812
