0 78.4114 -10.8825 1.24726 -0.0538056 0.0010272
1 125.452 -26.3512 3.13145 -0.150562 0.00280929
2 113.868 -22.9206 2.60991 -0.11636 0.00205151
3 124.51 -29.0016 3.56024 -0.175311 0.00330039
4 138.445 -28.3204 3.14856 -0.142303 0.00248666
5 77.1931 -9.12225 0.855812 -0.025374 0.000380314
6 109.622 -22.748 2.76845 -0.133357 0.00249291
7 88.161 -12.1206 1.18813 -0.040773 0.000611538
8 103.301 -17.4196 1.92977 -0.0838878 0.00148083
9 108.808 -21.4145 2.61012 -0.125909 0.00232877
10 76.62 -11.2143 1.30641 -0.0555597 0.00102692
11 94.4996 -15.5302 1.69453 -0.0692845 0.00115165
12 48.4321 -1.68716 0.0987757 0.0134846 -0.000473726
13 116.198 -21.7057 2.39144 -0.102923 0.00170641
14 125.56 -22.804 2.37966 -0.0986076 0.001621
15 215.028 -57.5813 6.86532 -0.339553 0.00623814
16 87.5632 -13.3169 1.40694 -0.053306 0.000857444
17 103.139 -22.5937 2.76931 -0.128332 0.00221298
18 157.254 -37.0749 4.3458 -0.20889 0.00380495
19 68.5649 -7.94164 0.935696 -0.0385902 0.000755506
20 132.571 -24.9004 2.65798 -0.114773 0.00196725
21 165.692 -37.9598 4.28044 -0.195353 0.0033335
22 168.897 -43.4058 5.45278 -0.280134 0.00532264
23 112.322 -21.7401 2.55176 -0.118898 0.00215037
24 148.155 -38.011 4.81352 -0.250107 0.00485114
25 43.2361 3.1538 -0.648529 0.0506897 -0.000999074
26 185.397 -48.2558 5.92844 -0.300027 0.00560685
27 159.769 -35.2485 4.06593 -0.195149 0.00360137
28 162.047 -35.7032 4.08179 -0.191939 0.00344798
29 125.178 -27.1682 3.34812 -0.166745 0.00318005
30 127.339 -26.7331 3.08576 -0.141621 0.00251403
31 149.903 -37.3945 4.66997 -0.236618 0.00445835
32 61.6578 -7.35983 0.885089 -0.03502 0.000648597
33 136.301 -39.1845 5.41373 -0.298657 0.00604272
34 176.778 -48.6711 6.134 -0.313207 0.00590274
35 83.1532 -12.8896 1.46331 -0.0610303 0.00105255
36 181.522 -52.373 6.9206 -0.375593 0.00746433
37 129.511 -30.9778 3.82372 -0.186032 0.00339234
38 84.1368 -11.6042 1.10225 -0.02854 0.000145082
39 186.515 -49.7474 6.02457 -0.297597 0.00544935
40 122.043 -29.1191 3.56744 -0.17259 0.00312469
41 110.463 -24.5874 3.12712 -0.156582 0.00295903
42 70.0711 -5.60022 0.291502 0.0109082 -0.000438154
43 119.789 -27.5434 3.53267 -0.184413 0.00367284
44 84.6212 -14.3986 1.76775 -0.0857251 0.001759
45 135.178 -32.6379 3.9701 -0.195068 0.0036389
46 60.9748 -10.4691 1.49406 -0.0733212 0.00141868
47 72.6064 -9.53302 0.922143 -0.0244343 0.000195856
48 98.8872 -17.0027 1.9008 -0.0837249 0.00150828
49 121.73 -28.6871 3.54157 -0.175844 0.00332331
50 81.9119 -9.9746 0.750427 -0.00552544 -0.00029654
51 106.34 -21.9384 2.49563 -0.108511 0.00181645
52 118.785 -27.28 3.43484 -0.174107 0.00338989
53 79.5382 -12.9011 1.53379 -0.0659365 0.00117596
54 77.6749 -12.5001 1.52135 -0.0683625 0.00128439
55 109.064 -25.7006 3.28288 -0.1653 0.00318064
56 116.882 -26.8986 3.27479 -0.159253 0.00297468
57 128.289 -27.7385 3.27294 -0.155661 0.00282777
58 160.177 -36.5951 4.20013 -0.198731 0.00360803
59 125.178 -26.0275 2.80438 -0.118104 0.00193049
60 25.5094 8.00507 -1.17572 0.0755894 -0.00141661
61 62.9899 -10.0901 1.41033 -0.0736275 0.00160202
62 109.224 -24.8827 3.15108 -0.161026 0.00318903
63 140.604 -34.0579 4.19139 -0.211699 0.00404794
