0 102.526 -22.254 2.61203 -0.107773 0.00170113
1 138.52 -33.6069 3.82906 -0.164899 0.00266934
2 74.5887 -14.3952 1.878 -0.0845484 0.00155597
3 81.0861 -14.2973 1.59884 -0.0527111 0.000605456
4 141.733 -38.0136 4.61814 -0.214414 0.00369995
5 172.783 -42.2023 4.68241 -0.202162 0.00328635
6 112.822 -24.2225 2.66561 -0.106377 0.00163628
7 120.585 -30.1605 3.68464 -0.166959 0.00282544
8 162.82 -40.769 4.75699 -0.215954 0.00367573
9 92.4303 -16.5332 1.70155 -0.0517589 0.000492702
10 161.983 -43.7233 5.36882 -0.261121 0.00478099
11 136.437 -30.0768 3.18028 -0.121232 0.00168789
12 175.108 -47.8313 5.81281 -0.27725 0.00487786
13 111.997 -24.2575 2.67302 -0.103978 0.00151897
14 96.3423 -19.4676 2.15841 -0.0823311 0.00120453
15 85.157 -14.3669 1.49764 -0.0463016 0.000515464
16 140.324 -34.265 4.12502 -0.19188 0.0033363
17 136.772 -33.0522 3.833 -0.169347 0.00280712
18 95.7794 -17.685 1.88181 -0.0682629 0.000986867
19 147.518 -35.4915 4.00896 -0.17265 0.0027937
20 203.769 -51.372 5.68342 -0.249178 0.0040511
21 164.859 -46.0768 5.75341 -0.282081 0.00510362
22 143.756 -34.4392 4.05201 -0.18401 0.00316309
23 152.402 -36.1838 4.08907 -0.178901 0.00295754
24 160.077 -37.6069 4.12443 -0.173812 0.00275582
25 100.782 -15.5531 1.30763 -0.0251468 -1.47636e-05
26 177.282 -45.4836 5.32552 -0.244505 0.00415308
27 129.304 -31.6399 3.7825 -0.174542 0.00307348
28 168.406 -45.1603 5.43137 -0.25629 0.00450201
29 119.66 -27.2755 3.14718 -0.132763 0.00209791
30 117.051 -28.5215 3.59441 -0.176175 0.00335162
31 170.245 -39.6571 4.20369 -0.170836 0.00259552
32 124.76 -28.0326 3.1216 -0.127029 0.00194755
33 102.25 -21.5893 2.33245 -0.0813873 0.000977225
34 152.781 -38.0553 4.2389 -0.176872 0.00269912
35 216.235 -59.7646 7.02358 -0.331231 0.0058138
36 135.437 -35.8912 4.24932 -0.189984 0.00317254
37 174.071 -51.4078 6.46674 -0.315462 0.00561129
38 108.216 -22.1342 2.26804 -0.0747493 0.000812088
39 217.097 -61.6421 7.16864 -0.330307 0.00559936
40 120.808 -30.8553 3.99069 -0.197458 0.00370835
41 120.232 -27.4242 3.20574 -0.13816 0.00224213
42 110.491 -25.0302 2.84727 -0.120662 0.00200681
43 123.313 -29.8248 3.51322 -0.154434 0.00258818
44 145.558 -34.1921 3.5978 -0.137542 0.00191579
45 111.635 -21.7551 2.17572 -0.0728815 0.000922297
46 145.286 -39.5066 4.84317 -0.229933 0.0040844
47 158.438 -37.9422 4.21365 -0.18144 0.00297165
48 91.6468 -16.0331 1.59509 -0.0454312 0.000405632
49 98.8611 -22.4344 2.74961 -0.118853 0.00194643
50 64.0878 -11.6546 1.48134 -0.0565177 0.000865067
51 122.78 -30.1136 3.55266 -0.155824 0.0025762
52 143.042 -40.1956 5.14229 -0.253757 0.00463718
53 190.641 -52.1803 6.03398 -0.272072 0.00453957
54 188.208 -50.8698 5.84776 -0.263065 0.00440547
55 59.9893 -5.4551 0.343279 0.0164029 -0.000682917
56 102.107 -21.78 2.4725 -0.097088 0.0014262
57 139.043 -33.3676 3.72033 -0.154327 0.00239724
58 158.458 -41.5091 5.08615 -0.244297 0.00438453
59 136.2 -38.7165 5.05059 -0.25355 0.00473781
60 143.333 -37.682 4.56664 -0.211955 0.00365923
61 212.374 -58.2621 6.80555 -0.316996 0.00544306
62 114.661 -27.1729 3.1864 -0.135231 0.00214804
63 105.598 -23.0312 2.71224 -0.114743 0.00185083
64 181.309 -45.4195 5.13102 -0.227108 0.00375888
65 141.814 -35.9627 4.12525 -0.178243 0.00286802
66 71.6381 -12.5472 1.47731 -0.0518209 0.000706621
67 136.353 -32.8599 3.78733 -0.16384 0.002654
68 82.7907 -18.0643 2.30611 -0.100837 0.00172255
69 133.897 -35.9968 4.47561 -0.214953 0.00390825
70 128.549 -29.7944 3.45037 -0.148936 0.00244534
71 106.687 -23.0627 2.76125 -0.118446 0.00196022
72 165.675 -40.9068 4.66404 -0.205512 0.0033636
73 80.2456 -10.6878 0.872989 -0.00654064 -0.000321732
74 87.128 -18.6859 2.22641 -0.088825 0.00135924
75 120.964 -25.6938 2.71454 -0.102159 0.00147351
76 75.9129 -13.2324 1.49929 -0.0510053 0.000670222
77 98.5426 -18.8828 1.99944 -0.0702727 0.000954894
78 131.924 -29.8614 3.4407 -0.150224 0.00252463
79 136.777 -34.6948 4.36929 -0.212851 0.00388795
80 148.433 -35.3406 4.13296 -0.188111 0.00326676
81 80.9237 -15.112 1.65233 -0.0548198 0.000675025
82 92.8261 -15.787 1.63725 -0.0527976 0.000644194
83 77.3802 -10.4552 0.999352 -0.0221477 0.000120797
84 141.989 -30.4298 3.25684 -0.133845 0.00216741
85 54.0217 -0.317798 -0.540657 0.0724169 -0.00187385
86 171.947 -45.1403 5.30829 -0.242396 0.00411636
87 93.437 -16.9651 1.71228 -0.0502632 0.000464643
88 190.434 -48.9313 5.54226 -0.244546 0.003984
89 92.4112 -16.9004 1.70814 -0.0475413 0.000344722
90 123.742 -30.7173 3.74414 -0.174312 0.00312853
91 135.486 -32.7833 4.053 -0.194953 0.00358082
92 81.3829 -9.21403 0.535403 0.0181163 -0.000906615
93 54.8983 -5.56438 0.530228 0.00231687 -0.000374803
94 125.641 -32.4066 4.07184 -0.192465 0.0033835
