0 62.5158 -7.83551 0.765095 -0.0114742 -7.24836e-05
1 138.191 -33.3044 3.84846 -0.170315 0.0028854
2 98.4117 -21.516 2.67149 -0.124796 0.00235114
3 186.22 -49.0039 5.56105 -0.24851 0.00414672
4 115.176 -28.9648 3.64941 -0.1742 0.00317972
5 165.58 -48.3671 6.0151 -0.292705 0.00527057
6 115.162 -26.9687 3.20999 -0.140663 0.00235053
7 151.034 -38.2047 4.36968 -0.189796 0.00307927
8 120.289 -29.6818 3.52473 -0.160886 0.00285523
9 152.207 -37.6829 4.21885 -0.180869 0.00290946
10 120.197 -26.9256 2.91815 -0.112849 0.00161636
11 179.088 -47.6033 5.50295 -0.247761 0.00412243
12 115.143 -27.1166 3.17434 -0.136163 0.00221584
13 163.522 -40.2144 4.4252 -0.187892 0.00300434
14 92.7079 -16.6462 1.68076 -0.0518068 0.000569165
15 119.682 -30.0163 3.58943 -0.160151 0.00269686
16 103.717 -23.235 2.75462 -0.120909 0.00209303
17 214.179 -59.1471 6.84009 -0.313308 0.00528377
18 164.969 -40.698 4.58179 -0.200538 0.00330699
19 135.256 -36.2523 4.52862 -0.216222 0.00383272
20 110.724 -26.1827 3.15038 -0.142707 0.00253095
21 123.385 -30.1301 3.66278 -0.170699 0.00304855
22 145.824 -38.062 4.51879 -0.208145 0.00365149
23 127.179 -31.6256 3.66391 -0.159655 0.00263393
24 104.115 -24.9192 3.05138 -0.137316 0.00237494
25 89.1303 -21.1667 2.80335 -0.136244 0.0025759
26 107.837 -22.6165 2.54464 -0.103232 0.00162143
27 117.986 -24.9732 2.59961 -0.09697 0.00140602
28 36.9644 -2.19875 0.41702 -0.00923386 0.000153077
29 156.584 -42.2283 5.1993 -0.249955 0.00446031
30 181.619 -51.1034 6.28928 -0.304626 0.00543428
31 103.932 -21.7184 2.41325 -0.0907509 0.00126575
32 115.712 -24.4828 2.91129 -0.131836 0.00231091
33 115.446 -21.7005 2.21825 -0.0798456 0.00111534
34 92.9569 -14.3373 1.42824 -0.0424909 0.0004453
35 124.97 -27.6502 3.02287 -0.121003 0.00181621
36 72.9322 -4.45007 -0.0618013 0.0437086 -0.00126827
37 73.8283 -8.95332 0.810931 -0.0137426 -2.88463e-05
38 146.731 -36.3023 4.21878 -0.187477 0.00311145
39 67.8414 -4.13431 -0.0544095 0.0430092 -0.00127048
40 157.571 -40.4032 5.06095 -0.256816 0.00495633
41 198.079 -50.4081 5.85017 -0.27092 0.00464393
42 65.9955 -3.41582 0.0184714 0.0276545 -0.000754435
43 114.191 -21.3043 2.05982 -0.0637325 0.00063232
44 187.907 -46.2021 5.30875 -0.245081 0.00424529
45 122.523 -21.3653 1.94991 -0.0567059 0.000517083
46 174.352 -42.9228 4.86988 -0.216163 0.00356808
47 90.145 -14.44 1.47246 -0.0474699 0.000583079
48 136.748 -31.6113 3.6915 -0.16764 0.00288937
49 160.735 -35.1054 3.75717 -0.155455 0.00241452
50 169.983 -39.1762 4.17009 -0.17118 0.0026075
51 148.849 -36.0492 4.42552 -0.217705 0.00406153
52 152.347 -36.0529 4.04446 -0.17237 0.00271354
53 108.934 -18.6494 1.77282 -0.0549755 0.000622566
54 161.718 -39.9823 4.64984 -0.21219 0.00361299
55 134.105 -26.3778 2.57237 -0.0861811 0.00101248
56 96.1495 -13.8185 1.00558 -0.00524986 -0.000480851
57 116.876 -20.5856 1.99671 -0.066992 0.000858771
58 85.9585 -12.9524 1.31108 -0.0407719 0.000499139
59 152.255 -36.075 4.12302 -0.183924 0.0030992
60 166.367 -38.09 4.15561 -0.177443 0.00285712
61 151.777 -35.5019 4.12218 -0.188508 0.00325985
62 136.992 -30.4747 3.42307 -0.147462 0.00241923
63 157.087 -31.1122 2.98639 -0.103789 0.00126877
64 133.852 -31.9693 3.70878 -0.167982 0.00292204
65 99.6306 -14.6175 1.23701 -0.0247906 1.74554e-05
66 171.35 -43.7506 5.26432 -0.254993 0.00463784
67 167.651 -40.614 4.56707 -0.204396 0.00347663
68 119.771 -27.9213 3.50151 -0.174069 0.00336738
69 129.865 -25.1809 2.43199 -0.0827308 0.00104495
70 176.769 -43.2829 4.84147 -0.215459 0.00362391
71 118.347 -21.6911 2.03951 -0.0640376 0.000717733
72 163.217 -37.1471 3.95817 -0.162369 0.00248088
73 153.384 -38.8568 4.615 -0.217554 0.00388606
74 162.371 -39.998 4.628 -0.212868 0.00370877
75 126.638 -27.3829 3.02368 -0.127517 0.00207714
76 129.327 -27.6081 3.04363 -0.126735 0.00202707
77 158.679 -40.5176 4.78794 -0.223374 0.00390748
78 95.1314 -17.8801 1.96465 -0.0761413 0.0011768
79 139.295 -31.8363 3.69955 -0.16699 0.00285654
80 104.786 -17.2532 1.36791 -0.0208712 -0.000243529
81 178.883 -46.6683 5.5163 -0.263958 0.00473887
82 107.883 -21.965 2.32066 -0.087498 0.0012878
83 105.444 -20.7029 2.2778 -0.0919892 0.00148305
84 133.569 -27.3522 2.77632 -0.10424 0.00148769
85 95.7869 -15.1757 1.33158 -0.0299887 0.000133124
86 148.145 -36.2758 4.18896 -0.188674 0.00319982
87 139.826 -31.2201 3.42653 -0.144282 0.0023152
88 91.4229 -16.8825 1.8645 -0.0724873 0.0011571
89 172.242 -41.0808 4.49201 -0.191847 0.0030656
90 189.824 -50.4588 5.97811 -0.286091 0.00511878
91 129.477 -25.8536 2.55083 -0.0883867 0.00109892
92 130.523 -30.4985 3.69157 -0.17509 0.00316821
93 185.049 -47.8202 5.60932 -0.262679 0.00458543
94 80.5218 -8.91271 0.63975 -0.0008902 -0.000307206
