0 128.078 -31.9682 3.64121 -0.149852 0.00224247
1 132.515 -35.3668 4.301 -0.196324 0.00332355
2 82.6986 -17.394 1.98386 -0.0706817 0.000913103
3 45.4707 -1.9326 0.0125999 0.0294458 -0.000871118
4 98.4855 -21.9737 2.59496 -0.11101 0.00186369
5 118.098 -27.8508 3.302 -0.147162 0.00250768
6 138.48 -38.4027 4.67368 -0.216889 0.00376603
7 173.663 -50.3079 6.36566 -0.316308 0.00577967
8 159.287 -42.5738 4.81054 -0.20778 0.00334527
9 146.082 -40.7228 5.03339 -0.241197 0.00433953
10 162.668 -43.364 5.07842 -0.231284 0.00394153
11 102.637 -21.7653 2.46251 -0.0981191 0.00149985
12 118.517 -28.271 3.33804 -0.14508 0.00235832
13 20.1776 4.40215 -0.642264 0.0604856 -0.00142624
14 102.589 -22.329 2.44245 -0.0915326 0.00129238
15 90.0052 -24.8083 3.36949 -0.166775 0.00310143
16 118.387 -27.97 3.12147 -0.125579 0.00188348
17 56.997 -6.50501 0.476062 0.0109185 -0.000620737
18 158.89 -46.8108 6.0628 -0.309616 0.0058503
19 69.457 -8.94498 0.695033 0.0014116 -0.000448747
20 125.93 -33.7187 4.22983 -0.201596 0.00358377
21 85.4702 -19.0565 2.42526 -0.111175 0.00201643
22 221.886 -63.0745 7.46403 -0.356074 0.00628902
23 71.503 -10.8952 1.1656 -0.0339124 0.000353478
24 127.221 -33.1442 4.07448 -0.190369 0.00331701
25 105.152 -24.4145 2.98097 -0.136222 0.0024037
26 123.188 -32.1332 3.94296 -0.185394 0.00333602
27 64.7402 -9.9185 1.01734 -0.020933 -9.44668e-06
28 97.2368 -23.2019 2.99693 -0.142612 0.00258626
29 116.013 -27.5716 3.12413 -0.125729 0.00185951
30 172.969 -48.5727 5.85909 -0.275137 0.00472983
31 135.778 -35.7086 4.33688 -0.198986 0.00336163
32 108.404 -24.7497 2.89838 -0.123408 0.00197966
33 120.515 -26.5585 2.92886 -0.118036 0.00178943
34 79.8685 -13.8937 1.55179 -0.0526307 0.000660278
35 111.799 -25.9473 3.13624 -0.142623 0.00248923
36 61.8571 -7.7775 0.825743 -0.0193874 0.000148424
37 99.353 -20.309 2.33411 -0.0944689 0.00145816
38 76.4558 -11.4254 1.03436 -0.0170463 -0.000118051
39 97.1927 -20.7647 2.43247 -0.10032 0.0015699
40 90.8737 -18.167 1.99581 -0.0717072 0.000929491
41 100.188 -19.1379 1.99168 -0.0694659 0.000937016
42 118.753 -25.7818 2.85081 -0.113543 0.0016696
43 97.5486 -19.2271 2.02818 -0.0704517 0.000897573
44 97.0315 -19.0519 2.01295 -0.0700118 0.000886078
45 92.7017 -17.414 1.96035 -0.0767972 0.00118204
46 136.003 -36.1947 4.4841 -0.213789 0.00379782
47 152.975 -36.1802 4.03168 -0.17324 0.00279382
48 143.179 -33.8441 3.729 -0.154718 0.00237689
49 104.238 -22.6247 2.58262 -0.106431 0.00168414
50 98.3935 -17.4769 1.74162 -0.0534806 0.000545154
51 29.266 2.69981 -0.38408 0.0411981 -0.000969583
52 160.814 -44.3384 5.48907 -0.26948 0.00494911
53 86.8778 -15.034 1.59261 -0.0529494 0.000668663
54 130.363 -34.1398 4.17041 -0.193242 0.00332719
55 121.95 -24.8886 2.66583 -0.105953 0.00162663
56 121.445 -27.7335 3.23477 -0.143348 0.00241884
57 115.879 -25.048 2.8546 -0.120285 0.00192182
58 119.303 -24.3128 2.57226 -0.0983581 0.00141347
59 105.637 -23.3481 2.69125 -0.112613 0.00180162
60 125.787 -33.0012 4.15697 -0.19951 0.00355585
61 111.374 -24.3425 2.74433 -0.112502 0.00172269
62 128.709 -31.8531 3.92361 -0.187619 0.00338942
63 108.338 -19.0069 1.73142 -0.0450483 0.000253572
64 105.469 -20.5815 2.14226 -0.0741428 0.00091862
65 125.026 -29.1092 3.36591 -0.145046 0.0023351
66 139.617 -32.6305 3.76338 -0.16615 0.00275441
67 167.203 -43.1213 5.12815 -0.244071 0.00439137
68 192.918 -50.6755 5.89167 -0.274959 0.00482279
69 154.684 -38.4675 4.38138 -0.192774 0.00315666
70 186.006 -46.7727 5.32037 -0.24259 0.00415397
71 75.1012 -9.91854 0.927435 -0.017069 -3.99263e-05
72 113.074 -24.8403 2.86882 -0.124802 0.00210639
73 138.503 -31.3829 3.55573 -0.153627 0.0025036
74 140.46 -29.2136 3.04141 -0.117286 0.00167508
75 154.805 -37.0333 4.32118 -0.20009 0.0035103
76 178.736 -44.8128 5.16328 -0.238444 0.00413637
77 97.0086 -15.553 1.3746 -0.0317358 0.000114303
78 145.408 -35.8752 4.27004 -0.197664 0.00344993
79 146.301 -31.3324 3.24723 -0.126624 0.0018958
80 110.648 -22.4456 2.52141 -0.105778 0.00173978
81 132.78 -31.6442 3.74353 -0.170719 0.00294835
82 56.6035 -0.899066 -0.42347 0.0608584 -0.00158635
83 129.719 -26.8189 2.82569 -0.108841 0.00155963
84 93.0515 -16.8678 1.89638 -0.0753548 0.00120063
85 140.967 -32.3875 3.51613 -0.143795 0.00218317
86 144.755 -31.4821 3.46704 -0.147871 0.0024032
87 140.753 -30.9548 3.47616 -0.148855 0.00238053
88 178.843 -44.7893 5.20391 -0.241946 0.00422086
89 102.602 -18.6879 1.86045 -0.0606239 0.000714412
90 109.522 -19.8259 2.00362 -0.0694123 0.000915819
91 139.307 -33.1757 3.93018 -0.180919 0.0031636
92 179.872 -44.1075 4.94171 -0.219275 0.00364291
93 128.739 -27.8282 3.05889 -0.127458 0.00204077
94 64.5829 -0.543974 -0.648622 0.081033 -0.0021147
