0 74.1243 -6.83161 0.263035 0.032111 -0.00120148
1 148.004 -32.5418 3.491 -0.139262 0.00206504
2 121.805 -26.7494 2.93903 -0.115188 0.00167007
3 94.3514 -15.9416 1.74075 -0.0640142 0.000966466
4 102.687 -16.5916 1.43675 -0.0303198 4.83505e-05
5 99.7817 -17.4017 1.73483 -0.0539226 0.000605201
6 101.377 -17.1295 1.71052 -0.0551795 0.000704206
7 99.7722 -15.0566 1.16394 -0.0100861 -0.000464038
8 139.178 -33.6616 4.06701 -0.192749 0.0034917
9 99.612 -17.8052 1.81607 -0.0555143 0.000524416
10 134.347 -31.1457 3.5943 -0.156133 0.0025508
11 130.193 -30.1573 3.56081 -0.159783 0.00272052
12 163.601 -38.5378 4.31932 -0.18919 0.00314689
13 101.51 -15.5304 1.28642 -0.0233563 -6.81121e-05
14 95.7889 -18.3015 2.01034 -0.0737625 0.00102426
15 71.6338 -7.44298 0.453944 0.0159913 -0.00077355
16 106.237 -21.484 2.38462 -0.094092 0.0014378
17 107.105 -21.7711 2.40678 -0.0925383 0.00134353
18 159.841 -34.2739 3.49764 -0.130883 0.00176257
19 102.862 -16.5793 1.44887 -0.0301652 -2.69188e-05
20 131.789 -25.8942 2.4839 -0.0802855 0.000878562
21 101.796 -17.6343 1.78986 -0.0598756 0.000752524
22 153.133 -35.3324 3.81242 -0.154376 0.00230487
23 113.986 -21.4484 2.26931 -0.0873903 0.00134279
24 166.636 -41.4843 4.7093 -0.209611 0.00352334
25 136.534 -33.0833 3.97928 -0.186242 0.00329696
26 108.951 -22.1684 2.36557 -0.0863133 0.00116309
27 104.717 -22.5306 2.67023 -0.116644 0.00198718
28 172.091 -44.0038 5.18519 -0.241918 0.00424802
29 131.595 -25.548 2.47386 -0.0796668 0.000850468
30 148.417 -37.9991 4.48708 -0.201336 0.00329357
31 152.829 -31.3453 2.91278 -0.09007 0.00083665
32 186.137 -48.8351 5.68277 -0.259068 0.00439569
33 107.769 -13.0111 0.71999 0.0196112 -0.00109093
34 127.409 -31.2832 3.94563 -0.19212 0.00356023
35 139.39 -29.8271 3.20738 -0.12632 0.00184292
36 126.739 -25.4111 2.64595 -0.0976235 0.00134717
37 90.2241 -15.2531 1.66345 -0.0533443 0.000563858
38 112.087 -26.0154 3.30917 -0.1584 0.00289892
39 108.242 -19.3903 2.04939 -0.0719512 0.000926382
40 163.461 -41.2075 4.87958 -0.224457 0.003839
41 130.596 -25.4388 2.49624 -0.0815573 0.000936406
42 136.719 -32.9059 3.95588 -0.180218 0.00303223
43 144.289 -31.7407 3.50837 -0.145844 0.00226754
44 136.22 -28.0796 2.94903 -0.114473 0.00171141
45 152.598 -35.1644 4.02199 -0.181798 0.00317475
46 127.114 -24.2733 2.41731 -0.0812757 0.000946362
47 125.446 -25.0012 2.61695 -0.0991984 0.00142887
48 151.054 -36.9165 4.28846 -0.190978 0.00318342
49 126.997 -23.8013 2.27467 -0.0718673 0.000781234
50 102.997 -17.4511 1.74866 -0.0559789 0.000654007
51 165.882 -38.725 4.08743 -0.161013 0.00231256
52 149.628 -37.3818 4.62575 -0.223684 0.00403996
53 153.649 -34.1562 3.7074 -0.151463 0.00230266
54 173.52 -43.1062 5.10652 -0.240756 0.00428921
55 163.097 -37.7107 4.15477 -0.176541 0.00283436
56 105.296 -19.19 1.97427 -0.0674269 0.000854254
57 167.614 -39.7105 4.36213 -0.182228 0.00283002
58 113.505 -18.8167 1.80631 -0.0570734 0.000699856
59 129.031 -26.4311 2.86742 -0.114373 0.00172763
60 119.887 -24.1526 2.48168 -0.0888858 0.00117934
61 104.385 -16.2954 1.50505 -0.0395178 0.000282213
62 109.175 -19.3915 2.04609 -0.0768533 0.0011853
63 95.8927 -14.9328 1.40194 -0.0339214 0.000128201
64 174.249 -45.8201 5.41717 -0.252246 0.00436737
65 133.552 -30.3677 3.35891 -0.138248 0.00214092
66 138.672 -32.4693 3.75298 -0.168038 0.00287446
67 116.665 -25.3992 2.76594 -0.106984 0.00156109
68 118.957 -25.184 2.7499 -0.108016 0.00160489
69 88.1609 -13.2038 1.16111 -0.0210117 -7.42785e-05
70 110.793 -22.6808 2.45604 -0.0948845 0.00139936
71 143.204 -32.778 3.63595 -0.154184 0.00248927
72 93.7482 -19.1135 2.24179 -0.0929797 0.00152212
73 163.527 -40.3575 4.66464 -0.211315 0.00360009
74 99.4576 -17.3388 1.59226 -0.0385366 0.00015559
75 88.9302 -17.6402 2.04966 -0.0812592 0.00123495
76 177.898 -46.4102 5.54098 -0.263682 0.00471204
77 188.553 -48.5804 5.60573 -0.257073 0.00439486
78 134.819 -29.7666 3.28947 -0.136982 0.00216712
79 83.7353 -14.091 1.55452 -0.0542826 0.000736309
80 154.003 -37.23 4.12817 -0.178055 0.00292895
81 165.529 -44.3671 5.36546 -0.253342 0.00442668
82 75.0254 -9.56519 0.661875 0.00739001 -0.00063215
83 125.899 -25.2525 2.50778 -0.0861799 0.00106546
84 117.336 -22.4447 2.19633 -0.0694176 0.000713619
85 126.589 -29.4522 3.54773 -0.163864 0.00289898
86 103.353 -20.115 2.23305 -0.0865668 0.00128994
87 102.042 -18.264 1.94668 -0.0711122 0.00101018
88 126.143 -27.1428 2.98448 -0.121597 0.00188534
89 193.465 -53.1934 6.51875 -0.320407 0.00587343
90 163.547 -41.0838 4.68099 -0.206192 0.00337864
91 117.383 -27.4529 3.19117 -0.134338 0.00209946
92 116.86 -24.9125 2.90089 -0.128299 0.0022476
93 94.1329 -18.6718 2.14887 -0.0852244 0.0013039
94 95.2071 -19.7554 2.32892 -0.0986117 0.00164631
