0 -37.5605 0.173262
1 10.1133 0.135762
2 23.886 0.136182
3 23.6237 0.135774
4 23.6237 0.135774
5 23.6237 0.135774
6 23.6237 0.135774
7 3.60299 0.148046
8 17.7447 0.162013
9 -67.5307 0.271273
10 24.3599 0.139485
11 33.9917 0.153846
12 -33.2193 0.191729
13 -39.3062 0.186005
14 25.3633 0.160295
15 7.74428 0.182788
16 25.2792 0.125618
17 35.9686 0.138542
18 2.51933 0.174464
19 -12.702 0.223651
20 -27.974 0.170561
21 14.6096 0.132075
22 315.367 -0.444444
23 -10.3455 0.173586
24 5.00941 0.16624
25 -450.627 0.932292
26 5.89187 0.134744
27 -27.8277 0.192571
28 -30.2349 0.186278
29 26.8078 0.133596
30 -50.5112 0.19137
31 -2.42533 0.160494
32 -8.92683 0.147755
33 -6.8087 0.149968
34 -10.4733 0.143123
35 12.294 0.160635
36 1.47576 0.17956
37 76.8135 0.0807453
38 -35.0434 0.159105
39 27.4828 0.118964
40 32.4329 0.127829
41 32.4329 0.127829
42 -6.65501 0.140149
43 -6.65501 0.140149
44 4255.56 -7.00017
45 11.1499 0.174675
46 -288.263 0.666667
47 33.1631 0.134859
48 33.1631 0.134859
49 33.5454 0.135407
50 5.69172 0.1182
51 70.0785 -0.0116825
52 46.7642 0.117073
53 46.7642 0.117073
54 46.7642 0.117073
55 46.7642 0.117073
56 37.1946 0.105739
57 -107.755 0.311912
58 -148.725 0.271873
59 -148.725 0.271873
60 -115.59 0.337179
61 -117.996 0.333092
62 -189.875 0.283284
63 -30.3042 0.184932
