0 14.5183 0.152058
1 -10.2192 0.15507
2 30.0254 0.158507
3 -10.0916 0.147762
4 26.8016 0.149735
5 33.0734 0.136963
6 17.4599 0.145311
7 19.1217 0.125954
8 19.0861 0.137691
9 -7.68679 0.173627
10 -32.6589 0.134073
11 4.58818 0.126083
12 50.575 0.0914509
13 7.06967 0.152424
14 -58.8078 0.251623
15 -76.2929 0.234684
16 -24.321 0.176923
17 -40.8146 0.220231
18 -29.1844 0.240134
19 -45.2489 0.208719
20 -37.4837 0.223361
21 150.263 -0.12
22 148.954 -0.122178
23 148.954 -0.122178
24 32.7007 0.150768
25 32.7007 0.150768
26 -47.2554 0.160546
27 -5.75306 0.150064
28 -5.75306 0.150064
29 2.53561 0.15942
30 2.53561 0.15942
31 2.53561 0.15942
32 -11.1676 0.141492
33 -11.1676 0.141492
34 -22.0548 0.123174
35 -5.10373 0.141796
36 -5.10373 0.141796
37 -5.10373 0.141796
38 -5.10373 0.141796
39 9.72903 0.163956
40 -6.23663 0.132489
41 -6.23663 0.132489
42 5.79672 0.155883
43 -9.28491 0.128969
44 0.426317 0.133351
45 0.426317 0.133351
46 -19.1551 0.10519
47 -19.1551 0.10519
48 -19.1551 0.10519
49 -19.1551 0.10519
50 -19.1551 0.10519
51 -19.1551 0.10519
52 -23.9764 0.095762
53 -10.1188 0.119355
54 -10.1188 0.119355
55 -10.1188 0.119355
56 -10.1188 0.119355
57 -10.1188 0.119355
58 -10.1188 0.119355
59 -8.57721 0.121824
60 -8.57721 0.121824
61 -8.57721 0.121824
62 -8.57721 0.121824
63 -4.54009 0.128051
64 -4.54009 0.128051
65 29.8305 0.157574
66 33.434 0.163228
67 104.368 0.0619469
68 96.4145 0.0484511
69 64.3101 0.0757576
70 64.3101 0.0757576
71 -28.3264 0.222222
72 -20.495 0.235857
73 -10.0822 0.2563
74 -10.0822 0.2563
75 -92.9148 0.375
76 -92.9148 0.375
77 14.7454 0.143198
78 21.3459 0.155083
79 43.8483 0.150955
80 40.0581 0.143686
81 21.8225 0.150183
82 -12.0084 0.204545
83 4.27168 0.23365
84 4.27168 0.23365
85 109.777 0.0239268
86 97.9796 0.00417821
87 19.5358 0.178776
88 256.611 -0.217391
89 16.6353 0.193029
90 32.5152 0.111238
91 14.1771 0.156229
92 59.5789 0.132823
93 52.7884 0.132248
94 27.5186 0.151042
