0 8.28458 0.144328
1 -9.1581 0.143839
2 21.8026 0.161304
3 15.2182 0.132984
4 -1.08416 0.156048
5 -12.2167 0.154252
6 5.30939 0.169267
7 11.0053 0.141352
8 2.08034 0.154565
9 3.85629 0.143988
10 6.54787 0.14531
11 8.46163 0.167865
12 -4.37154 0.161163
13 4.3525 0.147166
14 -13.5034 0.199409
15 -10.6776 0.142546
16 -32.4822 0.185569
17 15.1333 0.162176
18 -46.9994 0.195652
19 -33.9265 0.217177
20 -0.480054 0.170903
21 7.49138 0.142351
22 -7.54816 0.168571
23 9.61636 0.145295
24 -25.6518 0.208996
25 -22.2459 0.168838
26 2.39861 0.153226
27 -64.8065 0.24433
28 -70.0537 0.237798
29 -4.79386 0.179306
30 8.37235 0.105816
31 13.5343 0.115351
32 13.5343 0.115351
33 13.8203 0.160256
34 20.4241 0.15046
35 -39.7585 0.227752
36 55.9313 0.102041
37 28.7385 0.142318
38 -4.63361 0.146007
39 7.21331 0.172988
40 24.1363 0.134987
41 38.692 0.161711
42 -31.4959 0.274154
43 -0.241367 0.201632
44 -6.27072 0.174976
45 6.73318 0.142703
46 28.5467 0.160316
47 87.7852 0.0700791
48 -36.0978 0.243398
49 26.4595 0.161342
50 336.444 -0.421053
51 69.6608 0.0568995
52 65.1921 0.102261
53 60.3402 0.094684
54 33.5574 0.131321
55 37.7564 0.114275
56 5.15139 0.160507
57 2.53776 0.142716
58 -14.0689 0.156915
59 -14.0545 0.208183
60 0.249939 0.166667
61 22.9723 0.102941
62 46.362 0.154469
63 -453.139 1.03333
64 14.0939 0.0843023
65 -8.97783 0.159851
66 -3.13972 0.170859
67 -1.57004 0.15493
68 27.2666 0.136485
69 37.3965 0.135387
70 28.7551 0.159919
71 28.7551 0.159919
72 -175.18 0.38843
73 -1.35146 0.170466
74 89.1304 -0.00325244
75 29.8824 0.151961
76 -26.0134 0.141479
77 -17.9137 0.154993
78 -26.6849 0.154953
79 37.6991 0.138889
80 -5.1772 0.15527
81 17.6893 0.152557
82 22.9272 0.143171
83 15.8411 0.130201
84 -21.1949 0.160273
85 4.53975 0.158199
86 11.3177 0.17098
87 22.6917 0.133883
88 0.0638234 0.149824
89 6.33198 0.14848
90 -24.0067 0.164565
91 21.2294 0.137152
92 5.41256 0.181088
93 -17.029 0.161768
94 -6.06052 0.158351
