0 -72.1529 0.124605
1 -84.7797 0.153393
2 -62.0197 0.146238
3 1049.37 -1.25
4 -112.887 0.184761
5 -121.554 0.166667
6 -121.554 0.166667
7 -105.386 0.176471
8 -67.0248 0.137627
9 -64.4308 0.141579
10 -66.4737 0.139707
11 -64.5193 0.14322
12 -64.5193 0.14322
13 -64.5193 0.14322
14 -64.5193 0.14322
15 -246.067 0.352113
16 -246.067 0.352113
17 -77.0176 0.147707
18 -65.5295 0.162876
19 -109.778 0.171233
20 -109.778 0.171233
21 -60.0386 0.129047
22 -55.8237 0.136055
23 -68.1201 0.119056
24 -48.8199 0.129338
25 -48.8199 0.129338
26 -48.8199 0.129338
27 -48.8199 0.129338
28 -48.8199 0.129338
29 -58.1566 0.117997
30 -58.1566 0.117997
31 -58.1566 0.117997
32 -34.8124 0.14539
33 -25.8146 0.162648
34 -25.8146 0.162648
35 -39.326 0.145849
36 -41.0318 0.142669
37 -44.6396 0.135736
38 -44.8945 0.189942
39 -364.542 0.738095
40 -461.399 0.622554
41 -34.5691 0.140848
42 -34.5691 0.140848
43 -34.5691 0.140848
44 -36.4251 0.137571
45 -51.0012 0.125674
46 -41.2021 0.144651
47 0.0167737 0.0992368
48 0.0167737 0.0992368
49 -13.5685 0.0726186
50 -19.3561 0.069246
51 -52.0776 0.134393
52 -33.4319 0.149331
53 -41.6909 0.132047
54 -41.6909 0.132047
55 -41.6909 0.132047
56 -39.833 0.135387
57 -36.1871 0.143264
58 -133.357 0.274336
59 -137.504 0.267027
60 -161.422 0.24472
61 -45.5302 0.137712
62 -45.5302 0.137712
63 -57.8386 0.121198
64 77.2145 0.0666667
65 81.6967 0.0714642
66 100.018 0.0970762
67 22.716 0.138013
68 -49.655 0.283225
69 49.7087 0.140777
70 34.5328 0.126544
71 29.7715 0.145006
72 23.9016 0.139924
73 51.6785 0.131588
74 5.09267 0.193122
75 31.8575 0.183835
76 61.5439 0.124023
77 27.7882 0.148801
78 58.3645 0.135275
79 35.7068 0.133436
80 54.3188 0.122297
81 102.027 0.0622847
82 9.01301 0.151971
83 -0.292889 0.156418
84 27.4886 0.157092
85 29.3413 0.168875
86 62.2739 0.139705
87 56.9121 0.140672
88 33.3983 0.151575
89 21.1732 0.13882
90 21.8191 0.154182
91 17.3034 0.170791
92 26.3357 0.156422
93 -11.238 0.183392
94 28.2326 0.14469
