0 38.4042 0.144257
1 22.7703 0.13851
2 15.6747 0.133751
3 13.9193 0.154209
4 34.5482 0.158213
5 34.5477 0.138729
6 22.0831 0.139271
7 36.83 0.141796
8 35.7748 0.123711
9 12.6253 0.144136
10 -0.77884 0.147959
11 19.2225 0.143755
12 33.2656 0.145565
13 10.6185 0.140568
14 6.90245 0.130495
15 26.7809 0.137367
16 13.4077 0.142778
17 15.6389 0.15115
18 29.6325 0.13092
19 23.2011 0.148264
20 14.2497 0.149769
21 0.837037 0.129075
22 4.06317 0.15862
23 20.1159 0.14499
24 6.05636 0.158801
25 34.681 0.143726
26 17.1927 0.138567
27 35.4494 0.150812
28 8.83888 0.149365
29 -0.560413 0.142518
30 -3.28694 0.150374
31 31.0796 0.147429
32 -15.7554 0.116193
33 -25.4155 0.129908
34 -42.7368 0.130612
35 -17.2415 0.146922
36 -17.2624 0.149087
37 -38.634 0.148983
38 -53.6433 0.137144
39 -49.1231 0.133279
40 -9.03666 0.143291
41 -54.4082 0.138722
42 -51.2566 0.141741
43 -20.5531 0.158411
44 -43.7556 0.133459
45 -19.7893 0.113424
46 -31.2234 0.152742
47 -30.7471 0.134707
48 -3.53081 0.0951104
49 -33.9509 0.137405
50 -18.0902 0.148725
51 -24.4634 0.139715
52 -28.2722 0.146011
53 -43.8657 0.127422
54 -7.09546 0.118851
55 -26.9181 0.133857
56 -4.69359 0.135808
57 -42.252 0.147075
58 -67.8523 0.182065
59 -40.3635 0.141382
60 -28.6831 0.134889
61 -20.629 0.122377
62 -26.121 0.140163
63 -52.0271 0.159471
64 -6.48226 0.150966
65 31.4718 0.139007
66 18.6093 0.14057
67 27.4151 0.137156
68 7.96123 0.14086
69 32.8798 0.132591
70 16.1011 0.125986
71 -2.55463 0.147751
72 39.3347 0.126122
73 -13.8568 0.148093
74 9.56053 0.150836
75 10.5853 0.138118
76 24.0454 0.130515
77 1.84157 0.15223
78 -18.6464 0.160458
79 27.2308 0.152414
80 32.1635 0.137993
81 2.15943 0.149665
82 30.0065 0.149306
83 3.36357 0.135856
84 -2.96306 0.146671
85 3.38162 0.165098
86 4.3271 0.15732
87 0.184262 0.149287
88 2.75611 0.147013
89 11.3525 0.144512
90 41.2268 0.144901
91 26.3033 0.144145
92 0.201579 0.157584
93 17.4859 0.140232
94 14.7177 0.164105
