0 -42.2237 0.116641
1 -28.206 0.124162
2 -56.9732 0.138466
3 -52.6746 0.150243
4 -54.2856 0.144078
5 6.72294 0.0849188
6 -9.91545 0.0590161
7 -109.348 0.25
8 -55.5666 0.168332
9 -82.7822 0.140137
10 -81.2576 0.142177
11 -81.2576 0.142177
12 -81.2576 0.142177
13 -89.0172 0.233766
14 -89.0172 0.233766
15 -89.0172 0.233766
16 -136.577 0.189493
17 -136.577 0.189493
18 -136.577 0.189493
19 -136.577 0.189493
20 -136.577 0.189493
21 -136.577 0.189493
22 -136.577 0.189493
23 -136.577 0.189493
24 -136.577 0.189493
25 -76.3765 0.165365
26 -76.3765 0.165365
27 -82.0737 0.158765
28 -82.0737 0.158765
29 -82.0737 0.158765
30 -82.0737 0.158765
31 -65.9212 0.17354
32 -65.9212 0.17354
33 -65.9212 0.17354
34 -65.9212 0.17354
35 -65.9212 0.17354
36 56.7156 0.116341
37 56.7156 0.116341
38 6.60904 0.144809
39 6.60904 0.144809
40 6.60904 0.144809
41 24.8669 0.175788
42 24.8669 0.175788
43 24.8669 0.175788
44 15.5636 0.164936
45 15.5636 0.164936
46 15.5636 0.164936
47 15.5636 0.164936
48 9.60993 0.155339
49 9.60993 0.155339
50 17.392 0.167763
51 23.5451 0.177254
52 23.5451 0.177254
53 23.5451 0.177254
54 23.5451 0.177254
55 20.9151 0.172304
56 20.9151 0.172304
57 20.9151 0.172304
58 20.9151 0.172304
59 20.9151 0.172304
60 20.9151 0.172304
61 20.9151 0.172304
62 20.9151 0.172304
63 20.9151 0.172304
64 20.9151 0.172304
65 16.0511 0.1646
66 16.0511 0.1646
67 16.0511 0.1646
68 16.0511 0.1646
69 76.4421 0.0958773
70 87.1724 0.10213
71 62.2012 0.0542351
72 75.4718 0.0780445
73 66.9884 0.0620795
74 66.9884 0.0620795
75 50.4565 0.0415761
76 119.474 0.0854217
77 91.5861 0.0535597
78 50.8234 0.119403
79 50.8234 0.119403
80 50.8234 0.119403
81 55.2104 0.124149
82 55.2104 0.124149
83 55.2104 0.124149
84 5.51478 0.16129
85 13.279 0.170641
86 13.279 0.170641
87 11.6926 0.168254
88 26.3803 0.196052
89 36.1622 0.136881
90 48.8889 0.172875
91 33.1645 0.141804
92 27.135 0.116667
93 67.2009 0.0776854
94 6.67482 0.16519
