0 -38.4117 0.14267
1 -66.1368 0.185607
2 -117.014 0.29287
3 -126.164 0.278049
4 -69.2609 0.222222
5 -7.41904 0.137543
6 747.748 -1.13889
7 674.863 -1.28226
8 54.1761 0.0303483
9 -1.09259 0.112374
10 -48.2574 0.140511
11 -46.8398 0.143261
12 -46.8398 0.143261
13 -10.6565 0.136364
14 -10.6565 0.136364
15 -10.6565 0.136364
16 -10.6565 0.136364
17 -10.6565 0.136364
18 -66.736 0.214953
19 -59.1164 0.227603
20 -59.1164 0.227603
21 -75.6257 0.197331
22 -75.6257 0.197331
23 -75.6257 0.197331
24 -75.6257 0.197331
25 -75.6257 0.197331
26 -75.6257 0.197331
27 -75.6257 0.197331
28 -75.6257 0.197331
29 -75.6257 0.197331
30 -75.6257 0.197331
31 -75.6257 0.197331
32 -72.1219 0.200383
33 -78.2136 0.190064
34 -78.2136 0.190064
35 -78.2136 0.190064
36 -58.3734 0.223728
37 -58.3734 0.223728
38 -58.3734 0.223728
39 -58.3734 0.223728
40 -58.3734 0.223728
41 -58.3734 0.223728
42 -58.3734 0.223728
43 -58.3734 0.223728
44 -58.3734 0.223728
45 -90.7079 0.169959
46 -64.6501 0.216295
47 -64.6501 0.216295
48 -64.6501 0.216295
49 -64.6501 0.216295
50 -64.6501 0.216295
51 -64.6501 0.216295
52 -64.6501 0.216295
53 -70.1502 0.207118
54 -60.1098 0.223815
55 -60.1098 0.223815
56 -60.1098 0.223815
57 -98.6269 0.232673
58 -11.9881 0.140502
59 -11.9881 0.140502
60 -93.3147 0.275
61 -93.3147 0.275
62 -93.3147 0.275
63 -93.3147 0.275
64 -93.3147 0.275
65 -93.3147 0.275
66 -93.3147 0.275
67 -89.3782 0.279781
68 60.3853 0.133333
69 53.9368 0.128634
70 53.9368 0.128634
71 14.1064 0.143312
72 36.3717 0.167428
73 11.9595 0.14924
74 11.9595 0.14924
75 11.9595 0.14924
76 21.7599 0.166068
77 21.7599 0.166068
78 -164.174 0.428571
79 -263.828 0.354157
80 -172.563 0.527214
81 -172.563 0.527214
82 -164.002 0.544187
83 -530.52 0.387684
84 -107.474 0.4
85 -100.342 0.413758
86 68.8694 0.0783582
87 -577.698 1.32203
88 35.3748 0.165347
89 -447.966 1.05
90 35.2489 0.137687
91 33.1966 0.135995
92 13.9203 0.143869
93 39.3449 0.17216
94 6.65553 0.168316
