0 7.95814 0.148344
1 -4.30893 0.183599
2 22.8506 0.12521
3 33.0996 0.132621
4 27.6063 0.160283
5 53.1203 0.135267
6 5.80316 0.15754
7 30.3861 0.136023
8 19.7385 0.142324
9 23.1418 0.140966
10 71.4059 0.108492
11 6.31591 0.178226
12 11.716 0.134128
13 -76.1211 0.255029
14 7.16252 0.162244
15 36.4793 0.148106
16 18.7102 0.147108
17 18.7723 0.148633
18 -3.45189 0.159023
19 31.8354 0.127808
20 7.92153 0.148125
21 20.4117 0.166667
22 -10.4236 0.163331
23 16.4196 0.166215
24 15.3796 0.140669
25 19.2511 0.159945
26 55.5978 0.0833672
27 -409.983 0.97619
28 13.7654 0.140802
29 41.7704 0.164266
30 -9.96815 0.176471
31 -16.6466 0.142719
32 15.6962 0.2
33 68.354 0.125616
34 70.2722 0.127236
35 58.4582 0.104401
36 138.354 0.000216966
37 56.1885 0.142191
38 -31.393 0.294521
39 -12.9378 0.224753
40 53.4869 0.142857
41 52.1243 0.121125
42 52.7236 0.122206
43 68.0306 0.152316
44 68.0306 0.152316
45 1219.35 -2.12121
46 1219.35 -2.12121
47 30.1904 0.16822
48 30.1904 0.16822
49 30.1904 0.16822
50 40.4022 0.152359
51 43.87 0.159036
52 164.172 -0.0862756
53 113.403 0.0520221
54 108.39 0.0425704
55 55.387 0.133208
56 66.3613 0.144531
57 35.3114 0.134156
58 43.7835 0.147263
59 42.2053 0.144406
60 51.9009 0.164609
61 36.6814 0.134789
62 36.6814 0.134789
63 -344.292 0.788235
64 -344.292 0.788235
65 -342.943 0.790747
66 -10.5722 0.184192
67 -10.5722 0.184192
68 22.8163 0.134134
69 6.61906 0.12541
70 4.12879 0.121991
71 2875.84 -5.58333
72 4300.74 -4.15737
73 -64.1634 0.274634
74 100.932 0.0108744
75 61.6823 -0.0658796
76 -11.8786 0.14816
77 21.4754 0.121187
78 9.14202 0.135948
79 2.70631 0.14071
80 55.918 0.142431
81 -16.2771 0.16202
82 -58.7455 0.19816
83 322.845 -0.23913
84 -13.4704 0.166778
85 -11.3277 0.184109
86 7.52997 0.139347
87 9.35667 0.14459
88 13.9053 0.156256
89 -15.1366 0.182177
90 51.553 0.126799
91 -10.6034 0.16473
92 -11.2493 0.146252
93 -38.8239 0.199477
94 -4.03785 0.142207
