0 -12.3322 0.155313
1 5.81545 0.144485
2 15.5228 0.150771
3 -18.9043 0.142352
4 -8.14914 0.146996
5 -2.09523 0.14887
6 -39.0435 0.171586
7 -38.0631 0.212057
8 -9.0899 0.152573
9 94.7223 0.0219043
10 35.8793 0.114886
11 -5.25777 0.146967
12 9.44538 0.153283
13 9.32054 0.130132
14 -16.6771 0.191675
15 17.806 0.123094
16 -10.1769 0.185013
17 -10.1769 0.185013
18 3.06083 0.15675
19 8.66933 0.126707
20 57.3701 0.0719814
21 57.3701 0.0719814
22 31.4285 0.108697
23 -64.4945 0.194151
24 -64.4945 0.194151
25 -64.4945 0.194151
26 -48.6196 0.220332
27 -48.6196 0.220332
28 -48.6196 0.220332
29 -12.4957 0.168342
30 -16.7409 0.16329
31 -2.2257 0.149816
32 33.5855 0.1875
33 -6.64339 0.17684
34 19.9634 0.21744
35 5.08789 0.192703
36 34.6187 0.139376
37 37.7919 0.141271
38 43.4632 0.150239
39 322.546 -0.369048
40 308.133 -0.397455
41 307.429 -0.398735
42 471.262 -0.245079
43 -1.7478 0.205674
44 47.7994 0.138774
45 -48.5169 0.25819
46 32.1319 0.132353
47 31.0145 0.130315
48 47.758 0.15457
49 47.758 0.15457
50 45.7182 0.151394
51 103.457 0.0328239
52 96.4684 0.0216301
53 90.7784 0.0103265
54 -1.65771 0.192633
55 31.6542 0.172392
56 17.3028 0.157797
57 2.51447 0.176724
58 30.3875 0.140521
59 27.0958 0.140105
60 155.245 -0.0267201
61 155.245 -0.0267201
62 682.333 -1
63 -10.9498 0.203895
64 -4.8322 0.134151
65 202.743 -0.247525
66 202.743 -0.247525
67 -38.0923 0.197925
68 19.0127 0.126118
69 -56.5465 0.207021
70 23.1662 0.0932356
71 83.6438 0.022592
72 13.7929 0.104373
73 -38.0374 0.19846
74 -30.5219 0.213156
75 31.3139 0.120783
76 31.3139 0.120783
77 -84.6222 0.215584
78 -73.3295 0.229072
79 -63.2916 0.246075
80 -27.3682 0.167166
81 89.7992 -0.0436394
82 -227.07 0.431818
83 -210.346 0.457692
84 -30.7827 0.153779
85 7.32256 0.120539
86 13.2168 0.128814
87 -30.046 0.192073
88 -18.6799 0.146108
89 -0.960863 0.16127
90 -20.8423 0.17991
91 -36.9345 0.168153
92 -88.6321 0.314281
93 13.8596 0.1456
94 20.1077 0.119146
