0 -24.0365 0.134387
1 -13.6752 0.150534
2 -17.5689 0.13822
3 -57.9079 0.156617
4 -22.9257 0.150834
5 -28.1196 0.159859
6 -1.82254 0.129448
7 19.6538 0.103736
8 -23.0907 0.137487
9 -26.084 0.172357
10 -43.1722 0.146174
11 -26.5925 0.147022
12 1.3667 0.148034
13 -72.6348 0.19494
14 -15.7098 0.141226
15 -11.8609 0.136073
16 -14.0187 0.132167
17 -19.937 0.155941
18 -10.5937 0.14425
19 12.7482 0.0883167
20 -481.382 1.10526
21 -9.89213 0.143977
22 -9.89213 0.143977
23 -9.89213 0.143977
24 -18.3412 0.167785
25 -62.6305 0.195998
26 -20.5334 0.133099
27 -13.7579 0.141815
28 -25.1841 0.143319
29 -30.5647 0.140709
30 -30.5647 0.140709
31 -100.573 0.326087
32 -100.573 0.326087
33 -104.257 0.320951
34 40.8148 0.116822
35 15.2206 0.0774068
36 22.0108 0.18319
37 22.0108 0.18319
38 22.0108 0.18319
39 -0.603301 0.145077
40 -0.603301 0.145077
41 2.34675 0.150223
42 2.34675 0.150223
43 3.46981 0.152131
44 15.016 0.165759
45 15.016 0.165759
46 9.88781 0.15664
47 6.09308 0.150676
48 10.9352 0.153671
49 -7.06202 0.154007
50 -7.06202 0.154007
51 -7.06202 0.154007
52 -7.06202 0.154007
53 33.8069 0.127279
54 33.8069 0.127279
55 75.1425 0.0987261
56 75.1425 0.0987261
57 75.1425 0.0987261
58 75.1425 0.0987261
59 62.9798 0.0843714
60 62.9798 0.0843714
61 62.9798 0.0843714
62 62.9798 0.0843714
63 42.9326 0.0476796
64 38.7906 0.0401808
65 103.243 0.103728
66 27.1596 0.150092
67 27.1596 0.150092
68 51.2785 0.187582
69 46.4283 0.181726
70 37.0545 0.164908
71 39.8451 0.157522
72 21.9535 0.145674
73 34.1698 0.139827
74 34.1698 0.139827
75 40.4733 0.168394
76 54.6851 0.124544
77 54.6851 0.124544
78 31.7559 0.144161
79 41.0584 0.159918
80 79.5599 0.110215
81 -49.5921 0.291667
82 30.3063 0.146154
83 42.8548 0.144084
84 58.9717 0.138889
85 28.5785 0.181579
86 37.8341 0.137098
87 75.9632 0.103077
88 46.4637 0.167085
89 13.9477 0.15755
90 30.7596 0.147926
91 10.7933 0.168158
92 0.733617 0.165556
93 -26.0637 0.212955
94 54.724 0.144383
