0 38.3799 0.142123
1 44.6264 0.153297
2 26.9045 0.149183
3 48.345 0.140409
4 35.548 0.1575
5 53.3802 0.139692
6 74.6323 0.153414
7 46.6017 0.177995
8 87.3159 0.117246
9 59.6257 0.148795
10 30.6772 0.160602
11 45.5273 0.185337
12 56.1849 0.140973
13 104.086 0.119197
14 46.7686 0.15927
15 57.6902 0.125357
16 54.5428 0.145742
17 64.5762 0.162482
18 58.1816 0.119958
19 28.6491 0.143584
20 47.6406 0.139068
21 56.1404 0.133633
22 -52.5057 0.259259
23 33.7862 0.142132
24 74.2067 0.139877
25 85.4689 0.102041
26 45.9697 0.131249
27 59.0654 0.143589
28 19.5515 0.153873
29 26.3684 0.172105
30 -15.5135 0.273204
31 50.2721 0.124339
32 50.2721 0.124339
33 50.2721 0.124339
34 50.2721 0.124339
35 327.583 -0.326923
36 327.583 -0.326923
37 327.583 -0.326923
38 293.448 -0.393416
39 293.448 -0.393416
40 623.135 -0.918033
41 32.8008 0.147059
42 72.4945 0.101789
43 67.782 0.0930519
44 83.5592 0.112595
45 64.1046 0.10295
46 51.9135 0.169922
47 51.9135 0.169922
48 15.8267 0.152336
49 15.8267 0.152336
50 15.8267 0.152336
51 23.3151 0.165652
52 21.0779 0.161836
53 18.8272 0.158208
54 35.6966 0.140978
55 35.6966 0.140978
56 50.4566 0.131215
57 50.4566 0.131215
58 55.2296 0.1393
59 54.609 0.138065
60 54.609 0.138065
61 53.8004 0.137131
62 46.2674 0.123216
63 8.39702 0.18323
64 8.39702 0.18323
65 -21.6873 0.161112
66 -32.5399 0.141102
67 -32.5399 0.141102
68 -32.5399 0.141102
69 -16.1236 0.167823
70 -19.3375 0.163215
71 -16.4649 0.168662
72 -16.4649 0.168662
73 -42.6889 0.13408
74 -42.6889 0.13408
75 -12.6277 0.182616
76 -12.6277 0.182616
77 -16.4374 0.175605
78 -16.4374 0.175605
79 -16.4374 0.175605
80 98.3041 -0.0104167
81 101.319 -0.00534413
82 101.319 -0.00534413
83 40.9327 0.0729167
84 40.9327 0.0729167
85 -25.631 0.155296
86 -24.3552 0.156522
87 -24.3552 0.156522
88 -24.3552 0.156522
89 -9.7565 0.184684
90 -9.7565 0.184684
91 -12.8481 0.178732
92 -68.3005 0.272767
93 -74.8551 0.260122
94 1119.78 -2.1
