0 -1.33505 0.130021
1 -17.2751 0.157362
2 29.2517 0.13239
3 13.2937 0.161175
4 24.8966 0.134611
5 9.2281 0.158546
6 -20.4325 0.161232
7 -20.4325 0.161232
8 21.7583 0.163473
9 9.0898 0.14328
10 9.0898 0.14328
11 9.0898 0.14328
12 27.125 0.0968117
13 34.6202 0.108145
14 34.6202 0.108145
15 32.4069 0.105305
16 32.4069 0.105305
17 32.4069 0.105305
18 38.223 0.113645
19 38.223 0.113645
20 51.3209 0.127487
21 51.3209 0.127487
22 51.3209 0.127487
23 51.3209 0.127487
24 51.3209 0.127487
25 51.3209 0.127487
26 32.2288 0.105625
27 32.2288 0.105625
28 32.2288 0.105625
29 33.3892 0.10767
30 24.3722 0.0919159
31 31.2668 0.12782
32 39.7121 0.135711
33 39.7121 0.135711
34 39.7121 0.135711
35 60.84 0.103226
36 60.84 0.103226
37 60.84 0.103226
38 48.8461 0.0837663
39 48.8461 0.0837663
40 -182.4 0.444445
41 -169.847 0.465318
42 -166.542 0.471207
43 -262.134 0.386328
44 -262.134 0.386328
45 -262.134 0.386328
46 -262.134 0.386328
47 -262.134 0.386328
48 -262.134 0.386328
49 -262.134 0.386328
50 -217.242 0.440137
51 19.7281 0.123684
52 19.7281 0.123684
53 19.7281 0.123684
54 19.7281 0.123684
55 31.2318 0.130618
56 1.44935 0.13918
57 1.44935 0.13918
58 1.44935 0.13918
59 1.44935 0.13918
60 1.44935 0.13918
61 1.44935 0.13918
62 1.44935 0.13918
63 2.01288 0.140214
64 26.8939 0.166508
65 26.8939 0.166508
66 37.6981 0.184151
67 37.6981 0.184151
68 37.6981 0.184151
69 37.6981 0.184151
70 37.6981 0.184151
71 21.0773 0.171209
72 48.0221 0.136637
73 48.0221 0.136637
74 43.0413 0.130609
75 43.0413 0.130609
76 43.0413 0.130609
77 69.5493 0.123932
78 57.8876 0.10546
79 57.8876 0.10546
80 59.358 0.107687
81 58.2239 0.106196
82 59.4892 0.108586
83 59.4892 0.108586
84 74.6383 0.129104
85 38.2898 0.186656
86 24.5377 0.15035
87 62.435 0.157184
88 49.948 0.150691
89 38.1676 0.129326
90 38.1676 0.129326
91 23.8255 0.147446
92 24.4218 0.171653
93 2.50694 0.18698
94 41.4824 0.139255
