0 24.4018 0.259573
1 0.751833 0.256099
2 1.67877 0.252001
3 12.7528 0.252393
4 36.1488 0.250302
5 21.2873 0.251314
6 12.087 0.247015
7 33.5028 0.245548
8 18.3059 0.246329
9 1.62104 0.252873
10 -5.44471 0.255197
11 10.6703 0.251513
12 32.6732 0.246373
13 2.04683 0.247215
14 -11.7159 0.247767
15 18.5928 0.246156
16 19.7825 0.234165
17 14.7986 0.249359
18 27.4229 0.243622
19 28.3456 0.238467
20 19.2148 0.246208
21 -9.73226 0.247372
22 9.03742 0.247362
23 23.3167 0.242047
24 10.4581 0.251274
25 34.7899 0.242159
26 16.1018 0.240271
27 38.8608 0.247037
28 5.3516 0.248635
29 3.45448 0.234384
30 -10.1807 0.257295
31 25.1057 0.244387
32 -29.2334 0.249171
33 -33.1661 0.244416
34 -42.8871 0.238977
35 -20.3168 0.249766
36 -7.76771 0.24125
37 -27.4262 0.242464
38 -59.6135 0.248839
39 -45.1133 0.239826
40 -8.42831 0.247409
41 -45.225 0.238162
42 -44.6642 0.239954
43 -1.11643 0.236249
44 -53.0037 0.245182
45 -30.7129 0.240212
46 -16.9804 0.235471
47 -38.9062 0.24817
48 -22.1148 0.236371
49 -37.8189 0.248676
50 -17.1884 0.254472
51 -29.0082 0.250546
52 -24.5813 0.242185
53 -48.7916 0.238659
54 13.6873 0.213227
55 -34.2264 0.244112
56 -6.04586 0.239821
57 -40.432 0.246364
58 -38.8573 0.245165
59 -51.084 0.249776
60 -29.8468 0.244206
61 -24.0619 0.237042
62 -25.1533 0.245143
63 -37.8624 0.234882
64 -2.6778 0.246278
65 14.7584 0.260463
66 10.0645 0.251911
67 24.947 0.244526
68 -1.09657 0.25491
69 23.3563 0.243216
70 1.90659 0.246016
71 10.6293 0.238176
72 26.6804 0.246434
73 -16.498 0.250449
74 13.4887 0.250396
75 0.511891 0.252279
76 17.4953 0.243426
77 -7.95512 0.261507
78 -19.808 0.252073
79 37.4659 0.240909
80 35.6753 0.242514
81 8.13466 0.241507
82 38.1983 0.243133
83 4.58453 0.240738
84 0.654675 0.246179
85 14.822 0.243576
86 11.9316 0.251568
87 3.47765 0.245977
88 2.08482 0.250065
89 24.39 0.234928
90 39.1812 0.251609
91 20.2024 0.248682
92 14.599 0.239631
93 2.64847 0.250564
94 38.4633 0.23218
