0 -24.8615 0.225898
1 -39.2756 0.234527
2 -35.3885 0.24004
3 -41.3177 0.236532
4 -20.5245 0.238875
5 -16.9447 0.240967
6 -21.6391 0.247792
7 -30.3587 0.23233
8 -7.98824 0.237918
9 -22.7882 0.234376
10 -34.0973 0.222252
11 -24.0535 0.239041
12 -41.2407 0.235101
13 -19.1484 0.239433
14 -11.3753 0.235195
15 8.41952 0.235682
16 -29.0366 0.243648
17 2.49977 0.234513
18 -24.3268 0.240951
19 -4.47754 0.23598
20 -8.4019 0.233076
21 -41.0461 0.240568
22 -13.3258 0.22876
23 -1.06019 0.220271
24 -19.9622 0.222275
25 -3.95266 0.234297
26 -23.3941 0.239985
27 -41.655 0.237008
28 -58.9511 0.243501
29 -31.5253 0.226188
30 -17.8303 0.231681
31 -8.2427 0.218154
32 -3.87524 0.23449
33 -20.4209 0.227907
34 -29.7279 0.238457
35 -23.2127 0.233238
36 -18.4266 0.231321
37 -24.8859 0.231657
38 -21.7131 0.230214
39 -2.32097 0.228205
40 -23.3835 0.227736
41 2.24846 0.228823
42 -29.5372 0.235398
43 8.22711 0.226521
44 -15.0167 0.231837
45 -51.6686 0.22953
46 -42.8358 0.241204
47 -22.3101 0.237579
48 -26.3459 0.233252
49 -28.3216 0.238965
50 -35.6162 0.236653
51 -19.5396 0.232425
52 -19.5975 0.221979
53 -30.9292 0.227132
54 -4.71463 0.220447
55 -10.8961 0.23344
56 -13.736 0.24387
57 -43.4429 0.236147
58 -8.93984 0.229123
59 6.13492 0.230463
60 -7.03741 0.213138
61 -11.1082 0.23248
62 -15.2603 0.230331
63 4.75767 0.223744
64 42.7377 0.244712
65 49.1583 0.233778
66 7.74568 0.236876
67 21.0939 0.235521
68 40.6597 0.235632
69 31.1416 0.244287
70 29.1929 0.23254
71 2.73222 0.246341
72 60.6077 0.231825
73 -5.22744 0.24313
74 14.3839 0.243469
75 49.09 0.237595
76 26.4109 0.246229
77 36.1663 0.237675
78 -5.41318 0.235217
79 18.3487 0.238146
80 15.5659 0.248109
81 14.742 0.238648
82 34.868 0.235775
83 38.7608 0.228364
84 45.8293 0.233825
85 46.5599 0.232119
86 21.0932 0.241398
87 36.7844 0.243291
88 42.383 0.240728
89 19.4306 0.249948
90 23.8822 0.236177
91 34.932 0.23084
92 8.95928 0.237689
93 69.3108 0.22387
94 9.86004 0.24344
