0 18.1684 0.250328
1 2.84919 0.241047
2 16.9154 0.237549
3 16.578 0.240955
4 29.5601 0.243578
5 27.9592 0.239557
6 15.8942 0.24091
7 8.04014 0.240563
8 28.6106 0.243998
9 -3.55156 0.242321
10 29.6444 0.233137
11 40.3089 0.23895
12 -8.47276 0.242857
13 3.5264 0.239046
14 35.8393 0.242536
15 35.147 0.238484
16 16.9395 0.234139
17 39.023 0.234903
18 28.8032 0.236654
19 33.358 0.23816
20 -17.5918 0.246402
21 15.8969 0.226705
22 23.0372 0.229177
23 15.4214 0.2402
24 27.2667 0.236018
25 8.74251 0.244114
26 11.1517 0.233603
27 1.24924 0.238612
28 -0.87152 0.233172
29 29.5065 0.230376
30 -10.8449 0.227961
31 18.7596 0.230553
32 -0.330769 0.23319
33 -1.82639 0.23583
34 2.56502 0.222756
35 30.8081 0.226202
36 27.9695 0.233455
37 37.0024 0.229034
38 -20.0001 0.221985
39 15.5823 0.22741
40 30.5257 0.226904
41 21.0306 0.234485
42 0.544225 0.222291
43 7.63368 0.228304
44 27.4307 0.230721
45 51.2811 0.21319
46 -8.36669 0.231472
47 36.3311 0.22404
48 33.7414 0.223384
49 33.8045 0.233874
50 1.05762 0.226335
51 3.182 0.226921
52 34.1081 0.226611
53 22.4716 0.229221
54 29.2789 0.228023
55 3.25856 0.23063
56 27.6529 0.213885
57 48.6483 0.226134
58 -8.87128 0.235612
59 24.6702 0.221485
60 -0.477885 0.21972
61 17.3608 0.21381
62 32.4611 0.227269
63 12.4673 0.213867
