0 11.952 0.23956
1 5.66039 0.235991
2 42.5324 0.242769
3 16.554 0.233652
4 19.6347 0.228868
5 12.4465 0.233444
6 25.6939 0.232907
7 15.0748 0.24064
8 6.42741 0.232583
9 20.4368 0.226187
10 -6.03577 0.233422
11 34.8292 0.23161
12 1.81991 0.236656
13 15.6471 0.230465
14 2.4741 0.227213
15 41.3268 0.233209
16 11.3325 0.225589
17 31.1804 0.228127
18 8.90042 0.229493
19 24.0076 0.224811
20 30.3224 0.208204
21 29.5776 0.233587
22 24.329 0.225296
23 14.8568 0.22976
24 4.01038 0.234904
25 42.6408 0.229393
26 41.434 0.223778
27 6.64829 0.226648
28 1.06808 0.223539
29 33.2967 0.222844
30 1.5832 0.236527
31 38.1197 0.23219
32 -22.0001 0.245301
33 -9.84207 0.235498
34 17.4724 0.218075
35 22.3702 0.225842
36 10.9364 0.232935
37 9.58245 0.23126
38 -1.52497 0.230603
39 1.71462 0.228471
40 29.2027 0.233501
41 2.8649 0.244901
42 2.00623 0.229992
43 -10.4917 0.238248
44 -8.79331 0.22723
45 24.9776 0.231267
46 43.0068 0.23353
47 13.5496 0.233609
48 7.4118 0.230061
49 4.12986 0.233995
50 14.874 0.234816
51 -4.27615 0.232814
52 6.53396 0.235833
53 1.53932 0.228518
54 -4.42056 0.232649
55 -10.4932 0.233605
56 30.3128 0.234846
57 -17.7015 0.231255
58 5.21466 0.224405
59 -2.43446 0.222359
60 13.5826 0.221999
61 46.2888 0.228118
62 21.4608 0.226579
63 15.1664 0.212568
