0 10.0543 0.227185
1 -28.9581 0.242727
2 -15.6143 0.246952
3 -30.0437 0.255172
4 -22.4825 0.240454
5 -25.571 0.245802
6 -27.5529 0.244069
7 -19.1359 0.248422
8 -17.494 0.246181
9 -11.5704 0.247658
10 -25.5548 0.244603
11 -24.0726 0.243927
12 -12.5681 0.238849
13 -59.7252 0.237906
14 -21.2785 0.235647
15 -15.06 0.228294
16 -49.0201 0.247584
17 -50.9968 0.241015
18 -21.0409 0.237564
19 1.77388 0.233036
20 -20.9423 0.237772
21 -18.1923 0.248836
22 -31.4333 0.242568
23 -10.291 0.242757
24 -11.5172 0.23792
25 -20.9978 0.234905
26 -20.2847 0.23992
27 -13.0213 0.23946
28 -36.3028 0.244052
29 10.8209 0.231467
30 6.48358 0.230886
31 -33.8507 0.237283
32 -21.8744 0.228252
33 -35.3902 0.232157
34 -17.6976 0.23289
35 -47.0365 0.232551
36 -40.1617 0.245969
37 -27.993 0.230273
38 -44.3291 0.239993
39 -57.1782 0.239227
40 -31.8139 0.239073
41 -9.64183 0.22984
42 -41.5343 0.234233
43 -34.9115 0.227419
44 -57.7523 0.234936
45 -34.2345 0.239991
46 -19.2962 0.221747
47 -60.4751 0.243999
48 -51.4901 0.242276
49 -50.5217 0.240205
50 -22.9218 0.22474
51 -27.877 0.228093
52 -57.217 0.240116
53 -22.2104 0.235364
54 -52.5094 0.240382
55 -27.2056 0.242735
56 -30.8323 0.224279
57 -39.4144 0.230924
58 -20.4145 0.230742
59 -24.5069 0.218005
60 -49.5884 0.231776
61 -39.4762 0.23122
62 -43.0929 0.230075
63 -26.2559 0.223845
64 27.5394 0.239677
65 7.23454 0.244002
66 -2.28075 0.244067
67 13.8514 0.238031
68 11.1758 0.248066
69 18.2866 0.237288
70 31.0445 0.242009
71 42.9861 0.241932
72 10.4273 0.245176
73 -0.979366 0.243032
74 27.8141 0.239467
75 22.1237 0.246419
76 18.3462 0.247637
77 16.3925 0.238706
78 26.3576 0.237603
79 18.3292 0.237881
80 40.3297 0.243545
81 17.8443 0.247272
82 -4.05365 0.243897
83 46.4637 0.242586
84 18.2492 0.244164
85 8.94939 0.237123
86 7.47183 0.241663
87 18.5658 0.231907
88 27.6922 0.236671
89 40.0601 0.232037
90 55.2906 0.238319
91 13.8331 0.230529
92 52.3684 0.234469
93 42.3898 0.222835
94 30.8802 0.249544
