0 -7.00692 0.236708
1 -14.9944 0.236274
2 22.6408 0.238344
3 23.698 0.238265
4 21.797 0.237848
5 21.1807 0.233563
6 -14.8665 0.2412
7 29.9692 0.23842
8 35.7491 0.228252
9 12.2395 0.234729
10 38.9014 0.234122
11 -3.2598 0.239309
12 4.65971 0.227552
13 8.9329 0.233516
14 6.23201 0.2246
15 -3.7167 0.229569
16 -14.0629 0.230975
17 24.881 0.235266
18 19.1707 0.232307
19 43.7746 0.226161
20 46.7051 0.224943
21 6.88777 0.236567
22 0.907997 0.227827
23 3.19959 0.231612
24 6.84125 0.232389
25 11.2649 0.230175
26 4.61912 0.236179
27 9.01061 0.235053
28 -22.6816 0.243501
29 29.6586 0.224315
30 4.20904 0.230763
31 16.0096 0.226669
32 23.9208 0.240319
33 11.3424 0.235981
34 6.30518 0.236807
35 39.2792 0.223261
36 40.46 0.226243
37 7.73767 0.233815
38 10.225 0.231746
39 5.72511 0.24414
40 22.0185 0.238354
41 35.8804 0.216506
42 27.4396 0.228939
43 27.6466 0.234104
44 12.757 0.234937
45 5.89568 0.223995
46 1.00772 0.228671
47 26.9469 0.233874
48 21.8381 0.226858
49 -18.1025 0.227578
50 34.6853 0.234994
51 30.4184 0.209794
52 4.35764 0.224699
53 46.2651 0.212495
54 21.1872 0.229417
55 30.6686 0.224448
56 1.87529 0.231572
57 14.9356 0.226306
58 8.37381 0.24291
59 26.3905 0.227902
60 5.58642 0.228764
61 34.7393 0.226293
62 34.3493 0.209867
63 5.65237 0.231642
64 47.4234 0.229103
65 36.7115 0.236753
66 47.8985 0.236439
67 37.4628 0.22954
68 51.4657 0.23251
69 28.541 0.229598
70 55.0251 0.236325
71 52.5178 0.22908
72 44.7826 0.227769
73 41.511 0.235627
74 31.072 0.237299
75 42.9601 0.231516
76 39.2933 0.22691
77 61.7118 0.230817
78 31.4101 0.230977
79 22.154 0.234111
80 41.0349 0.231881
81 28.8329 0.228164
82 37.8547 0.234375
83 25.4352 0.229062
84 62.5207 0.230412
85 65.5383 0.229012
86 31.7785 0.23108
87 63.4197 0.240099
88 62.9916 0.226537
89 32.3989 0.228827
90 44.7683 0.228697
91 31.1471 0.23134
92 40.4528 0.231265
93 21.0264 0.240442
94 39.6032 0.231094
