0 -33.9179 0.243969
1 -29.8254 0.241969
2 -5.35632 0.234501
3 -20.1172 0.235844
4 -12.1963 0.236115
5 -18.1857 0.245177
6 -11.2363 0.239437
7 -5.92587 0.232878
8 -24.6143 0.233298
9 -4.23213 0.230139
10 -22.3238 0.240155
11 9.47434 0.236158
12 -34.4543 0.243819
13 -7.84131 0.229994
14 -13.4021 0.234948
15 -6.60031 0.244034
16 -45.1091 0.237928
17 5.42063 0.220882
18 -28.8008 0.23876
19 -9.2789 0.228035
20 -39.1649 0.248386
21 -9.92671 0.24047
22 29.3052 0.227276
23 28.7455 0.223828
24 -29.5398 0.238998
25 5.04894 0.23281
26 -17.7017 0.235641
27 -15.3 0.230617
28 -16.8374 0.232079
29 -21.0166 0.243972
30 -3.06256 0.242497
31 -30.653 0.23279
32 14.8587 0.236727
33 -1.06981 0.240337
34 -0.718278 0.251943
35 -14.7809 0.225492
36 -19.8271 0.236732
37 -0.838699 0.235915
38 -19.2792 0.239545
39 6.78952 0.239207
40 -9.57328 0.23729
41 14.3226 0.217488
42 -39.408 0.243094
43 -52.3774 0.238121
44 -15.8203 0.236563
45 13.2029 0.231429
46 -4.38222 0.234546
47 -39.4875 0.237553
48 -11.6419 0.234675
49 -17.1483 0.241062
50 -12.5169 0.237304
51 26.0926 0.24293
52 -16.3022 0.226675
53 -10.6939 0.235212
54 15.4764 0.231512
55 10.7469 0.227318
56 -22.1042 0.23202
57 -29.7941 0.241928
58 -39.5398 0.23133
59 22.0909 0.239493
60 21.1955 0.232825
61 -34.4141 0.236835
62 -24.1612 0.238446
63 -25.2895 0.234017
64 -4.79886 0.236636
65 -25.8706 0.238557
66 8.10416 0.234488
67 -1.60908 0.232583
68 4.12178 0.227618
69 -34.7649 0.236204
70 -5.12201 0.230121
71 9.34766 0.237161
72 -40.6189 0.251435
73 -28.4127 0.239633
74 -1.94563 0.228019
75 5.08972 0.236951
76 -30.6021 0.23263
77 -0.468606 0.235604
78 -22.0126 0.234931
79 -8.24682 0.240407
80 -9.05369 0.220854
81 -13.8621 0.23902
82 20.7662 0.22295
83 -12.1417 0.238221
84 -6.58698 0.230635
85 -10.2408 0.233556
86 6.64317 0.221689
87 -10.1969 0.224342
88 -19.6233 0.231669
89 0.33961 0.241532
90 11.1415 0.230814
91 -14.8917 0.228559
92 0.374468 0.231374
93 17.7128 0.218616
94 12.9344 0.220939
