0 42.1603 0.238071
1 4.78595 0.243895
2 26.3157 0.234208
3 33.0437 0.240656
4 9.21384 0.232949
5 23.0843 0.246216
6 34.8071 0.236154
7 11.1337 0.239247
8 32.3567 0.233079
9 33.9369 0.237056
10 26.5449 0.23093
11 16.7409 0.235436
12 20.1834 0.250735
13 -11.7572 0.24181
14 -8.58892 0.244735
15 -4.27671 0.237708
16 -3.13164 0.231762
17 44.3654 0.2356
18 36.7757 0.239201
19 24.5298 0.23919
20 24.9795 0.223441
21 8.76233 0.236097
22 16.031 0.239531
23 26.7064 0.23173
24 15.0989 0.238702
25 33.8162 0.244095
26 9.27601 0.229349
27 9.78151 0.23162
28 26.8887 0.228207
29 34.4958 0.236043
30 2.70119 0.239813
31 18.2543 0.232811
32 14.0952 0.251506
33 -6.06055 0.246435
34 -1.96042 0.2433
35 -3.72854 0.247784
36 -8.89462 0.255913
37 7.36392 0.250702
38 7.48943 0.237267
39 -3.11678 0.24029
40 -22.2942 0.242796
41 -40.2462 0.255026
42 19.6282 0.244853
43 -0.564281 0.234106
44 -18.2442 0.245501
45 1.80783 0.249765
46 13.4469 0.24388
47 -32.7675 0.257612
48 3.05396 0.240792
49 -19.022 0.247134
50 6.63114 0.24113
51 -3.03227 0.243588
52 8.72125 0.24365
53 7.52219 0.250067
54 18.3516 0.231608
55 3.945 0.241282
56 15.919 0.231446
57 -0.205843 0.241608
58 -44.3955 0.25879
59 5.8793 0.235726
60 -32.1619 0.247802
61 16.2572 0.221409
62 3.83327 0.241355
63 -30.8698 0.242643
64 74.5202 0.245005
65 61.1062 0.239435
66 77.9943 0.240227
67 60.9118 0.247066
68 88.7297 0.2339
69 85.4977 0.244363
70 64.4836 0.233297
71 46.8067 0.244845
72 81.5425 0.235621
73 78.3924 0.24202
74 31.8458 0.23806
75 48.6386 0.243713
76 83.1826 0.233835
77 53.2618 0.230382
78 30.1026 0.245564
79 42.4865 0.239078
80 42.7048 0.246686
81 49.1633 0.245387
82 63.4464 0.235375
83 40.6557 0.243718
84 71.2677 0.235235
85 68.3213 0.247864
86 67.9506 0.225755
87 87.4146 0.235251
88 68.4997 0.241712
89 42.9426 0.250641
90 52.8059 0.239268
91 83.7753 0.232653
92 73.5186 0.233157
93 53.655 0.246414
94 69.7023 0.237384
