0 -42.0956 0.239389
1 -43.032 0.249394
2 -28.8735 0.245421
3 -23.7162 0.255068
4 -16.0915 0.243519
5 -26.5751 0.237873
6 -36.6532 0.239513
7 -50.8631 0.249312
8 -27.5315 0.247688
9 -33.8873 0.248012
10 -43.9923 0.243273
11 -26.102 0.231882
12 -42.215 0.251952
13 -47.2704 0.255896
14 -50.1703 0.245001
15 -32.3088 0.233733
16 -25.1026 0.235041
17 -32.8135 0.245327
18 -33.1327 0.233011
19 -19.6583 0.240951
20 2.4021 0.242758
21 -26.3047 0.250676
22 -24.7965 0.240758
23 -40.5899 0.241203
24 -34.4649 0.242367
25 -35.8335 0.23716
26 3.3821 0.237871
27 -27.4951 0.231511
28 -29.6508 0.236349
29 -36.154 0.244815
30 -40.2821 0.250326
31 -26.3319 0.226593
32 -24.6503 0.247506
33 -25.0028 0.241177
34 -37.8083 0.246668
35 -36.8124 0.243956
36 -45.4876 0.242001
37 -19.9348 0.24445
38 -42.0439 0.244757
39 -26.0155 0.240906
40 -16.9012 0.245844
41 -41.9072 0.241906
42 -23.6011 0.236646
43 -14.0778 0.248687
44 -28.1986 0.235541
45 -9.91585 0.235953
46 7.58933 0.234649
47 -23.8754 0.233595
48 -52.9267 0.23384
49 -46.7987 0.238004
50 -20.7837 0.240285
51 -4.41452 0.232956
52 -9.15501 0.234924
53 -37.8025 0.226775
54 -11.4701 0.239696
55 -12.3036 0.243369
56 -46.8541 0.245547
57 -17.8266 0.23792
58 -28.2426 0.228945
59 -36.8805 0.237628
60 -21.4413 0.22947
61 -37.9237 0.237631
62 -45.7325 0.248641
63 -13.4205 0.237911
64 44.4365 0.238173
65 39.6901 0.230572
66 59.9749 0.240667
67 83.9691 0.235981
68 83.9892 0.23893
69 81.4886 0.235523
70 48.3854 0.237767
71 53.9031 0.232993
72 35.0639 0.240986
73 82.4995 0.232891
74 59.5964 0.228443
75 68.1248 0.23822
76 61.7969 0.232897
77 71.5767 0.23641
78 48.1403 0.234599
79 63.9506 0.225214
80 43.1468 0.234296
81 59.1488 0.236221
82 41.3529 0.226222
83 54.2464 0.231997
84 56.5356 0.232789
85 59.3693 0.230898
86 34.4649 0.230751
87 78.9991 0.220314
88 36.997 0.236336
89 31.5968 0.228115
90 35.685 0.232446
91 37.1596 0.23757
92 58.1788 0.238783
93 63.0451 0.236539
94 66.0529 0.23721
95 66.0529 0.23721
