0 30.6857 0.243905
1 38.4894 0.229475
2 9.26821 0.235848
3 54.5686 0.229635
4 25.3521 0.228499
5 28.8334 0.23384
6 24.2123 0.236546
7 31.7047 0.241325
8 29.885 0.226522
9 22.114 0.231599
10 39.7635 0.226539
11 43.1357 0.234788
12 12.6875 0.23131
13 29.2384 0.229353
14 31.1237 0.232349
15 13.4204 0.231273
16 60.2223 0.229702
17 22.8182 0.225294
18 77.8862 0.21406
19 18.3467 0.23452
20 36.7091 0.223292
21 17.7423 0.242399
22 24.2402 0.238016
23 25.4022 0.236395
24 34.4014 0.229852
25 48.8002 0.228074
26 -0.969611 0.22948
27 -2.97542 0.241597
28 30.6969 0.222007
29 -0.661086 0.246663
30 48.7727 0.235836
31 22.193 0.231585
32 35.2626 0.246856
33 37.7621 0.242757
34 30.1116 0.245009
35 22.1802 0.245311
36 45.5598 0.238558
37 47.7031 0.244461
38 1.18888 0.252851
39 52.405 0.240216
40 13.223 0.246686
41 20.6288 0.241005
42 21.6037 0.242082
43 27.1131 0.235969
44 23.2587 0.230674
45 6.8096 0.239782
46 58.7886 0.232974
47 23.3284 0.247644
48 21.1078 0.240456
49 54.0425 0.239484
50 17.2381 0.233565
51 46.2603 0.237308
52 59.852 0.234975
53 35.1602 0.236468
54 20.5565 0.246327
55 25.1234 0.240161
56 36.6769 0.222002
57 53.0979 0.230077
58 30.3325 0.232558
59 25.378 0.247499
60 56.78 0.231651
61 17.4484 0.237571
62 49.4229 0.225996
63 31.0039 0.23136
64 -51.6569 0.245193
65 -41.6839 0.241564
66 -19.0832 0.24611
67 -12.4206 0.246462
68 -34.2685 0.241407
69 -41.4787 0.252133
70 -46.3958 0.238674
71 -59.7829 0.245373
72 -80.9803 0.246049
73 -36.3099 0.246813
74 -31.1818 0.248659
75 -42.357 0.252243
76 -38.2421 0.243386
77 -43.514 0.242484
78 -25.1851 0.224188
79 -33.633 0.245202
80 -49.1227 0.234249
81 -34.1747 0.24903
82 -19.2057 0.233074
83 8.89881 0.234594
84 -10.6227 0.243437
85 -40.4154 0.248422
86 -9.01928 0.239248
87 -35.5075 0.23879
88 -33.8239 0.240754
89 -36.3404 0.232856
90 -51.0919 0.242297
91 -29.9359 0.225282
92 -51.0126 0.235727
93 -27.8694 0.234335
94 -20.0189 0.234978
