0 18.9875 0.231857
1 22.763 0.232382
2 23.1419 0.236587
3 25.4208 0.227496
4 0.172822 0.229873
5 -10.0571 0.240973
6 17.1115 0.230737
7 2.40184 0.2279
8 27.6989 0.231225
9 -12.7192 0.236875
10 28.6888 0.223992
11 -11.1761 0.229401
12 32.8081 0.231211
13 5.94011 0.223632
14 27.7778 0.231432
15 9.06036 0.221229
16 -7.90805 0.221315
17 8.57976 0.222868
18 19.5405 0.223853
19 7.09536 0.222364
20 6.41053 0.219714
21 17.3931 0.213794
22 38.018 0.214264
23 22.6305 0.230448
24 3.26971 0.219209
25 14.9734 0.224578
26 3.39631 0.220568
27 -16.6914 0.220819
28 12.6198 0.207468
29 15.3527 0.220321
30 29.2977 0.220476
31 2.53827 0.215346
32 18.3184 0.241778
33 26.4479 0.229444
34 21.5345 0.240122
35 37.4616 0.23517
36 5.6565 0.230664
37 29.7528 0.231249
38 15.1987 0.232282
39 12.1846 0.241171
40 21.1796 0.234522
41 4.48082 0.240962
42 17.5357 0.232374
43 21.5688 0.23018
44 39.5858 0.230797
45 -13.5636 0.232179
46 24.2566 0.229004
47 44.8606 0.232301
48 39.6781 0.225688
49 35.5285 0.234729
50 18.6504 0.227858
51 13.4819 0.220858
52 42.6924 0.218807
53 15.4828 0.232199
54 56.9988 0.213904
55 34.1752 0.229871
56 33.642 0.227673
57 20.0491 0.219086
58 54.1672 0.223176
59 13.6562 0.223301
60 -16.8565 0.226425
61 29.4672 0.225948
62 37.8153 0.228968
63 21.3466 0.216368
64 68.0355 0.227108
65 67.8366 0.22657
66 33.6392 0.222466
67 65.2469 0.224982
68 35.1881 0.221562
69 57.637 0.226474
70 48.092 0.222423
71 80.0695 0.22102
72 80.2151 0.224007
73 50.5119 0.22389
74 54.951 0.222608
75 44.0346 0.214382
76 40.1105 0.225895
77 45.6625 0.221656
78 36.8852 0.216751
79 47.9296 0.227513
80 52.9212 0.215446
81 61.2821 0.212322
82 66.6489 0.216262
83 64.4654 0.218822
84 59.7582 0.22122
85 55.4431 0.219591
86 50.9776 0.210758
87 57.9248 0.229762
88 52.6321 0.222234
89 32.322 0.215476
90 55.6844 0.214865
91 44.4586 0.21779
92 60.6347 0.220964
93 66.529 0.211753
94 27.3156 0.219393
95 64.8424 0.209593
