0 -41.1865 0.264125
1 -11.4423 0.256263
2 -19.4205 0.244204
3 -47.6665 0.243023
4 -22.3095 0.254607
5 -29.4185 0.26002
6 -21.6761 0.260394
7 -1.31184 0.248649
8 -32.1572 0.253777
9 -9.54561 0.248331
10 -49.7751 0.26094
11 -38.5652 0.254683
12 13.0312 0.250854
13 -49.61 0.25906
14 -33.7967 0.264842
15 -25.9037 0.25803
16 -34.5015 0.250967
17 -14.8175 0.251076
18 -11.8912 0.248442
19 -18.8576 0.248399
20 -1.0802 0.257013
21 -7.44615 0.247137
22 -6.75872 0.256078
23 -30.9005 0.251781
24 4.70518 0.24615
25 -34.7843 0.248206
26 -25.1605 0.250755
27 -9.34767 0.243647
28 -36.8998 0.259082
29 -34.2532 0.246511
30 -28.6293 0.252714
31 -15.2601 0.248897
32 23.9853 0.255427
33 20.3815 0.248176
34 31.23 0.240172
35 37.2301 0.250201
36 29.5497 0.257454
37 -13.9736 0.256126
38 26.5391 0.238671
39 1.8182 0.247754
40 28.7178 0.241828
41 5.08575 0.250765
42 57.6408 0.246787
43 9.64118 0.250968
44 35.7215 0.248026
45 27.8537 0.241971
46 14.9808 0.250045
47 0.136327 0.254113
48 29.971 0.248883
49 -3.90887 0.245895
50 10.0785 0.24353
51 -1.50113 0.2539
52 15.6263 0.251076
53 -5.05732 0.265613
54 70.8484 0.233828
55 41.3435 0.241579
56 23.6545 0.251474
57 31.0295 0.252936
58 -7.95935 0.246263
59 19.6443 0.243855
60 29.4023 0.243738
61 26.8474 0.243272
62 5.38348 0.248112
63 -11.4017 0.243017
64 32.0747 0.247912
65 50.3363 0.254692
66 23.4524 0.252158
67 18.1942 0.256626
68 63.9434 0.248343
69 75.8585 0.243492
70 45.3745 0.249868
71 49.3127 0.245906
72 10.41 0.256405
73 35.9342 0.234224
74 44.7017 0.247263
75 56.0248 0.247938
76 30.6394 0.247913
77 19.8006 0.250146
78 28.153 0.246705
79 50.4862 0.247459
80 51.3769 0.253887
81 30.6794 0.250895
82 30.4687 0.247149
83 42.9509 0.244028
84 59.9747 0.242003
85 47.5392 0.249984
86 26.0538 0.245519
87 59.8676 0.237873
88 57.6143 0.251105
89 19.3318 0.245735
90 28.321 0.250314
91 23.3461 0.248344
92 17.2224 0.235785
93 4.11509 0.246194
94 47.6472 0.247105
