0 18.4794 0.249142
1 5.78192 0.243302
2 -2.98693 0.244223
3 -9.70076 0.246259
4 -7.08396 0.24577
5 6.05811 0.239813
6 -21.3788 0.249962
7 -6.46997 0.240001
8 20.0452 0.249408
9 4.86098 0.239943
10 20.2748 0.240782
11 -0.236232 0.243798
12 21.3994 0.242555
13 0.960631 0.244639
14 -7.96322 0.246551
15 8.12446 0.238107
16 9.41751 0.232174
17 1.43013 0.244125
18 -6.18899 0.239403
19 -2.71453 0.245184
20 -2.82646 0.242063
21 18.8374 0.236549
22 -2.96939 0.243458
23 -34.8818 0.237584
24 -1.70622 0.233926
25 2.3256 0.236277
26 -34.6116 0.242224
27 3.06539 0.238142
28 20.6153 0.232485
29 -2.35013 0.235685
30 -4.71621 0.236385
31 -14.6946 0.236083
32 -6.38055 0.227561
33 -0.511635 0.230016
34 -18.8884 0.232252
35 -8.34268 0.234205
36 -19.6217 0.235386
37 -20.3591 0.228468
38 -23.9919 0.230344
39 -9.28315 0.233429
40 -3.36534 0.233666
41 5.03822 0.229451
42 -21.8608 0.237949
43 -21.063 0.234744
44 -7.61683 0.22084
45 -17.0818 0.234981
46 -11.416 0.226734
47 9.37089 0.230003
48 -35.7986 0.217736
49 -1.23387 0.226904
50 14.0637 0.234337
51 2.87913 0.222974
52 -0.225935 0.217333
53 -4.95774 0.230639
54 10.9495 0.228448
55 -3.96411 0.222883
56 2.92728 0.232064
57 -4.30553 0.229464
58 0.580925 0.222847
59 -6.20451 0.225211
60 6.90444 0.226571
61 -18.538 0.230722
62 -8.20221 0.226852
63 7.195 0.195219
