0 26.0718 0.250932
1 52.2337 0.240526
2 25.8938 0.250269
3 55.3875 0.236242
4 26.7794 0.255866
5 36.5007 0.249948
6 72.042 0.247747
7 58.6138 0.250247
8 64.9202 0.248744
9 58.634 0.248265
10 42.3417 0.244018
11 52.5364 0.259054
12 48.6923 0.245743
13 88.6162 0.242794
14 48.639 0.251009
15 42.9063 0.246984
16 57.4557 0.243505
17 74.2118 0.238202
18 35.3869 0.247368
19 22.8293 0.244432
20 38.9831 0.248825
21 42.0696 0.24563
22 48.337 0.235612
23 32.2434 0.237824
24 72.2184 0.242237
25 49.6036 0.247852
26 31.4181 0.244646
27 66.2558 0.234352
28 28.0494 0.239366
29 53.9048 0.239797
30 44.328 0.255844
31 39.002 0.237856
32 35.4111 0.246323
33 48.91 0.237523
34 40.0368 0.232357
35 21.7653 0.234849
36 36.8418 0.243127
37 21.0095 0.234747
38 13.8289 0.241682
39 47.7554 0.240296
40 45.0938 0.235415
41 26.2688 0.234792
42 40.9754 0.238604
43 38.433 0.23748
44 50.6075 0.235671
45 34.5176 0.227555
46 71.613 0.227341
47 56.1376 0.232945
48 53.5086 0.221178
49 23.321 0.234757
50 30.7165 0.238305
51 36.1739 0.228366
52 45.7141 0.225746
53 21.6072 0.234906
54 27.1534 0.239345
55 48.6744 0.236596
56 38.4992 0.228055
57 40.3808 0.235915
58 47.3519 0.234397
59 54.123 0.231955
60 21.3401 0.233107
61 36.1039 0.240726
62 30.9652 0.229361
63 42.4354 0.223044
64 1.38322 0.243674
65 -9.27551 0.241909
66 4.30338 0.239274
67 3.20955 0.237051
68 -15.7047 0.240361
69 -0.532765 0.238539
70 -17.0337 0.245884
71 -6.34477 0.227009
72 -20.0264 0.239501
73 1.75588 0.239488
74 28.3576 0.231187
75 3.55686 0.23496
76 15.9102 0.22943
77 -13.7347 0.244058
78 -20.3748 0.230765
79 -9.47947 0.235073
80 -5.3182 0.239333
81 11.6419 0.239838
82 -13.1391 0.23583
83 5.92394 0.2294
84 11.6887 0.23002
85 -7.42101 0.231131
86 -6.36811 0.238144
87 6.30274 0.235625
88 -7.7825 0.235768
89 17.4488 0.229169
90 18.1283 0.238868
91 4.94421 0.238948
92 5.73206 0.23764
93 -1.54418 0.225767
94 -4.28616 0.229434
