0 7.28153 0.250563
1 -35.055 0.239576
2 10.9397 0.235991
3 17.5066 0.251279
4 -9.81971 0.246045
5 -8.18171 0.239874
6 -41.2404 0.235643
7 -18.8285 0.246586
8 -16.5462 0.235467
9 -46.0388 0.255313
10 -12.8385 0.235685
11 -54.6438 0.238377
12 -22.3414 0.248216
13 -20.4678 0.244322
14 -37.5447 0.234649
15 -8.14162 0.243216
16 -24.1935 0.235709
17 -17.2202 0.228093
18 -13.0073 0.236636
19 -30.9297 0.243285
20 -15.281 0.240377
21 -5.30296 0.236894
22 -14.9239 0.237968
23 -5.85651 0.239948
24 -6.61222 0.227703
25 -43.1952 0.241518
26 -39.2368 0.239457
27 -14.0967 0.22918
28 -54.0196 0.251049
29 -21.0375 0.23142
30 -10.8951 0.23847
31 0.346425 0.239858
32 -6.28462 0.230163
33 -55.3461 0.245439
34 1.80382 0.231554
35 -25.0917 0.236816
36 -27.9976 0.237172
37 10.7509 0.231329
38 -46.3381 0.231114
39 -16.4574 0.240402
40 -9.86605 0.237863
41 -28.7944 0.230435
42 -1.5274 0.240979
43 -54.9637 0.245596
44 -7.67285 0.236671
45 -31.6941 0.240841
46 -57.9606 0.238176
47 15.519 0.228256
48 -8.40034 0.239748
49 -21.5293 0.236096
50 -9.42659 0.238305
51 -32.5179 0.236945
52 6.46017 0.229464
53 -10.7981 0.237803
54 -22.2509 0.23869
55 -22.2398 0.235645
56 -12.6081 0.24215
57 -12.2971 0.232547
58 -27.8213 0.2349
59 -28.4834 0.24538
60 -40.3326 0.23567
61 -5.69222 0.238452
62 -26.9419 0.229551
63 -25.2875 0.24144
64 37.9389 0.237294
65 32.3528 0.242385
66 62.3766 0.230985
67 24.7779 0.235249
68 51.9463 0.225
69 58.6026 0.227341
70 74.0786 0.240992
71 7.68671 0.247381
72 52.8326 0.230638
73 48.3163 0.226469
74 37.4283 0.233813
75 42.9393 0.239774
76 68.9545 0.235691
77 65.2038 0.214528
78 53.4202 0.22388
79 39.6129 0.224554
80 23.0584 0.231494
81 48.7616 0.230616
82 40.3213 0.22812
83 41.852 0.232224
84 54.1788 0.231082
85 32.8604 0.229518
86 30.0854 0.225825
87 19.8316 0.237258
88 55.9094 0.229769
89 43.4956 0.233263
90 34.0019 0.230343
91 70.8294 0.234432
92 42.5037 0.228936
93 40.3641 0.231827
94 54.6451 0.231608
