0 -29.9406 0.242092
1 -29.6671 0.237372
2 26.9486 0.237665
3 -17.7849 0.246267
4 -2.25019 0.243434
5 -15.3364 0.239635
6 -16.8375 0.240229
7 -3.54581 0.230698
8 28.3653 0.239109
9 30.0774 0.23514
10 -20.49 0.240791
11 -5.26511 0.230159
12 21.4845 0.239353
13 -21.3429 0.238442
14 -10.9782 0.232381
15 10.6457 0.234871
16 -11.1592 0.236772
17 21.3731 0.235235
18 -24.9702 0.239252
19 -11.7001 0.23729
20 12.9091 0.239866
21 -17.5777 0.227012
22 -4.59245 0.233824
23 -11.0771 0.222971
24 2.42675 0.246904
25 -5.09692 0.236501
26 -11.9323 0.223246
27 32.9342 0.227137
28 -9.99139 0.235992
29 2.41329 0.229226
30 -19.3632 0.231153
31 -2.60053 0.233223
32 17.3231 0.238153
33 31.1784 0.243074
34 12.8328 0.244839
35 39.3616 0.227129
36 43.1429 0.244235
37 34.6984 0.231645
38 -0.90742 0.228744
39 29.2718 0.236144
40 35.2216 0.235047
41 42.9198 0.231734
42 -9.35633 0.234444
43 9.2874 0.237533
44 29.3593 0.236207
45 6.18007 0.237784
46 24.3841 0.235934
47 42.3989 0.234743
48 11.4255 0.233267
49 38.0414 0.224643
50 26.1237 0.230875
51 12.7089 0.23546
52 -4.72066 0.238762
53 19.9402 0.242522
54 14.4314 0.23998
55 3.99442 0.223376
56 37.0019 0.223173
57 9.50559 0.223235
58 36.0798 0.233706
59 6.51018 0.226948
60 22.8272 0.233633
61 24.5153 0.231595
62 6.22342 0.231181
63 37.9077 0.223995
64 29.7155 0.227599
65 55.3412 0.21794
66 23.9494 0.224801
67 47.8256 0.235519
68 52.8225 0.229333
69 39.225 0.235536
70 34.7525 0.23395
71 55.6692 0.235064
72 36.4926 0.227773
73 57.3374 0.223808
74 37.8857 0.231695
75 38.2532 0.236684
76 42.3884 0.238122
77 29.7394 0.230068
78 50.8212 0.221871
79 -4.07219 0.232648
80 43.2304 0.221311
81 45.6475 0.225231
82 28.5509 0.226542
83 45.4756 0.217601
84 55.0709 0.218132
85 37.8158 0.222215
86 42.5818 0.225905
87 46.5877 0.234847
88 66.4108 0.218028
89 56.4456 0.208061
90 35.98 0.218782
91 21.8594 0.230777
92 28.3875 0.239589
93 41.1559 0.220797
94 71.5593 0.218906
