0 -34.5588 0.260366
1 -21.3755 0.259336
2 -26.9554 0.251068
3 0.337897 0.255182
4 -11.894 0.252467
5 -35.1193 0.255867
6 -30.6941 0.262756
7 14.0391 0.248645
8 -20.7822 0.252173
9 2.63455 0.256606
10 -30.9631 0.256435
11 -30.6239 0.255767
12 -20.7316 0.26275
13 -10.0952 0.234956
14 -11.6291 0.249778
15 -34.1874 0.252743
16 -4.39364 0.254351
17 -25.1815 0.256851
18 -19.4835 0.250581
19 -12.9031 0.251762
20 20.5108 0.247828
21 19.7361 0.240291
22 -22.0355 0.259573
23 -47.0082 0.258407
24 -27.984 0.240243
25 -18.0702 0.244087
26 -7.60525 0.253964
27 -2.49702 0.256394
28 -16.6577 0.243794
29 -12.0414 0.253714
30 -16.9959 0.251165
31 -12.5621 0.23254
32 18.4642 0.240298
33 37.0916 0.244627
34 85.5569 0.238324
35 29.2132 0.240695
36 32.8975 0.242202
37 76.0653 0.242931
38 21.597 0.239855
39 68.2052 0.239833
40 28.0166 0.250183
41 54.5978 0.235287
42 41.7131 0.249223
43 31.4179 0.237812
44 28.9053 0.242679
45 73.485 0.228115
46 44.0546 0.234689
47 43.0272 0.234591
48 50.6347 0.236861
49 66.9284 0.226195
50 13.5417 0.234595
51 12.191 0.245684
52 40.9686 0.23206
53 40.2112 0.246511
54 44.3471 0.242579
55 11.7941 0.234103
56 32.6053 0.241752
57 31.9271 0.235032
58 23.4154 0.238013
59 32.0334 0.239127
60 32.1288 0.247038
61 57.4323 0.23947
62 28.1456 0.238926
63 17.1299 0.232405
64 43.8821 0.252421
65 76.2392 0.233895
66 44.4697 0.245064
67 52.7893 0.252379
68 77.7311 0.247056
69 73.4426 0.242249
70 108.888 0.237862
71 57.3437 0.246751
72 69.1557 0.247459
73 36.6523 0.245745
74 47.3575 0.242529
75 99.1168 0.250379
76 33.7448 0.250221
77 38.9602 0.242047
78 55.5979 0.247404
79 43.6426 0.238308
80 76.5487 0.254901
81 44.208 0.248582
82 56.2982 0.241437
83 50.7271 0.228552
84 48.6363 0.239359
85 73.5229 0.228791
86 59.8419 0.246961
87 65.8781 0.235816
88 33.9809 0.248169
89 62.027 0.249989
90 53.7243 0.251673
91 52.2818 0.235467
92 44.6466 0.231716
93 41.4384 0.238945
94 55.3751 0.227533
