0 8.53698 0.240107
1 -20.4432 0.24085
2 5.8456 0.238208
3 26.2826 0.236265
4 2.76769 0.245773
5 0.453601 0.238708
6 18.7433 0.237998
7 16.139 0.241746
8 -0.92378 0.229434
9 4.842 0.232104
10 2.52075 0.23557
11 -22.1751 0.23578
12 2.94502 0.245437
13 -11.0992 0.236708
14 2.905 0.238014
15 -11.0367 0.241786
16 1.63979 0.240275
17 10.6392 0.236395
18 6.22249 0.234056
19 15.4827 0.238699
20 2.34939 0.240253
21 2.37924 0.233478
22 -17.5731 0.242737
23 -8.77691 0.230302
24 -9.27755 0.245296
25 31.4195 0.234924
26 -11.0695 0.237136
27 32.5394 0.23062
28 14.5827 0.231599
29 -17.8074 0.236187
30 -10.1851 0.236545
31 0.931263 0.23278
32 12.4964 0.234864
33 -1.07423 0.234649
34 36.8526 0.234042
35 8.76437 0.232028
36 -1.6624 0.233358
37 17.5739 0.23205
38 24.7667 0.236145
39 18.7874 0.230549
40 -15.4628 0.239728
41 47.1602 0.230742
42 16.1305 0.227034
43 24.0587 0.23263
44 19.4904 0.234642
45 15.3188 0.235359
46 -3.53349 0.240898
47 15.4773 0.232484
48 -1.22636 0.231859
49 15.6563 0.22963
50 22.8959 0.238432
51 1.81453 0.232902
52 31.7579 0.226744
53 27.397 0.226012
54 18.942 0.23125
55 39.4474 0.228865
56 55.5516 0.231293
57 54.6147 0.228331
58 37.8548 0.222374
59 41.5771 0.228843
60 9.21873 0.234239
61 17.6533 0.224521
62 44.268 0.220838
63 47.2221 0.2208
64 67.4975 0.224976
65 58.1292 0.227891
66 58.895 0.230339
67 44.0792 0.23291
68 43.5773 0.23656
69 18.112 0.229126
70 56.144 0.226724
71 64.1962 0.217127
72 99.1048 0.239197
73 54.7863 0.224296
74 58.5519 0.226956
75 24.0607 0.231952
76 50.5261 0.229146
77 31.326 0.233396
78 49.5172 0.232696
79 61.2675 0.228866
80 42.2116 0.217683
81 41.3595 0.22736
82 41.7562 0.217761
83 53.7796 0.224304
84 26.4953 0.224929
85 33.6224 0.232706
86 66.7696 0.226419
87 37.2319 0.231849
88 45.4452 0.231859
89 68.2014 0.218634
90 36.8434 0.216963
91 49.2621 0.230944
92 38.9109 0.216994
93 60.244 0.213417
94 44.1158 0.216561
95 36.103 0.227892
