0 -57.693 0.243206
1 -29.4399 0.240124
2 -52.5649 0.240857
3 -35.1875 0.241992
4 -31.6993 0.233257
5 -33.4374 0.233621
6 -33.716 0.24513
7 -53.63 0.23555
8 -69.9458 0.23685
9 -62.515 0.23127
10 -52.2363 0.240699
11 -21.9657 0.241147
12 -50.7839 0.246887
13 -38.1169 0.226284
14 -59.3107 0.233587
15 -55.4054 0.244072
16 -36.2705 0.244989
17 -77.1945 0.231591
18 -59.5426 0.236266
19 -83.7357 0.239579
20 -47.9001 0.236522
21 -50.1188 0.235431
22 -41.671 0.249368
23 -49.1017 0.238468
24 -27.5332 0.222273
25 -65.503 0.22419
26 -56.375 0.235559
27 -35.8466 0.234743
28 -59.5466 0.243985
29 -56.9052 0.238844
30 -45.7386 0.222246
31 -67.9836 0.233909
32 -57.2443 0.237959
33 -67.5056 0.234649
34 -71.8424 0.233553
35 -97.7858 0.240859
36 -62.8514 0.233409
37 -54.9661 0.236026
38 -77.3965 0.239995
39 -46.819 0.225173
40 -39.7675 0.243166
41 -47.8314 0.236436
42 -47.0104 0.235797
43 -86.4978 0.243105
44 -41.2188 0.231676
45 -55.9215 0.234301
46 -95.1462 0.244572
47 -41.039 0.23908
48 -80.436 0.235022
49 -87.9384 0.245574
50 -84.9652 0.22754
51 -53.4285 0.236685
52 -75.831 0.240468
53 -60.458 0.231185
54 -77.1333 0.232786
55 -43.7916 0.213444
56 -55.9383 0.237686
57 -63.7772 0.230036
58 -45.1067 0.235551
59 -73.7318 0.226205
60 -72.4814 0.229459
61 -61.033 0.228566
62 -86.7436 0.242274
63 -111.233 0.237482
64 -31.5136 0.241188
65 -46.2886 0.248951
66 -18.22 0.230434
67 -72.9341 0.249044
68 -25.2422 0.228081
69 -50.3731 0.239101
70 -39.1566 0.248313
71 -34.9613 0.243754
72 -37.9818 0.240458
73 -58.9239 0.243651
74 -42.0136 0.238801
75 -53.524 0.243577
76 -52.6033 0.246912
77 -43.3819 0.246374
78 -40.5052 0.24815
79 -33.8714 0.220973
80 -46.5257 0.236087
81 -51.7566 0.250705
82 -0.465117 0.239646
83 -42.5595 0.246359
84 -43.3175 0.245263
85 -37.1755 0.239758
86 -38.27 0.242713
87 -57.7681 0.260283
88 -54.3478 0.242759
89 -74.9938 0.240714
90 -61.9715 0.240656
91 -69.7472 0.248569
92 -47.3818 0.237077
93 -47.6651 0.234961
94 -58.0731 0.243789
