0 4.63671 0.241556
1 -6.728 0.233187
2 27.8804 0.240024
3 -6.74454 0.252709
4 2.92238 0.235199
5 -14.9111 0.245811
6 11.2674 0.243543
7 -3.33217 0.244128
8 -0.355325 0.244325
9 -4.94233 0.249566
10 -3.41477 0.24558
11 11.0774 0.247611
12 3.63007 0.244223
13 -5.23211 0.242153
14 9.01751 0.241704
15 -21.4011 0.241614
16 -21.3322 0.248246
17 13.5681 0.251009
18 -24.2532 0.244243
19 -1.63094 0.242104
20 -5.39161 0.252235
21 7.85387 0.231131
22 9.64085 0.230839
23 2.41236 0.24087
24 9.5139 0.243327
25 -21.0057 0.247872
26 -5.23909 0.246062
27 -13.4362 0.238035
28 0.947877 0.240571
29 12.4461 0.243254
30 -8.51384 0.231999
31 -8.06283 0.244128
32 21.3254 0.254289
33 13.688 0.247157
34 9.78729 0.249546
35 3.3869 0.242785
36 23.5107 0.248295
37 23.0777 0.242595
38 -10.7126 0.242955
39 23.8052 0.241657
40 6.05819 0.244138
41 36.6738 0.247347
42 32.2216 0.238392
43 19.1328 0.251422
44 12.3601 0.232261
45 -6.09243 0.245309
46 29.3169 0.243345
47 38.0584 0.24624
48 6.97374 0.244522
49 25.4104 0.246065
50 17.3003 0.236902
51 18.4176 0.240343
52 41.3853 0.241108
53 20.3775 0.242855
54 29.7838 0.235194
55 13.1826 0.250517
56 11.3887 0.242245
57 0.562219 0.233867
58 -10.6599 0.239112
59 17.6374 0.236932
60 6.44486 0.239533
61 -6.62592 0.246038
62 40.0881 0.243587
63 1.77959 0.232808
64 40.66 0.242373
65 -5.36767 0.242476
66 4.35958 0.241955
67 0.976378 0.242083
68 23.6068 0.239577
69 19.9587 0.249327
70 37.3237 0.239341
71 -36.2574 0.249169
72 -6.94078 0.232708
73 18.6305 0.232852
74 -4.76187 0.238885
75 29.6582 0.240769
76 -26.0659 0.24075
77 -9.90603 0.236346
78 -17.8213 0.235906
79 31.7022 0.238653
80 0.391375 0.235093
81 14.8679 0.242345
82 25.4435 0.235831
83 8.58463 0.239916
84 -2.78585 0.232361
85 15.9143 0.234747
86 32.0524 0.232164
87 10.9977 0.24124
88 -0.745608 0.237246
89 10.6953 0.235131
90 -9.9377 0.237551
91 23.2079 0.23078
92 30.6261 0.238221
93 -5.94468 0.241873
94 -0.292872 0.241724
