0 31.0732 0.237118
1 38.8701 0.239682
2 53.2837 0.222035
3 27.6087 0.232281
4 57.7674 0.234505
5 62.7223 0.240882
6 10.4486 0.233038
7 44.9121 0.234618
8 29.8812 0.23371
9 25.6525 0.231878
10 43.8045 0.235578
11 54.0536 0.233411
12 39.522 0.233709
13 46.3715 0.230451
14 40.2476 0.237295
15 34.832 0.23389
16 29.2874 0.229569
17 26.6605 0.232859
18 48.0157 0.229278
19 35.3078 0.233366
20 32.1796 0.231849
21 40.6317 0.225252
22 27.5262 0.229397
23 16.6262 0.231913
24 36.8175 0.23076
25 52.8243 0.240644
26 39.7957 0.23063
27 32.6697 0.226978
28 52.3371 0.230281
29 33.6204 0.229458
30 40.6469 0.228995
31 24.853 0.228961
32 41.6486 0.235902
33 17.725 0.232888
34 -0.510603 0.234145
35 4.36252 0.225138
36 36.5251 0.235937
37 61.9844 0.236016
38 34.7591 0.227241
39 39.7468 0.227997
40 26.7105 0.228683
41 24.5413 0.235006
42 19.4601 0.229637
43 11.8515 0.230424
44 17.808 0.22818
45 28.2864 0.190515
46 25.8572 0.226477
47 31.0799 0.226282
48 17.4724 0.222173
49 1.57412 0.223127
50 19.445 0.227817
51 20.5176 0.237646
52 13.5774 0.217965
53 52.6355 0.226039
54 33.0116 0.226758
55 21.6033 0.228711
56 55.3776 0.221438
57 13.7246 0.21763
58 23.5792 0.223152
59 32.7569 0.225416
60 52.396 0.231956
61 19.0841 0.234419
62 21.0362 0.22968
63 37.7596 0.213487
