0 -1.33515 0.242373
1 -16.1759 0.239592
2 -34.2336 0.239753
3 -17.3411 0.247168
4 -26.6898 0.247762
5 -26.279 0.242322
6 -22.4089 0.239876
7 -29.9086 0.244714
8 -16.3108 0.241794
9 -47.1415 0.249322
10 -63.7947 0.246608
11 -7.47272 0.243176
12 -23.2551 0.238592
13 -13.6626 0.241126
14 -21.5744 0.230813
15 -5.64246 0.240683
16 1.53891 0.233874
17 -25.1048 0.237794
18 -2.71829 0.241321
19 -37.9612 0.245447
20 8.36246 0.238921
21 -42.138 0.241141
22 -2.38206 0.232534
23 -30.3785 0.240097
24 -44.944 0.240276
25 -5.70826 0.229482
26 -22.6604 0.244078
27 2.58336 0.230445
28 -2.76212 0.232453
29 13.416 0.236895
30 -19.5312 0.22745
31 -4.2834 0.243043
32 -68.1716 0.243569
33 -94.7092 0.246539
34 -85.1299 0.237146
35 -64.4216 0.241545
36 -113.187 0.256722
37 -103.795 0.238784
38 -96.1547 0.23887
39 -67.837 0.242608
40 -65.4965 0.235454
41 -74.8343 0.228458
42 -62.1449 0.239995
43 -95.8509 0.242621
44 -98.6262 0.23951
45 -77.701 0.235741
46 -92.7529 0.240737
47 -41.9816 0.232815
48 -84.0893 0.241218
49 -92.1502 0.237863
50 -116.776 0.2359
51 -58.5533 0.228072
52 -112.31 0.236254
53 -72.296 0.228101
54 -72.2095 0.238085
55 -87.7188 0.240403
56 -86.127 0.234022
57 -65.5009 0.239737
58 -80.7029 0.235931
59 -72.7689 0.241493
60 -93.2169 0.235646
61 -50.5056 0.239815
62 -80.307 0.238636
63 -106.676 0.246444
64 14.1145 0.226542
65 -32.1404 0.240758
66 1.78725 0.248329
67 -57.5068 0.242048
68 -44.4577 0.236351
69 1.00528 0.24626
70 -13.0588 0.239557
71 -39.8435 0.232975
72 -18.3062 0.235655
73 -31.9652 0.233194
74 -21.0408 0.235457
75 -27.2443 0.242935
76 -32.333 0.234721
77 -42.4588 0.240279
78 -26.4477 0.224294
79 -20.3474 0.23129
80 -18.3998 0.236003
81 -47.3461 0.245343
82 -41.681 0.243844
83 -57.6556 0.24812
84 -13.8295 0.243035
85 -32.0816 0.235977
86 -30.7321 0.242281
87 -33.6386 0.237362
88 -32.8848 0.236927
89 -12.2719 0.229084
90 18.1708 0.226804
91 -35.8695 0.243204
92 0.317476 0.243145
93 -44.7464 0.260647
94 -19.7791 0.229021
