0 6.98313 0.245604
1 34.7887 0.230019
2 25.8265 0.238861
3 -3.70765 0.249596
4 32.481 0.232131
5 11.1835 0.235565
6 -2.8866 0.245132
7 7.20362 0.230995
8 4.93016 0.232337
9 12.4205 0.237822
10 22.9794 0.247122
11 6.25883 0.243543
12 37.307 0.23662
13 13.3164 0.23912
14 -7.06932 0.234703
15 11.6836 0.230719
16 -9.7576 0.241711
17 50.3348 0.245516
18 42.7582 0.225794
19 38.4381 0.243764
20 8.31474 0.2282
21 -2.61244 0.239727
22 41.8741 0.226959
23 4.56181 0.226883
24 31.0007 0.230729
25 9.70996 0.244955
26 40.3236 0.22798
27 25.611 0.232868
28 5.02102 0.239782
29 24.216 0.224482
30 37.6335 0.221867
31 22.8829 0.224336
32 -18.8841 0.237732
33 10.6187 0.232022
34 -29.0277 0.233209
35 16.947 0.229302
36 -9.01046 0.235852
37 -11.7299 0.235176
38 -14.9546 0.234779
39 -22.7904 0.229999
40 -38.7054 0.229964
41 -2.91379 0.225445
42 -27.4109 0.230418
43 -41.5175 0.239977
44 -27.1299 0.240693
45 -42.0594 0.234805
46 4.20917 0.233206
47 22.4009 0.223997
48 -38.5195 0.247311
49 -7.9324 0.228217
50 -47.433 0.234433
51 -3.44621 0.227933
52 -35.7715 0.238068
53 -20.4105 0.231098
54 -10.2034 0.236066
55 -51.9436 0.229128
56 -5.1548 0.227655
57 -16.1113 0.222833
58 -18.2387 0.226651
59 -22.0332 0.243221
60 -17.9687 0.212573
61 -12.2919 0.231722
62 -29.4551 0.241307
63 -19.182 0.215103
64 28.6989 0.232873
65 28.6485 0.238549
66 41.0932 0.227691
67 12.3246 0.23458
68 36.0337 0.222726
69 33.4231 0.240373
70 53.6612 0.234364
71 59.5805 0.228707
72 31.9562 0.236219
73 3.587 0.233912
74 41.266 0.230669
75 45.737 0.237161
76 18.0964 0.226197
77 41.1765 0.22906
78 60.5178 0.228384
79 51.319 0.227795
80 38.4509 0.231001
81 39.4461 0.224987
82 20.048 0.224626
83 34.0998 0.236227
84 22.37 0.231712
85 34.3933 0.220923
86 29.1609 0.226163
87 49.902 0.232268
88 40.8108 0.22059
89 35.7492 0.235082
90 40.85 0.233771
91 47.9343 0.218411
92 40.6895 0.233814
93 3.58217 0.231145
94 26.8464 0.217264
