0 -35.5738 0.250103
1 -55.4496 0.248295
2 -35.8571 0.249854
3 -5.06091 0.256531
4 -22.4458 0.256528
5 -49.741 0.254724
6 -55.9563 0.251857
7 -46.1726 0.244218
8 -30.9805 0.244221
9 -61.0183 0.255892
10 -26.2431 0.250533
11 -63.7424 0.248056
12 -19.3944 0.247433
13 -48.9508 0.255116
14 -30.1724 0.255605
15 -17.019 0.2492
16 -32.3798 0.246427
17 -26.1918 0.255212
18 -69.0393 0.253623
19 -67.1895 0.263858
20 -17.681 0.25095
21 -72.7099 0.25539
22 -32.3829 0.248449
23 -50.8104 0.245403
24 -44.9335 0.246439
25 -33.5751 0.25543
26 -39.0047 0.250914
27 -47.96 0.249653
28 -39.5921 0.245437
29 -31.6012 0.254836
30 -19.235 0.24892
31 -52.2806 0.240928
32 -7.58447 0.259429
33 -24.4935 0.252778
34 -5.12122 0.246663
35 21.6056 0.23881
36 -5.03453 0.246573
37 9.28583 0.237372
38 -38.2761 0.24224
39 20.6753 0.255079
40 -30.6041 0.247822
41 7.26589 0.243146
42 -7.8539 0.2549
43 -42.5828 0.249923
44 -17.7632 0.245027
45 4.01919 0.232623
46 4.90083 0.240829
47 -41.6022 0.238231
48 -14.715 0.253193
49 7.74828 0.249972
50 -2.59556 0.240636
51 -13.8859 0.235148
52 -9.49037 0.245938
53 4.84636 0.23444
54 -2.6132 0.248073
55 -8.58895 0.24111
56 0.905699 0.243409
57 22.9835 0.24064
58 -48.8795 0.239692
59 -15.4269 0.238643
60 -12.9521 0.243291
61 4.00643 0.241048
62 -16.8821 0.252604
63 -8.50072 0.232823
64 -49.0732 0.26025
65 -26.754 0.257307
66 -36.1393 0.253143
67 0.0395886 0.244625
68 -21.6878 0.258521
69 0.0824445 0.255084
70 -48.2688 0.261633
71 -24.6858 0.258298
72 -56.3455 0.260518
73 -2.21613 0.259609
74 -17.2804 0.255687
75 -42.4948 0.256077
76 6.65824 0.261326
77 -30.037 0.250853
78 -30.1603 0.261869
79 -19.0401 0.255267
80 -38.5785 0.261433
81 -21.7332 0.258433
82 -16.0412 0.255164
83 -32.8556 0.255178
84 -11.5551 0.248206
85 -29.7958 0.260813
86 -13.0566 0.254108
87 -32.936 0.255952
88 -14.7365 0.26158
89 -41.5927 0.258258
90 -12.8406 0.25046
91 -42.9126 0.248759
92 -28.6025 0.252356
93 -2.83563 0.246719
94 -22.3899 0.247846
