0 28.9708 0.240027
1 5.47253 0.236593
2 12.0666 0.236708
3 16.427 0.235821
4 -1.46833 0.234849
5 -9.16317 0.232113
6 -19.9597 0.244145
7 -20.9449 0.24171
8 16.9536 0.235152
9 -3.99675 0.232856
10 0.970023 0.233574
11 9.00068 0.237419
12 -22.5489 0.243927
13 -8.18496 0.236544
14 -25.3782 0.243553
15 -8.89281 0.249108
16 12.8643 0.2324
17 15.7842 0.226916
18 -4.43602 0.239597
19 -17.2446 0.22645
20 -3.52027 0.241126
21 -13.0217 0.231922
22 13.071 0.237603
23 -10.1544 0.236388
24 -31.8044 0.230177
25 -17.1553 0.242167
26 -12.8893 0.227304
27 9.34408 0.239234
28 -8.94777 0.245148
29 -13.1335 0.255723
30 -16.8486 0.245805
31 -6.49441 0.230601
32 -14.6026 0.244357
33 -8.40186 0.237758
34 -6.1613 0.242999
35 4.222 0.247196
36 7.69578 0.236032
37 -35.983 0.244159
38 -27.1815 0.243421
39 16.5569 0.242937
40 6.3528 0.241596
41 -18.4497 0.237154
42 3.51757 0.238217
43 -18.0032 0.243672
44 -29.399 0.239712
45 7.82879 0.239311
46 23.7799 0.235798
47 -15.7945 0.235141
48 -23.2877 0.231566
49 23.2471 0.216394
50 10.591 0.22928
51 -5.09633 0.244495
52 -3.1629 0.239522
53 -37.0574 0.240815
54 -15.9071 0.235545
55 -20.8084 0.245103
56 -21.752 0.236552
57 4.25964 0.2261
58 -20.7662 0.244189
59 -9.08287 0.239622
60 6.78363 0.238466
61 -30.4079 0.247615
62 10.0906 0.232956
63 -27.3296 0.248523
64 45.9347 0.236736
65 35.0165 0.244403
66 32.5092 0.236821
67 65.5268 0.2406
68 18.6689 0.235492
69 54.6166 0.231936
70 37.1924 0.236581
71 57.0541 0.228516
72 52.9338 0.241947
73 3.81673 0.243972
74 44.2354 0.230903
75 18.1684 0.250025
76 45.2897 0.238819
77 10.7073 0.236093
78 58.9581 0.23345
79 40.8827 0.231551
80 39.5677 0.236312
81 25.044 0.245115
82 22.1287 0.239163
83 17.6997 0.235209
84 28.1439 0.238661
85 41.8631 0.22772
86 41.8642 0.235542
87 4.25559 0.2346
88 37.9745 0.240615
89 63.1872 0.233438
90 10.0473 0.237286
91 47.8226 0.21743
92 13.4206 0.227336
93 24.0668 0.229813
94 56.7301 0.219449
95 56.7301 0.219449
