0 -24.0264 0.243545
1 -38.6543 0.236262
2 -30.0408 0.24017
3 6.54737 0.24348
4 -14.2786 0.235771
5 -39.4464 0.248433
6 -2.12779 0.231589
7 3.0414 0.2319
8 -2.66542 0.241546
9 -9.01022 0.236324
10 -21.6087 0.234957
11 -11.2764 0.233022
12 -53.7671 0.2382
13 -24.7068 0.238784
14 -38.6005 0.242032
15 -32.4943 0.247949
16 4.08177 0.231519
17 -15.6281 0.232738
18 -4.48312 0.236153
19 -0.333707 0.232689
20 -11.5812 0.236769
21 -51.6751 0.234044
22 -12.074 0.239873
23 -20.1239 0.234652
24 -3.19074 0.234789
25 -28.0308 0.23367
26 -21.3726 0.228958
27 -10.7596 0.227109
28 -17.3351 0.230389
29 -4.9892 0.233949
30 -6.16135 0.234494
31 -32.4219 0.223697
32 27.6353 0.230644
33 -9.36963 0.231616
34 -6.65291 0.230079
35 3.99716 0.234245
36 15.7296 0.24491
37 -47.6507 0.24796
38 22.4638 0.235339
39 -18.9764 0.24286
40 -2.77513 0.230881
41 8.70143 0.228714
42 -5.64638 0.232217
43 13.1944 0.231154
44 23.5886 0.235065
45 -15.0214 0.240243
46 2.33047 0.233241
47 -6.82494 0.240951
48 -15.2299 0.232606
49 7.24088 0.231601
50 4.41882 0.231681
51 21.5501 0.236667
52 14.5394 0.228186
53 50.1326 0.22315
54 12.7221 0.233078
55 -7.15954 0.229921
56 -11.1726 0.238265
57 14.6575 0.235976
58 6.43946 0.221421
59 9.67125 0.23092
60 12.2773 0.220669
61 12.4018 0.232076
62 -6.4355 0.234286
63 18.0247 0.230644
64 49.7569 0.241886
65 43.1977 0.228524
66 -6.85244 0.240129
67 43.834 0.240603
68 44.6948 0.245954
69 28.6274 0.226271
70 48.7155 0.224869
71 32.3506 0.237887
72 23.9826 0.229675
73 59.3271 0.231304
74 19.3254 0.238476
75 44.004 0.225575
76 52.9198 0.229308
77 37.0907 0.226587
78 30.8656 0.229225
79 46.6088 0.221266
80 66.3637 0.225327
81 34.0959 0.228752
82 67.5326 0.230036
83 30.581 0.238489
84 46.294 0.224615
85 27.0093 0.23632
86 25.5662 0.235298
87 30.2317 0.229027
88 59.2587 0.228144
89 22.6058 0.235304
90 31.601 0.227782
91 50.8264 0.221506
92 35.7242 0.222442
93 44.7348 0.215211
94 52.3799 0.221156
