0 33.6177 0.225468
1 35.8345 0.225996
2 25.7872 0.228412
3 30.4771 0.233568
4 -0.921768 0.234085
5 21.6642 0.233446
6 32.9682 0.232492
7 41.6443 0.230358
8 11.8156 0.24398
9 15.7389 0.22501
10 35.1573 0.224121
11 33.1711 0.223951
12 28.5348 0.233691
13 12.8815 0.223101
14 44.5358 0.227814
15 34.0575 0.232233
16 43.0712 0.223991
17 -4.8176 0.232708
18 4.56512 0.230931
19 28.9343 0.228263
20 43.2963 0.216767
21 40.5162 0.223259
22 6.49551 0.221338
23 42.0307 0.230991
24 46.3114 0.234245
25 43.263 0.208211
26 38.8551 0.218809
27 24.2423 0.224665
28 37.3043 0.224412
29 30.0475 0.221322
30 29.4949 0.233557
31 31.4334 0.220461
32 24.0555 0.232036
33 -31.1297 0.239242
34 35.3152 0.226582
35 -19.1215 0.235473
36 12.6547 0.227648
37 3.29202 0.235431
38 -9.78124 0.238822
39 15.3817 0.22432
40 12.1809 0.234909
41 7.83395 0.227823
42 18.5325 0.224217
43 3.31139 0.22855
44 -5.17535 0.23138
45 3.91393 0.224953
46 28.6169 0.218632
47 14.9977 0.232097
48 5.74165 0.22776
49 7.22183 0.229501
50 17.7001 0.227579
51 7.32504 0.237301
52 11.8444 0.213134
53 21.9347 0.240717
54 33.0748 0.223288
55 11.0764 0.222746
56 12.4201 0.216129
57 -17.0567 0.223264
58 12.2369 0.237526
59 -10.0488 0.234334
60 5.54223 0.23151
61 22.9289 0.230951
62 17.3377 0.233868
63 18.6871 0.217149
64 56.3595 0.237805
65 47.7688 0.240881
66 42.7193 0.246899
67 40.8211 0.237582
68 20.2103 0.243541
69 50.751 0.240933
70 71.9186 0.233181
71 66.7427 0.229114
72 50.4504 0.246389
73 55.2591 0.236513
74 67.5221 0.237413
75 62.3795 0.233091
76 44.4539 0.237296
77 45.3679 0.239081
78 31.7281 0.235376
79 57.8446 0.237044
80 82.5467 0.225963
81 40.9519 0.230724
82 61.7921 0.230573
83 44.2586 0.232653
84 56.077 0.237259
85 64.9623 0.223674
86 49.641 0.225576
87 63.1663 0.232984
88 54.1641 0.226505
89 29.207 0.244192
90 63.2052 0.239477
91 47.1352 0.239696
92 67.1095 0.232845
93 51.9777 0.227458
94 69.7867 0.232411
