0 -52.4374 0.225479
1 -30.9492 0.232539
2 -61.8476 0.236904
3 -54.1983 0.243536
4 -53.1821 0.238768
5 -27.6757 0.240523
6 -69.4296 0.242194
7 -45.3613 0.238139
8 -47.0051 0.236109
9 -86.5861 0.239033
10 -92.0976 0.239416
11 -71.3475 0.231604
12 -98.462 0.235737
13 -42.5051 0.236998
14 -82.9239 0.243251
15 -88.1534 0.229444
16 -73.5382 0.22556
17 -37.5525 0.235756
18 -55.4807 0.231745
19 -82.5566 0.231408
20 -51.1427 0.241041
21 -34.6999 0.231451
22 -65.4752 0.236794
23 -29.3626 0.234512
24 -50.5803 0.243185
25 -62.1962 0.24258
26 -69.6148 0.227165
27 -74.3939 0.238792
28 -48.0647 0.22241
29 -64.7862 0.248556
30 -83.9698 0.262246
31 -43.542 0.23134
32 8.30239 0.237477
33 42.577 0.22859
34 -16.9225 0.239133
35 29.1347 0.241648
36 35.3119 0.237483
37 -10.1392 0.239425
38 7.25148 0.23543
39 29.7292 0.23413
40 43.2498 0.240424
41 48.3747 0.235554
42 -5.40073 0.240957
43 20.4306 0.240968
44 31.2789 0.236364
45 24.85 0.23266
46 -18.6688 0.238357
47 12.8848 0.234023
48 18.1454 0.233438
49 39.9572 0.225227
50 16.6559 0.234011
51 37.4892 0.241963
52 31.1741 0.228302
53 27.8099 0.231241
54 31.0088 0.235248
55 42.7226 0.228968
56 31.1519 0.230193
57 33.1116 0.237379
58 35.1015 0.237439
59 22.8111 0.227251
60 22.0147 0.233476
61 24.4133 0.228305
62 17.7183 0.237261
63 23.8051 0.237878
64 37.6594 0.245005
65 34.1564 0.238563
66 -15.5503 0.247579
67 1.41253 0.242712
68 5.44844 0.254325
69 40.9778 0.240833
70 22.3079 0.240251
71 14.9229 0.235116
72 36.384 0.233224
73 12.4669 0.249168
74 9.06408 0.248544
75 45.4707 0.233117
76 32.7866 0.238958
77 10.5214 0.237408
78 16.1791 0.238534
79 0.135842 0.250697
80 24.1805 0.245261
81 31.069 0.232829
82 34.7743 0.237267
83 27.9241 0.252969
84 20.1369 0.234008
85 26.8814 0.244349
86 45.0954 0.236774
87 29.2065 0.240658
88 64.1173 0.227829
89 21.9841 0.243132
90 69.5866 0.232619
91 45.2311 0.230589
92 21.9073 0.229047
93 33.9328 0.234828
94 25.3213 0.241899
