0 26.1529 0.241683
1 -9.92412 0.255656
2 36.5489 0.255979
3 -12.6417 0.253277
4 22.7442 0.261091
5 23.4524 0.251178
6 14.7465 0.248484
7 -0.0345371 0.252518
8 17.4442 0.246737
9 -2.2075 0.249581
10 11.649 0.24608
11 -19.2537 0.261247
12 19.1468 0.244273
13 19.5019 0.250185
14 -3.10545 0.254475
15 20.5887 0.246827
16 -1.39315 0.246674
17 7.22168 0.246787
18 28.729 0.246708
19 -5.81206 0.246653
20 11.9453 0.241814
21 9.04997 0.246967
22 -1.00846 0.241753
23 -2.46922 0.242671
24 33.5538 0.253319
25 35.1868 0.235494
26 -43.9625 0.26313
27 -0.714251 0.248505
28 25.3012 0.253364
29 -2.34246 0.262737
30 5.55239 0.246604
31 -10.8295 0.236398
32 -9.88729 0.241785
33 -10.5609 0.250002
34 -41.0278 0.246076
35 -4.85348 0.242677
36 -19.0926 0.239331
37 -15.9614 0.237008
38 -17.7175 0.238816
39 2.66886 0.252716
40 -19.8849 0.244249
41 -5.73155 0.24136
42 -5.52449 0.254384
43 -22.6583 0.242375
44 -21.8877 0.241628
45 -28.7542 0.242714
46 9.15289 0.23618
47 -36.9051 0.241939
48 4.8442 0.24057
49 -15.7213 0.23755
50 6.55172 0.237345
51 -32.2549 0.240376
52 -51.136 0.242914
53 -18.5231 0.238476
54 -16.6212 0.240414
55 -41.1341 0.242676
56 4.01793 0.236935
57 -29.8187 0.235446
58 -35.2406 0.234254
59 -19.4107 0.241783
60 -18.4505 0.226022
61 -39.5757 0.241267
62 -16.8137 0.236767
63 -12.7161 0.234876
64 25.8387 0.25187
65 29.7645 0.248559
66 22.0832 0.258366
67 34.9003 0.259333
68 38.0978 0.243903
69 23.7416 0.24697
70 35.2771 0.257466
71 12.1455 0.248212
72 14.3747 0.24911
73 24.8598 0.250619
74 42.1446 0.238794
75 50.298 0.245324
76 21.684 0.248865
77 5.03962 0.246511
78 26.7911 0.235238
79 53.7539 0.240098
80 39.057 0.247555
81 9.46005 0.250754
82 14.6373 0.245024
83 43.2595 0.253127
84 20.1618 0.255428
85 20.0402 0.257545
86 -1.01445 0.250451
87 34.6827 0.252945
88 46.0424 0.249994
89 54.9287 0.237998
90 19.6269 0.238113
91 9.81911 0.246023
92 36.5443 0.254734
93 38.0273 0.246772
94 29.3594 0.244799
