0 -1.22729 0.245181
1 17.335 0.239868
2 9.59718 0.239707
3 21.1777 0.243789
4 0.837847 0.235176
5 -19.992 0.240212
6 -0.195422 0.237314
7 22.2727 0.244448
8 -20.3025 0.240359
9 -4.70515 0.237566
10 15.4435 0.232913
11 1.6543 0.246731
12 36.0679 0.23536
13 36.8755 0.224962
14 24.9117 0.2291
15 5.00513 0.239813
16 10.1057 0.227243
17 -7.10249 0.225661
18 39.9903 0.231674
19 27.2526 0.229805
20 -0.601719 0.226838
21 10.4205 0.22653
22 36.7876 0.227456
23 23.2855 0.229051
24 36.621 0.219537
25 21.3795 0.228874
26 13.2329 0.225284
27 9.18916 0.226868
28 3.29882 0.225481
29 23.9707 0.238011
30 37.8705 0.210768
31 26.4671 0.208376
32 3.75496 0.236645
33 -41.7483 0.245238
34 -12.5472 0.223919
35 26.8208 0.234979
36 7.80527 0.236602
37 4.29928 0.24285
38 24.7882 0.236601
39 -10.3832 0.239659
40 -20.9542 0.245544
41 5.64013 0.239538
42 -10.8363 0.229515
43 -1.11498 0.219232
44 14.7604 0.239656
45 3.04141 0.23379
46 -23.2865 0.224855
47 10.234 0.22042
48 -13.8613 0.229083
49 11.248 0.225505
50 5.31902 0.229593
51 10.0434 0.222714
52 -20.2003 0.244012
53 -5.88028 0.224732
54 -17.6584 0.213099
55 -19.3379 0.228952
56 -12.0723 0.232176
57 -14.5857 0.234162
58 -8.74926 0.214019
59 13.4329 0.230398
60 -6.24138 0.22977
61 -6.91128 0.216286
62 12.2633 0.228728
63 -21.5068 0.223595
