0 11.2344 0.237406
1 20.374 0.240399
2 6.45861 0.239381
3 26.5067 0.23402
4 28.1303 0.245678
5 52.7828 0.229137
6 16.0117 0.235503
7 19.8055 0.231482
8 8.56816 0.241225
9 6.93967 0.242937
10 39.1578 0.234143
11 17.1204 0.243002
12 -4.41008 0.237075
13 -12.854 0.221749
14 15.3897 0.240244
15 38.5538 0.230528
16 23.4282 0.228738
17 18.0568 0.242421
18 -7.00872 0.241537
19 32.8207 0.227135
20 21.2392 0.223433
21 24.1799 0.236851
22 -10.8162 0.24149
23 36.6461 0.229526
24 11.0875 0.238047
25 31.9337 0.236507
26 34.7654 0.221114
27 34.772 0.225123
28 15.5564 0.232785
29 47.0366 0.238476
30 25.671 0.218684
31 -13.4792 0.226196
32 45.6345 0.234108
33 56.258 0.232669
34 55.0007 0.2275
35 49.2327 0.22775
36 65.9346 0.236226
37 45.7612 0.238355
38 59.4702 0.230766
39 35.7634 0.232374
40 58.685 0.223682
41 41.1037 0.233269
42 46.7766 0.228452
43 85.0109 0.231554
44 88.1199 0.225801
45 71.4399 0.234552
46 47.7768 0.227276
47 54.8885 0.224018
48 59.4146 0.229161
49 65.4031 0.215645
50 36.6038 0.236547
51 56.705 0.228066
52 39.803 0.2297
53 80.4503 0.220652
54 58.0727 0.232935
55 54.4539 0.229784
56 68.8694 0.22983
57 23.5827 0.24014
58 54.1131 0.224788
59 55.0617 0.226946
60 70.9464 0.228027
61 28.2194 0.236205
62 12.0399 0.230934
63 43.1984 0.223468
64 6.04537 0.238244
65 11.819 0.22992
66 7.4026 0.23427
67 7.93164 0.219036
68 -0.309334 0.247565
69 -8.42249 0.238523
70 -24.3006 0.241259
71 6.41172 0.240673
72 14.1797 0.235276
73 4.24635 0.23961
74 30.3975 0.237687
75 -14.2849 0.234273
76 -5.56144 0.232954
77 -7.53522 0.244881
78 -6.54751 0.237369
79 1.52268 0.238628
80 55.1733 0.232373
81 -16.3384 0.244906
82 -19.3932 0.234673
83 36.435 0.233275
84 2.97377 0.233122
85 14.523 0.233741
86 10.6008 0.227522
87 11.5535 0.235491
88 7.58337 0.244736
89 6.02224 0.237799
90 53.4084 0.222298
91 1.33884 0.234842
92 -10.5872 0.239652
93 11.6327 0.222387
94 -5.33733 0.233059
