0 41.5371 0.233413
1 77.9032 0.214457
2 48.5663 0.234049
3 71.1467 0.231473
4 32.0846 0.23829
5 58.5407 0.237503
6 52.7212 0.231529
7 76.1523 0.220982
8 78.6558 0.219352
9 32.7904 0.231689
10 70.0236 0.216615
11 83.2577 0.230583
12 43.8401 0.228442
13 54.7488 0.229073
14 54.3008 0.225543
15 36.2062 0.239377
16 58.5091 0.224764
17 36.9856 0.235542
18 60.6877 0.224346
19 61.0809 0.239199
20 62.1315 0.219391
21 51.1321 0.224889
22 75.2869 0.221497
23 50.7344 0.241938
24 49.7837 0.231671
25 65.3367 0.238845
26 70.1176 0.219115
27 42.7862 0.237519
28 30.0832 0.227418
29 34.6512 0.230661
30 33.5113 0.229668
31 62.0785 0.227688
32 60.4056 0.246383
33 58.2718 0.234612
34 36.1326 0.242475
35 70.9981 0.235984
36 30.8649 0.238302
37 23.5019 0.24384
38 41.8612 0.230307
39 48.4318 0.235401
40 69.7133 0.223746
41 33.0279 0.235543
42 66.3397 0.22813
43 31.7222 0.235684
44 66.2906 0.217796
45 28.6694 0.242058
46 30.3675 0.228219
47 41.3047 0.236086
48 58.0631 0.225499
49 58.3552 0.237804
50 62.09 0.240808
51 52.5406 0.234173
52 33.5443 0.236669
53 56.569 0.219904
54 44.26 0.22827
55 34.0388 0.232484
56 30.7011 0.229044
57 60.226 0.228955
58 34.5595 0.230245
59 45.3543 0.221794
60 28.7883 0.23948
61 59.8579 0.228919
62 51.698 0.230191
63 50.9868 0.233458
64 67.3209 0.214762
65 74.3834 0.22728
66 31.1143 0.233022
67 53.6267 0.23465
68 41.4906 0.222185
69 51.9489 0.229493
70 74.289 0.227604
71 38.7625 0.22565
72 50.7385 0.229602
73 39.4259 0.227255
74 65.063 0.221151
75 81.544 0.226828
76 50.4845 0.220373
77 45.2234 0.225453
78 30.9232 0.22205
79 77.7534 0.217805
80 64.7842 0.217686
81 48.6469 0.220866
82 42.7578 0.215678
83 86.986 0.233296
84 33.2979 0.237395
85 58.7477 0.218065
86 63.6011 0.236665
87 74.701 0.207449
88 50.2787 0.222496
89 48.9245 0.228009
90 47.2251 0.228848
91 40.4108 0.213916
92 62.5313 0.217435
93 29.9125 0.218705
94 59.5421 0.223174
