0 -1.19603 0.246712
1 7.14765 0.248143
2 36.9416 0.243362
3 10.1936 0.247302
4 0.250397 0.245928
5 15.1493 0.246483
6 -6.13225 0.245922
7 2.54982 0.248267
8 8.38152 0.245754
9 33.9339 0.244001
10 6.03865 0.251119
11 35.5216 0.249401
12 17.0953 0.257465
13 21.5577 0.243045
14 4.91956 0.248935
15 1.61587 0.247962
16 16.2738 0.247526
17 5.73671 0.24795
18 16.3238 0.246121
19 -1.55769 0.250632
20 32.2454 0.253287
21 12.0412 0.248624
22 31.242 0.248161
23 -3.43611 0.244236
24 19.0064 0.240873
25 17.8897 0.244284
26 26.122 0.244939
27 38.6712 0.244226
28 26.3361 0.242116
29 20.8041 0.248706
30 32.1842 0.232853
31 37.8593 0.231031
32 7.94127 0.248133
33 -8.41514 0.242803
34 15.2221 0.235216
35 15.9239 0.236588
36 5.65725 0.236434
37 -7.66789 0.239651
38 13.7949 0.240018
39 -13.5239 0.249625
40 23.0083 0.232866
41 30.5405 0.233322
42 8.49463 0.238626
43 17.1056 0.238492
44 -24.6887 0.238839
45 29.0718 0.235041
46 4.71037 0.237666
47 10.1934 0.244849
48 7.84496 0.242735
49 6.77288 0.246478
50 3.72334 0.241035
51 31.4376 0.244641
52 15.9114 0.245189
53 -9.45488 0.229623
54 6.55432 0.241939
55 2.0875 0.24117
56 -1.79943 0.247188
57 -6.94359 0.238518
58 31.9385 0.234715
59 -3.53009 0.233028
60 -41.5168 0.247554
61 -7.44314 0.236378
62 -0.591824 0.241378
63 -33.3301 0.230396
64 71.8634 0.262921
65 30.0889 0.261646
66 62.2453 0.258088
67 23.4718 0.259717
68 37.492 0.259197
69 27.6932 0.261897
70 54.1164 0.255067
71 45.3554 0.256959
72 34.0083 0.249125
73 57.5505 0.262054
74 56.0853 0.249708
75 9.63463 0.257938
76 48.0239 0.255443
77 15.9838 0.270001
78 21.1116 0.256232
79 31.1905 0.256849
80 23.4022 0.254573
81 52.9398 0.256735
82 47.4762 0.24837
83 34.7641 0.254581
84 49.4294 0.251942
85 57.331 0.251012
86 46.6589 0.259654
87 34.7281 0.256995
88 -0.340573 0.262771
89 66.6358 0.250414
90 58.704 0.256455
91 30.0325 0.254649
92 32.1312 0.258454
93 46.0959 0.259264
94 66.9182 0.246882
