0 -23.69 0.237924
1 -78.8736 0.248082
2 -55.1457 0.247726
3 -60.6666 0.249441
4 -61.6661 0.247131
5 -44.6098 0.246644
6 -22.2971 0.240303
7 -43.8531 0.259985
8 -50.2699 0.240658
9 -29.4213 0.247767
10 -28.2104 0.238149
11 -27.5374 0.250968
12 -42.7419 0.245679
13 -23.3437 0.252538
14 -2.24737 0.233162
15 -61.4656 0.236551
16 -27.2983 0.247718
17 -57.402 0.258287
18 -17.9215 0.238893
19 0.225257 0.223402
20 -34.5742 0.240834
21 -22.733 0.236452
22 -22.9137 0.233829
23 -23.6573 0.235233
24 -12.988 0.231408
25 -47.6686 0.239144
26 -54.5024 0.234444
27 -24.5802 0.2405
28 -27.5255 0.234824
29 -13.988 0.23915
30 -13.8787 0.247611
31 -30.5484 0.239114
32 76.8224 0.237425
33 76.9924 0.238975
34 86.7513 0.239834
35 97.4789 0.236066
36 81.3239 0.238408
37 113.959 0.229022
38 78.3526 0.239765
39 59.2756 0.24433
40 51.5119 0.242129
41 52.9336 0.248543
42 63.7216 0.242053
43 78.7737 0.23829
44 63.94 0.252673
45 90.5464 0.234304
46 86.8262 0.235548
47 69.6924 0.23595
48 87.1571 0.233499
49 101.701 0.235851
50 56.2484 0.235876
51 71.2296 0.229966
52 75.1834 0.240983
53 70.6116 0.232372
54 85.9744 0.229446
55 50.6559 0.227619
56 88.0829 0.22593
57 65.5967 0.231162
58 59.3321 0.229622
59 63.7634 0.242463
60 76.6557 0.234427
61 58.2299 0.236621
62 50.4162 0.236278
63 80.3781 0.217491
64 49.9804 0.231501
65 21.2946 0.241353
66 14.0521 0.225422
67 44.0319 0.2313
68 39.0231 0.229514
69 61.6419 0.22034
70 46.9389 0.224473
71 70.422 0.220907
72 49.418 0.221797
73 40.6607 0.2222
74 34.707 0.227326
75 51.6872 0.220628
76 36.1788 0.224657
77 42.319 0.219028
78 50.7116 0.22721
79 44.4329 0.225218
80 43.1513 0.220673
81 22.8144 0.22043
82 14.5916 0.222836
83 34.791 0.226873
84 36.892 0.222414
85 41.9054 0.224787
86 46.6957 0.214428
87 19.655 0.22716
88 33.3327 0.230808
89 54.6033 0.225665
90 45.8955 0.225813
91 23.8702 0.217253
92 26.6683 0.226912
93 41.3191 0.219671
94 31.8451 0.238375
