0 16.6396 0.2458
1 30.2415 0.237973
2 22.676 0.248051
3 9.30616 0.249652
4 40.7541 0.236736
5 10.5487 0.235007
6 11.7287 0.241652
7 21.6045 0.242116
8 4.21357 0.242543
9 38.6429 0.235506
10 49.2152 0.234521
11 27.9383 0.231945
12 28.5103 0.229604
13 39.3105 0.236829
14 9.47728 0.236939
15 31.3712 0.234898
16 30.1236 0.240083
17 17.2866 0.23195
18 -0.283453 0.245656
19 13.6459 0.241859
20 21.5282 0.233303
21 48.2464 0.242904
22 22.7325 0.22281
23 36.997 0.230283
24 8.45601 0.239511
25 1.79952 0.234887
26 48.3272 0.236829
27 9.92166 0.234792
28 23.9106 0.240593
29 25.4841 0.236051
30 25.0038 0.238383
31 19.0734 0.237554
32 -5.82513 0.240382
33 -34.08 0.238237
34 15.3449 0.243142
35 -26.5633 0.245285
36 -9.71403 0.234428
37 -8.6474 0.2215
38 -0.177003 0.235278
39 -13.8908 0.235398
40 -30.6702 0.245396
41 -20.5684 0.244452
42 -30.7516 0.239353
43 -24.034 0.247771
44 -15.7276 0.245027
45 -21.6588 0.231317
46 -2.82199 0.229995
47 6.06082 0.225785
48 -3.80534 0.226051
49 11.3212 0.2327
50 -1.64425 0.229089
51 -7.77465 0.222228
52 -8.95507 0.233357
53 11.5334 0.227142
54 -9.87413 0.237041
55 -26.6926 0.226739
56 -6.98377 0.240574
57 -18.2464 0.240682
58 22.4085 0.226671
59 1.48926 0.227644
60 17.7819 0.219374
61 -2.69281 0.238409
62 3.20898 0.229824
63 8.80146 0.222962
64 15.4827 0.228112
65 22.6961 0.231636
66 49.6659 0.2324
67 48.5978 0.234522
68 18.8352 0.234716
69 25.2601 0.228099
70 42.062 0.224058
71 27.0224 0.232994
72 11.3895 0.236661
73 18.2631 0.238949
74 2.73852 0.230339
75 24.5388 0.236169
76 24.8531 0.231438
77 -0.476912 0.237155
78 14.7892 0.227996
79 39.6643 0.234374
80 22.2649 0.23148
81 43.6239 0.224318
82 -6.63719 0.22623
83 37.4547 0.233706
84 44.8225 0.226502
85 15.2274 0.226903
86 26.0755 0.225494
87 -3.54829 0.23483
88 1.17508 0.232292
89 8.36332 0.213714
90 38.5602 0.230225
91 22.4347 0.236283
92 43.2831 0.235637
93 12.9829 0.226263
94 31.8948 0.218515
