0 6.9768 0.254564
1 16.4203 0.254598
2 -5.83222 0.255973
3 -31.0872 0.256174
4 12.893 0.254951
5 -7.10008 0.263125
6 -17.1847 0.256258
7 -4.80994 0.263433
8 -6.31582 0.2474
9 -41.3539 0.254977
10 3.55816 0.255875
11 6.06466 0.257446
12 -5.05319 0.256317
13 -11.0362 0.25191
14 13.5868 0.249094
15 -3.52229 0.261975
16 11.772 0.260209
17 23.8148 0.256638
18 -13.3186 0.256393
19 -54.192 0.258466
20 -9.78093 0.255739
21 -20.7165 0.266273
22 -5.40915 0.251286
23 -6.67605 0.25294
24 -28.555 0.255868
25 0.170863 0.244434
26 -1.47533 0.252532
27 -2.32901 0.270154
28 6.71149 0.26408
29 -37.1478 0.264386
30 -19.1511 0.238626
31 -1.19757 0.249743
32 3.2187 0.242934
33 33.9669 0.243157
34 4.13761 0.250946
35 -1.9349 0.24488
36 34.035 0.252392
37 16.8688 0.248432
38 1.68368 0.240807
39 29.9594 0.2393
40 -14.8167 0.243055
41 27.9686 0.246501
42 29.6356 0.239793
43 19.7137 0.244179
44 45.7522 0.247749
45 -30.8114 0.242208
46 6.81748 0.256461
47 -2.4255 0.245721
48 -7.45089 0.248404
49 -3.02711 0.243144
50 32.6146 0.237971
51 7.18314 0.239562
52 16.3279 0.229913
53 21.863 0.231542
54 12.1938 0.246657
55 -9.01503 0.25585
56 20.3001 0.233212
57 24.5899 0.238079
58 -24.8827 0.250022
59 28.3996 0.241493
60 11.0587 0.238609
61 15.8968 0.240173
62 22.8877 0.23085
63 27.7144 0.226921
64 31.2655 0.246271
65 42.912 0.254862
66 31.6986 0.257072
67 56.4909 0.249051
68 33.3015 0.25179
69 19.4218 0.260381
70 17.6203 0.255714
71 69.3247 0.251094
72 36.2758 0.257899
73 41.6785 0.249516
74 54.2576 0.253418
75 38.6418 0.244929
76 60.1859 0.249213
77 23.5784 0.264429
78 58.6189 0.257969
79 20.6546 0.25529
80 12.9218 0.241341
81 30.8488 0.252352
82 29.7649 0.246423
83 59.9881 0.238662
84 28.0856 0.248838
85 49.2737 0.242659
86 52.1977 0.245874
87 31.2326 0.251954
88 4.30602 0.251173
89 43.7578 0.251465
90 52.8816 0.249723
91 37.0004 0.255532
92 40.3849 0.249385
93 35.3203 0.247864
94 48.1133 0.242452
