0 15.0341 0.26405
1 32.3224 0.262108
2 44.2027 0.25179
3 26.127 0.252977
4 29.0372 0.258605
5 27.8342 0.254351
6 10.3257 0.247746
7 4.46408 0.25805
8 18.0745 0.256628
9 22.5044 0.24921
10 -1.08542 0.254382
11 26.5878 0.246105
12 38.3901 0.250833
13 -0.124215 0.245612
14 7.86381 0.250079
15 38.6067 0.254928
16 -5.49636 0.251305
17 -1.363 0.240537
18 16.3123 0.245728
19 16.5852 0.242862
20 -2.10135 0.249966
21 15.8324 0.243244
22 51.2988 0.254885
23 22.8182 0.235603
24 43.5215 0.244396
25 16.9417 0.251853
26 3.62492 0.253251
27 8.73098 0.253891
28 26.6478 0.239459
29 35.1706 0.23576
30 23.9769 0.241751
31 31.8863 0.242521
32 11.5136 0.244694
33 6.94005 0.242986
34 9.65624 0.245411
35 4.79988 0.24861
36 7.67301 0.248139
37 13.6683 0.244413
38 22.7068 0.242051
39 4.64021 0.247937
40 -3.6568 0.246811
41 23.8024 0.241549
42 1.15743 0.246347
43 20.2164 0.243797
44 19.2563 0.242601
45 0.376963 0.249048
46 12.8003 0.246424
47 -1.8639 0.247975
48 9.83837 0.241373
49 6.04387 0.23835
50 14.1219 0.24463
51 6.48838 0.2409
52 44.3244 0.240927
53 -0.760708 0.258118
54 14.9736 0.24444
55 4.87229 0.238245
56 23.3483 0.238529
57 19.3529 0.24149
58 21.763 0.243264
59 6.25087 0.236672
60 14.7722 0.244995
61 15.2767 0.236455
62 2.91677 0.236934
63 15.674 0.239827
