0 28.7137 0.240603
1 -15.5109 0.241251
2 34.6184 0.232028
3 9.3346 0.238444
4 -17.2144 0.239004
5 17.6994 0.233029
6 -1.44861 0.25449
7 7.64266 0.243384
8 23.9252 0.242017
9 2.43384 0.231939
10 33.6294 0.229886
11 9.28801 0.237706
12 16.3781 0.2401
13 28.0909 0.242681
14 1.92568 0.239012
15 22.7602 0.236128
16 22.3171 0.230893
17 34.2119 0.239784
18 20.0976 0.236724
19 -3.48471 0.242676
20 28.276 0.230268
21 -23.2112 0.24213
22 20.7321 0.238567
23 19.1882 0.237602
24 -15.1944 0.239668
25 9.05488 0.237427
26 12.6823 0.227986
27 -4.69318 0.234594
28 -13.6451 0.235169
29 40.5244 0.234635
30 -11.9058 0.235171
31 4.51601 0.225445
32 -50.2551 0.24052
33 -22.6645 0.243458
34 -63.962 0.238996
35 -44.4088 0.241395
36 -33.2483 0.23674
37 -39.7128 0.243042
38 -64.287 0.24975
39 -73.8867 0.245722
40 -46.6419 0.242323
41 -89.1723 0.256055
42 -56.5566 0.237692
43 -17.1547 0.2392
44 -61.9441 0.233873
45 -30.6527 0.236989
46 -12.1591 0.236966
47 -50.931 0.244031
48 -37.3422 0.2431
49 -52.5815 0.235435
50 -48.4629 0.242588
51 -42.5599 0.248523
52 -36.4909 0.245309
53 -33.8478 0.233386
54 -55.2348 0.238726
55 -41.8121 0.239607
56 -38.5266 0.23571
57 -43.7594 0.236841
58 -18.9526 0.234652
59 -33.7196 0.23095
60 -37.6248 0.243916
61 -35.1474 0.242392
62 -39.4046 0.239451
63 -17.2286 0.232739
64 2.01134 0.237696
65 0.484181 0.230824
66 -13.0081 0.234571
67 1.77398 0.229219
68 -11.7682 0.237829
69 10.7442 0.228345
70 1.46335 0.225025
71 1.55868 0.23509
72 -7.83406 0.231285
73 -0.160087 0.232312
74 35.5528 0.222599
75 13.0346 0.23011
76 16.6852 0.232347
77 11.5871 0.227965
78 5.39131 0.231018
79 19.2855 0.225498
80 -3.07229 0.237585
81 22.4136 0.226955
82 1.18808 0.225078
83 -6.81749 0.223901
84 11.3175 0.224435
85 5.36587 0.231444
86 -9.13343 0.219861
87 9.48639 0.223014
88 20.4444 0.218305
89 -7.89749 0.222658
90 -22.6605 0.232763
91 30.0751 0.223605
92 27.1621 0.217253
93 16.5178 0.238576
94 10.8788 0.214263
