0 10.3395 0.237177
1 -2.41414 0.233392
2 -5.09154 0.237023
3 -0.630645 0.224495
4 19.7966 0.238584
5 5.08039 0.229957
6 -9.69844 0.228165
7 21.0677 0.224657
8 21.0857 0.238614
9 0.169808 0.246861
10 0.0264274 0.234407
11 -18.2767 0.231147
12 21.5713 0.227907
13 1.53725 0.22802
14 -4.03418 0.232177
15 26.0647 0.230595
16 6.2729 0.232241
17 2.70374 0.238854
18 -5.48926 0.232571
19 10.1853 0.226876
20 8.32572 0.224502
21 -25.9612 0.243094
22 42.2601 0.229969
23 9.12593 0.243861
24 -1.67728 0.234922
25 -7.32719 0.24249
26 4.54722 0.228637
27 11.4384 0.229995
28 21.1311 0.217555
29 -11.6436 0.238768
30 14.8756 0.23256
31 -9.2966 0.227227
32 28.5926 0.247282
33 6.80402 0.247177
34 -16.8389 0.232984
35 16.9446 0.242498
36 -5.82536 0.237352
37 13.4447 0.237015
38 -23.1028 0.249591
39 -18.8367 0.237648
40 20.6245 0.246187
41 7.68794 0.245196
42 -10.6729 0.231515
43 -14.0644 0.250231
44 -8.87242 0.246662
45 42.2345 0.231947
46 25.8255 0.234019
47 7.55297 0.234755
48 24.0965 0.223726
49 -1.904 0.237369
50 28.3993 0.231393
51 -7.05416 0.23853
52 19.1528 0.240874
53 10.5927 0.237275
54 -25.7783 0.242625
55 -16.3663 0.238526
56 9.06449 0.243611
57 0.363586 0.237996
58 -29.0008 0.252499
59 3.75661 0.227877
60 19.7198 0.232213
61 -0.948557 0.221092
62 3.74977 0.239216
63 -5.14721 0.228915
64 8.56326 0.233771
65 -12.3551 0.248104
66 -24.539 0.239399
67 -32.93 0.247366
68 -30.1604 0.244572
69 -10.2645 0.241249
70 -17.1795 0.244711
71 -3.9441 0.238372
72 -6.25294 0.239477
73 -5.65789 0.237693
74 -17.1591 0.231171
75 -13.6983 0.234543
76 0.00620591 0.243824
77 -37.3694 0.237044
78 -19.1102 0.240478
79 -48.1274 0.23571
80 -23.1537 0.239615
81 10.9192 0.244697
82 -39.8526 0.234217
83 -25.8395 0.241903
84 -19.2137 0.234164
85 1.22316 0.243064
86 -11.9271 0.23855
87 -51.2114 0.238651
88 -14.1074 0.241591
89 -5.71078 0.245748
90 -6.91591 0.235544
91 -30.5611 0.247436
92 -17.6407 0.245101
93 4.54058 0.25427
94 5.5411 0.229701
