0 -37.9733 0.245893
1 -38.587 0.233757
2 4.31271 0.233625
3 -7.64842 0.240406
4 -59.2398 0.248804
5 16.3007 0.234494
6 -32.5005 0.239849
7 11.8441 0.237526
8 -26.4729 0.231513
9 -44.8903 0.23976
10 16.8046 0.238936
11 16.3027 0.227232
12 -28.3376 0.243355
13 -14.7977 0.235968
14 -38.9839 0.240206
15 -39.5445 0.238588
16 -16.8531 0.23603
17 -18.0598 0.234838
18 -35.6698 0.242126
19 -30.8244 0.237502
20 14.1993 0.227336
21 -19.7748 0.235013
22 13.0058 0.239173
23 -24.8352 0.232359
24 -24.0258 0.239342
25 -12.6267 0.232177
26 -5.64574 0.240091
27 -24.6029 0.232646
28 -31.5156 0.225865
29 -31.7874 0.242669
30 -36.0634 0.239566
31 -23.3396 0.231278
32 0.489899 0.234547
33 -15.6887 0.237182
34 10.099 0.235636
35 -13.208 0.226716
36 9.92729 0.231971
37 -4.95186 0.226653
38 9.97664 0.234857
39 15.9807 0.23235
40 14.3605 0.230716
41 24.598 0.229221
42 -14.4883 0.232212
43 -4.85514 0.232733
44 -5.05823 0.22407
45 39.8147 0.228912
46 -9.014 0.233766
47 26.2312 0.231209
48 13.9097 0.223766
49 22.7387 0.221928
50 21.3734 0.233196
51 28.9491 0.225544
52 -4.42591 0.227517
53 -15.7038 0.24107
54 -3.85989 0.224249
55 28.6257 0.239612
56 4.25626 0.237913
57 25.9502 0.234387
58 13.294 0.237935
59 -1.58547 0.226252
60 40.0802 0.228561
61 -7.31014 0.242248
62 26.3349 0.224023
63 -9.8406 0.225223
64 44.7427 0.234565
65 40.3743 0.225038
66 59.619 0.228255
67 67.1386 0.237943
68 67.8 0.229595
69 51.9832 0.229137
70 40.4257 0.238249
71 68.0192 0.227746
72 78.9514 0.233648
73 73.2917 0.218448
74 47.8404 0.2309
75 33.2657 0.236115
76 55.8743 0.239099
77 57.8681 0.232057
78 58.3503 0.224919
79 45.3084 0.237602
80 78.1047 0.230275
81 78.0948 0.221419
82 66.1244 0.23348
83 78.2718 0.234077
84 64.7124 0.237416
85 32.6089 0.229898
86 84.1971 0.229554
87 60.6954 0.230529
88 61.7951 0.226579
89 76.0529 0.232665
90 58.0751 0.228242
91 75.4123 0.226279
92 83.5432 0.232487
93 45.5866 0.23053
94 49.7396 0.23484
