0 -87.5173 0.25139
1 -88.7757 0.260337
2 -65.5705 0.258928
3 -104.721 0.257896
4 -86.7698 0.255371
5 -101.999 0.250161
6 -92.5271 0.246477
7 -92.6522 0.262381
8 -78.0432 0.257701
9 -70.3705 0.251088
10 -86.4318 0.262759
11 -67.3099 0.259072
12 -99.0437 0.248892
13 -85.7355 0.252506
14 -104.865 0.261217
15 -96.7079 0.255432
16 -81.7665 0.260795
17 -76.0553 0.246846
18 -61.9301 0.260691
19 -96.1412 0.254416
20 -98.6169 0.248858
21 -83.2081 0.261906
22 -67.5355 0.258094
23 -74.5298 0.254889
24 -79.0172 0.246798
25 -79.4691 0.249387
26 -101.062 0.261119
27 -77.9967 0.255012
28 -114.775 0.251488
29 -80.9015 0.25149
30 -48.8566 0.245528
31 -111.273 0.25126
32 -48.8788 0.259884
33 -26.332 0.257496
34 -74.6091 0.253749
35 -43.9998 0.256014
36 -47.7759 0.256272
37 -55.1116 0.253837
38 -25.0563 0.255496
39 -12.8781 0.253536
40 -74.1502 0.262496
41 -49.2355 0.264654
42 -43.582 0.257151
43 -41.9401 0.253285
44 -48.4742 0.259809
45 -71.0321 0.254167
46 -34.7575 0.246181
47 -49.7752 0.262717
48 -68.2546 0.264978
49 -54.0695 0.254932
50 -53.8274 0.255382
51 -74.263 0.262057
52 -28.1421 0.251715
53 -59.2337 0.253954
54 -14.2681 0.247925
55 -37.0939 0.255524
56 -57.3646 0.264044
57 -45.8861 0.252653
58 -50.9029 0.253454
59 -62.317 0.250704
60 -55.8766 0.252432
61 -62.2655 0.25739
62 -60.1886 0.249167
63 -41.5204 0.248217
64 33.076 0.252273
65 4.70716 0.256229
66 59.1245 0.251866
67 14.1155 0.244101
68 25.0753 0.256408
69 44.1513 0.249895
70 1.67686 0.259661
71 18.8982 0.259252
72 14.5756 0.246632
73 35.6926 0.249752
74 30.2505 0.249716
75 43.9449 0.260355
76 42.526 0.254809
77 21.8108 0.248499
78 62.0003 0.240359
79 20.6215 0.25181
80 20.8105 0.261866
81 52.8264 0.249564
82 13.9811 0.242434
83 -0.404453 0.249346
84 33.7405 0.250313
85 42.3231 0.251169
86 56.6357 0.249337
87 54.9419 0.241909
88 31.8359 0.247564
89 10.0813 0.255929
90 31.5372 0.242417
91 28.2793 0.252646
92 26.5687 0.249733
93 12.808 0.24925
94 24.5296 0.242685
