0 -64.7847 0.242275
1 -43.524 0.245513
2 -28.5797 0.243944
3 -59.4015 0.242308
4 -87.3365 0.237418
5 -24.7569 0.237802
6 -84.0824 0.248122
7 -73.9453 0.23832
8 -49.6267 0.233998
9 -39.675 0.239302
10 -43.9236 0.239723
11 -49.1303 0.25083
12 -40.0991 0.236548
13 -19.903 0.229113
14 -36.4526 0.235886
15 -66.4787 0.235226
16 -51.8263 0.231093
17 -70.5908 0.234297
18 -30.514 0.233263
19 -58.9938 0.24509
20 -52.8734 0.240003
21 -45.0721 0.236971
22 -50.4905 0.233007
23 -42.9051 0.240722
24 -83.0515 0.240492
25 -40.9918 0.236493
26 -64.5055 0.230499
27 -64.5405 0.242332
28 -69.277 0.238108
29 -34.3405 0.220927
30 -35.2296 0.215652
31 -54.6653 0.22706
32 -11.1606 0.242256
33 -52.4449 0.248132
34 -62.2346 0.246445
35 -39.6704 0.237975
36 -30.079 0.240059
37 -43.2338 0.241291
38 -30.1615 0.241619
39 -34.7644 0.236511
40 -29.8931 0.247935
41 -38.9529 0.237888
42 -17.9526 0.241767
43 -54.8782 0.239533
44 -27.3733 0.243581
45 -51.4485 0.245642
46 -26.4363 0.23791
47 -41.2579 0.239994
48 -56.3779 0.240288
49 -42.1878 0.242146
50 -23.2914 0.239002
51 -36.6835 0.238054
52 -16.265 0.237446
53 -39.6291 0.235531
54 -60.1971 0.239159
55 -33.1566 0.242328
56 -46.142 0.238471
57 -35.3658 0.236655
58 -47.9019 0.240104
59 -49.9177 0.246942
60 -30.7376 0.237839
61 -24.7243 0.23619
62 -44.6578 0.229179
63 -39.3906 0.227307
64 24.7564 0.221831
65 26.1314 0.230238
66 21.6132 0.234784
67 18.4076 0.237232
68 39.6446 0.229848
69 14.2534 0.234264
70 39.0387 0.224342
71 17.9673 0.238686
72 27.919 0.230067
73 7.88875 0.235996
74 48.7654 0.228395
75 20.6095 0.229079
76 42.2902 0.225542
77 22.5578 0.235549
78 30.1287 0.224716
79 18.6525 0.235291
80 36.9112 0.229861
81 25.7904 0.236542
82 13.4822 0.229147
83 40.5504 0.224238
84 29.5722 0.22768
85 37.5281 0.219608
86 22.261 0.224355
87 19.6763 0.233042
88 46.8615 0.229149
89 15.717 0.22433
90 32.675 0.210107
91 28.918 0.229343
92 26.8002 0.226046
93 17.0343 0.226622
94 -9.65069 0.226943
