0 -8.46194 0.24619
1 25.9602 0.226076
2 26.492 0.24242
3 0.687452 0.24005
4 27.779 0.239448
5 52.3682 0.239292
6 19.209 0.230876
7 4.42164 0.240444
8 32.015 0.236015
9 12.4352 0.237181
10 46.7519 0.22429
11 32.6342 0.230335
12 29.8896 0.228656
13 23.6625 0.230504
14 44.6319 0.23187
15 50.9851 0.229763
16 25.5966 0.228311
17 33.0526 0.239398
18 46.4938 0.232885
19 48.3278 0.237414
20 5.89568 0.234834
21 29.2483 0.236876
22 22.0702 0.245588
23 3.66497 0.234605
24 28.9536 0.234357
25 26.111 0.225398
26 35.7219 0.22839
27 11.4604 0.248951
28 44.116 0.223689
29 41.4393 0.229548
30 9.36448 0.238463
31 30.5874 0.225461
32 54.2215 0.231738
33 59.1645 0.235696
34 67.9457 0.233111
35 87.4717 0.223527
36 66.7661 0.228957
37 87.0937 0.235134
38 64.4271 0.234668
39 31.3964 0.228134
40 58.4109 0.225812
41 71.8461 0.231506
42 49.626 0.23846
43 88.6949 0.227731
44 52.9837 0.229003
45 25.506 0.236456
46 27.2382 0.238436
47 76.1709 0.228726
48 60.868 0.229309
49 45.728 0.226166
50 70.2189 0.236524
51 73.9743 0.226854
52 57.9254 0.232208
53 72.5424 0.227453
54 70.845 0.231888
55 60.4087 0.238707
56 63.0388 0.232355
57 77.7582 0.231038
58 64.416 0.22904
59 85.1493 0.227535
60 53.4817 0.237125
61 74.1118 0.232571
62 57.1041 0.233395
63 66.7872 0.220699
64 64.7093 0.23894
65 33.9365 0.228643
66 66.5557 0.227596
67 61.2601 0.228273
68 53.4093 0.223945
69 51.7691 0.237261
70 66.0251 0.232197
71 64.1668 0.231279
72 56.9527 0.235095
73 46.4508 0.230686
74 38.9027 0.223403
75 57.6637 0.22299
76 58.0155 0.22619
77 75.992 0.222061
78 42.4509 0.226991
79 65.8357 0.225669
80 50.3448 0.22123
81 50.8127 0.226246
82 67.3488 0.220963
83 44.3321 0.23304
84 73.3172 0.226088
85 58.7732 0.222971
86 46.2334 0.23283
87 48.9091 0.239865
88 50.4794 0.222702
89 45.0129 0.234512
90 56.3148 0.225515
91 71.936 0.235061
92 43.884 0.220219
93 64.4171 0.22116
94 44.4098 0.221783
