0 -8.56062 0.241755
1 1.01836 0.242861
2 8.37964 0.248506
3 -27.2649 0.242618
4 -8.71039 0.234445
5 -8.23684 0.240332
6 -20.8315 0.235424
7 -4.55574 0.240065
8 -0.119511 0.230829
9 13.851 0.238572
10 21.6576 0.236271
11 -12.6921 0.242695
12 19.2985 0.232199
13 -16.5933 0.246055
14 7.13982 0.241
15 9.8822 0.231063
16 18.5249 0.238497
17 -3.33601 0.235018
18 11.1085 0.229431
19 -4.46256 0.235629
20 3.75478 0.238608
21 -3.46294 0.235118
22 8.93558 0.232807
23 -28.2873 0.231459
24 1.33407 0.233554
25 31.9398 0.243919
26 9.64128 0.230223
27 5.91303 0.239908
28 -41.1392 0.243309
29 -12.323 0.24423
30 -6.39565 0.234541
31 -7.01498 0.24239
32 54.8144 0.247772
33 -0.581406 0.249626
34 61.0121 0.243773
35 16.027 0.247522
36 27.0863 0.246178
37 33.9775 0.237853
38 31.2364 0.25445
39 38.5854 0.240473
40 29.8345 0.243358
41 15.4306 0.242823
42 60.737 0.233113
43 13.9905 0.263874
44 40.1408 0.240407
45 10.9146 0.242953
46 17.4658 0.244863
47 23.7468 0.243335
48 44.0523 0.248745
49 24.7199 0.239919
50 40.3515 0.241111
51 38.4464 0.250494
52 28.8495 0.232564
53 25.3275 0.237965
54 35.922 0.230516
55 51.6521 0.23512
56 31.4934 0.238559
57 18.6274 0.242561
58 30.1077 0.234901
59 15.0338 0.251643
60 40.6083 0.238779
61 37.3462 0.241962
62 18.414 0.240359
63 33.2303 0.232586
64 -22.6104 0.243482
65 -13.931 0.240489
66 0.0644113 0.238981
67 -8.54246 0.235732
68 -18.949 0.249352
69 -21.1527 0.237907
70 -12.2942 0.232949
71 -18.3763 0.250657
72 -12.4609 0.232667
73 -15.5599 0.24489
74 12.8855 0.236379
75 0.590026 0.235116
76 -0.712809 0.243253
77 -30.9838 0.241676
78 0.11867 0.227975
79 -10.386 0.24884
80 -11.1488 0.234442
81 -43.8795 0.244447
82 -22.4714 0.242491
83 -6.72102 0.235788
84 -28.5969 0.239247
85 -9.09254 0.233354
86 -10.1595 0.24437
87 -9.41467 0.236917
88 -22.528 0.23818
89 8.00735 0.235115
90 -3.32763 0.238694
91 -13.4542 0.229324
92 20.4522 0.223544
93 10.7647 0.239586
94 9.54422 0.236009
