0 45.8475 0.115173
1 81.6993 0.086478
2 50.0162 0.146811
3 74.414 0.0629431
4 15.1124 0.182502
5 30.7481 0.1485
6 15.294 0.150252
7 65.8589 0.05
8 13.2248 0.159264
9 21.3601 0.151083
10 -4.5771 0.161283
11 -4.5771 0.161283
12 9.27399 0.201444
13 -8.78554 0.166739
14 6.55664 0.146632
15 34.4184 0.15307
16 15.1995 0.119256
17 -23.4563 0.180736
18 14.9502 0.13955
19 -12.8631 0.196717
20 -18.239 0.186204
21 6.64173 0.154244
22 56.4875 0.140129
23 -290.747 0.727273
24 6.41112 0.196603
25 -271.336 0.704179
26 -20.1726 0.184279
27 -3921.84 7.8
28 19.0254 0.144601
29 18.8583 0.159021
30 14.9969 0.152194
31 25.4683 0.149518
32 -11.5262 0.190208
33 19.0423 0.132684
34 14.6288 0.14338
35 11.2304 0.142481
36 15.2476 0.135696
37 10.6704 0.154299
38 14.3879 0.148265
39 1.66771 0.153117
40 4.80481 0.133324
41 13.3081 0.157252
42 7.59893 0.143862
43 26.7604 0.137883
44 28.2312 0.130479
45 -2.62081 0.154828
46 18.493 0.135262
47 2.00369 0.143211
48 -3.37145 0.167312
49 1.54061 0.14639
50 26.2652 0.126728
51 6.07776 0.13845
52 66.9453 0.0988538
53 9.28413 0.142326
54 1.43515 0.160293
55 2.4894 0.143149
56 19.2283 0.150039
57 8.68146 0.152137
58 12.7101 0.156163
59 13.8429 0.120242
60 14.2034 0.139473
61 -16.7111 0.183023
62 12.2931 0.111757
63 23.6842 0.131259
