0 -26.0108 0.152939
1 -10.5831 0.135781
2 44.5127 0.0604389
3 -23.7817 0.160574
4 -10.3235 0.151404
5 -24.0731 0.173508
6 -36.1967 0.206822
7 9.65385 0.121626
8 -9.89955 0.128459
9 -26.9034 0.181279
10 3.79071 0.118503
11 -2.5753 0.161726
12 -23.207 0.145204
13 -23.207 0.145204
14 -6.3672 0.134634
15 4.17374 0.14724
16 -71.2186 0.213129
17 -4.14221 0.149374
18 -49.2503 0.187677
19 -49.2503 0.187677
20 -34.0058 0.165323
21 -11.4116 0.152036
22 612.788 -0.875
23 39.9471 0.116446
24 -18.3815 0.148
25 -7.32298 0.169782
26 -7.32298 0.169782
27 -17.0138 0.15123
28 -8.44883 0.142396
29 -19.3616 0.159615
30 -18.8156 0.15987
31 19.1584 0.0652174
32 -131.26 0.416667
33 -8.11938 0.164244
34 -5.48631 0.169434
35 -21.1251 0.151063
36 -16.3888 0.139504
37 19.1151 0.11852
38 -379.907 0.8
39 -379.907 0.8
40 -3.56431 0.141364
41 -30.007 0.180648
42 -30.007 0.180648
43 -39.321 0.14467
44 -8.68605 0.13862
45 5.57095 0.152893
46 5.57095 0.152893
47 -28.3096 0.138242
48 -12.1463 0.143718
49 -12.6987 0.142703
50 -21.4073 0.165
51 -21.4073 0.165
52 -31.6023 0.151679
53 -31.6023 0.151679
54 4.40186 0.145785
55 69.3812 0.0185185
56 -25.4547 0.153156
57 -25.4547 0.153156
58 -43.4733 0.146429
59 -6.12681 0.206496
60 -6.12681 0.206496
61 -44.4475 0.166229
62 -34.7892 0.181359
63 -44.4152 0.170311
64 -44.4152 0.170311
65 -33.4992 0.158798
66 75.6237 0.0620915
67 67.4067 0.0527782
68 -4.81359 0.147668
69 -19.9576 0.119746
70 187.374 -0.216981
71 -288.355 0.55
72 -19.8094 0.142361
73 -18.6957 0.136988
74 34.2494 0.078125
75 9.7115 0.14078
76 20.1426 0.0551617
77 -14.1215 0.167451
78 -28.2431 0.143285
79 -195.349 0.517241
80 -218.102 0.478635
81 -5.66032 0.136602
82 1.50459 0.150424
83 -4.82937 0.144152
84 -11.0094 0.132609
85 -24.2307 0.15216
86 -6.53688 0.14288
87 -28.647 0.152973
88 -20.7459 0.135361
89 -2.68725 0.15468
90 -11.2728 0.172867
91 -17.1269 0.136709
92 -6.49557 0.145046
93 -13.5938 0.166319
94 -11.3359 0.156089
