0 40.3061 0.143858
1 55.0656 0.149525
2 59.6341 0.13123
3 85.443 0.125048
4 44.9925 0.137021
5 280.066 -0.290603
6 49.2336 0.145848
7 44.5178 0.175737
8 44.7082 0.17928
9 43.9027 0.137204
10 50.7568 0.150201
11 61.5897 0.183641
12 39.7952 0.145923
13 34.489 0.170063
14 34.489 0.170063
15 71.4492 0.103783
16 71.7676 0.104402
17 47.2394 0.134631
18 54.6068 0.140004
19 50.8482 0.16611
20 37.7792 0.150521
21 6.93832 0.102358
22 46.572 0.166667
23 46.572 0.166667
24 836.984 -1.375
25 158.095 -0.0178571
26 158.095 -0.0178571
27 50.0131 0.140048
28 77.0671 0.046875
29 -38.1573 0.288889
30 -57.3138 0.262146
31 -101.262 0.380682
32 -163.938 0.468487
33 50.6229 0.159305
34 50.6229 0.159305
35 44.8463 0.158041
36 39.3392 0.148053
37 39.3392 0.148053
38 39.3392 0.148053
39 44.6632 0.157274
40 49.5352 0.166127
41 34.3764 0.146084
42 34.3764 0.146084
43 34.3764 0.146084
44 39.0545 0.154344
45 38.1907 0.144
46 92.3524 0.05
47 92.3524 0.05
48 129.618 0.0788618
49 113.985 0.0499304
50 79.1958 -0.00688181
51 159.056 0.0579821
52 90.1923 0.047619
53 90.1923 0.047619
54 90.1923 0.047619
55 60.5923 -0.00992642
56 60.5923 -0.00992642
57 60.5923 -0.00992642
58 62.8056 0.118095
59 62.8056 0.118095
60 39.7663 0.135417
61 65.6743 0.133795
62 62.1509 0.127496
63 59.3857 0.143145
64 58.9574 0.142636
65 65.9278 0.154463
66 65.9278 0.154463
67 65.9278 0.154463
68 65.9278 0.154463
69 65.9278 0.154463
70 65.9278 0.154463
71 46.6121 0.12889
72 46.6121 0.12889
73 49.2478 0.126404
74 49.2478 0.126404
75 72.2408 0.139695
76 61.353 0.128127
77 -20485.9 33.9999
78 -20485.9 33.9999
79 48.095 0.176829
80 51.2678 0.141564
81 51.2678 0.141564
82 48.4466 0.116852
83 52.0243 0.219433
84 52.0243 0.219433
85 15.6664 0.193543
86 139.81 0.0140957
87 100.676 -0.0553695
88 -35.5933 0.284038
89 85.112 0.078125
90 34.6351 0.165208
91 21.569 0.139953
92 13.4254 0.204913
93 -218.489 0.563063
94 -218.489 0.563063
