0 25.4411 0.154831
1 25.4411 0.154831
2 -2.83232 0.146998
3 -20.4595 0.17645
4 -33.2829 0.202735
5 -368.884 0.842751
6 -13.3277 0.152221
7 -12.3423 0.153842
8 32.5915 0.142076
9 -9.63838 0.165374
10 27.5735 0.140229
11 -58.326 0.251969
12 25.8095 0.152605
13 -19.6798 0.200935
14 -26.1461 0.182217
15 -11.11 0.176075
16 -15.4462 0.185714
17 56.0642 0.0505836
18 -24.5712 0.174673
19 -5.76078 0.156065
20 75.4271 -0.00666667
21 -4.08797 0.169092
22 -4.08797 0.169092
23 -36.8606 0.150746
24 -0.460957 0.133752
25 24.1892 0.097561
26 -48.9987 0.177697
27 -7.06952 0.163979
28 -8.31461 0.182539
29 -4.98353 0.144383
30 -18.1139 0.161431
31 -7.66213 0.12233
32 -1.36958 0.132006
33 -3.11514 0.130673
34 -5.77106 0.126357
35 -19.7161 0.100502
36 -19.7161 0.100502
37 1.38687 0.119613
38 -4.14383 0.110811
39 8.0072 0.124102
40 8.0072 0.124102
41 19.6582 0.103704
42 19.6582 0.103704
43 -9.12801 0.116766
44 -2.3183 0.123228
45 -9.12306 0.131338
46 7.35425 0.114047
47 -2.19248 0.158088
48 108.769 -0.0818182
49 124.333 -0.0588393
50 119.012 -0.0652019
51 97.5415 -0.104002
52 97.5415 -0.104002
53 80.0507 -0.00900331
54 80.0507 -0.00900331
55 74.0762 -0.0195151
56 -1.46103 0.134554
57 -1.92588 0.133866
58 -37.4913 0.0988691
59 429.28 -0.59
60 4.82844 0.131365
61 568.611 -0.833333
62 623.681 -0.75624
63 623.681 -0.75624
