0 -72.5655 0.156943
1 -48.3839 0.163555
2 -34.9894 0.157573
3 -23.4458 0.0917335
4 -156.59 0.220324
5 -38.509 0.159729
6 -79.5552 0.153836
7 -75.9064 0.147085
8 -50.2158 0.140888
9 -53.4426 0.170101
10 -55.8074 0.166759
11 -50.3108 0.156996
12 -38.3427 0.14075
13 -51.4433 0.187993
14 -31.3475 0.139523
15 -31.3475 0.139523
16 -60.1298 0.144221
17 -108.037 0.193939
18 -22.4853 0.12205
19 -62.7412 0.156763
20 -39.6987 0.132396
21 -76.4236 0.1947
22 -39.5272 0.128701
23 -48.2824 0.151215
24 -89.9461 0.168605
25 -194.104 0.393939
26 -103.48 0.19209
27 -94.8667 0.20651
28 -100.387 0.196882
29 -45.3215 0.140777
30 -45.8154 0.127601
31 -66.8229 0.148529
32 -137.966 0.333333
33 -55.5828 0.166913
34 -66.1099 0.156041
35 124.806 -0.12069
36 -29.5872 0.145866
37 -352.997 0.633333
38 -34.2873 0.151462
39 -26.4902 0.134488
40 -23.2828 0.140873
41 -31.4705 0.133658
42 -380.154 0.797976
43 -71.1994 0.168811
44 -2.07028 0.113705
45 -61.0929 0.159962
46 -7.51783 0.106742
47 -49.2097 0.146901
48 -49.2097 0.146901
49 -50.5795 0.144269
50 -50.5795 0.144269
51 -54.3923 0.165058
52 -54.7366 0.214286
53 -54.7366 0.214286
54 -79.4892 0.178957
55 -29.0505 0.137724
56 -34.7508 0.126812
57 -39.0409 0.14401
58 -57.7094 0.166057
59 -60.8301 0.166488
60 -28.0293 0.149238
61 -29.3316 0.146651
62 -50.8276 0.147848
63 -45.3761 0.140434
64 -45.3761 0.140434
65 43.4212 0.106061
66 42.6487 0.104532
67 12.2639 0.153592
68 18.4328 0.164314
69 22.0834 0.130841
70 29.8915 0.145344
71 18.8102 0.151068
72 20.2902 0.144578
73 13.8364 0.132548
74 32.0921 0.151961
75 -41.3144 0.231889
76 -23.6796 0.263586
77 38.261 0.118161
78 13.0498 0.147901
79 33.5697 0.123512
80 36.0306 0.128016
81 42.9728 0.130826
82 -9.19593 0.172383
83 39.2017 0.136992
84 23.4324 0.15239
85 39.3464 0.122278
86 -0.0968078 0.163855
87 32.4411 0.126969
88 36.1801 0.152108
89 -6.20987 0.162212
90 -6.20987 0.162212
91 42.5479 0.116712
92 14.5689 0.143899
93 24.93 0.131047
94 -64.8856 0.238622
