0 -50.3371 0.158565
1 -64.1046 0.184366
2 -46.4198 0.169422
3 -12.7639 0.152559
4 -42.1875 0.201866
5 -42.8182 0.171035
6 -27.3795 0.142141
7 -47.8129 0.16155
8 -30.4507 0.162949
9 -24.3916 0.140832
10 -48.7237 0.162518
11 -26.3814 0.13312
12 -58.1227 0.194168
13 -21.6258 0.141256
14 -54.7605 0.152512
15 -45.6009 0.156863
16 -27.0913 0.150244
17 -26.4543 0.139911
18 -50.5722 0.16074
19 -63.2087 0.206897
20 -19.4952 0.188235
21 -14.957 0.143519
22 -21.8255 0.141987
23 -21.8255 0.141987
24 -23.6117 0.138554
25 -41.9224 0.143649
26 -41.9224 0.143649
27 -51.516 0.171429
28 -51.516 0.171429
29 -51.516 0.171429
30 -46.4101 0.180913
31 -46.4101 0.180913
32 -45.52 0.182288
33 -45.52 0.182288
34 -31.777 0.1499
35 -34.7692 0.144414
36 -34.7692 0.144414
37 -7.81161 0.137343
38 -33.6415 0.0898204
39 -16.6711 0.122122
40 264.685 -0.3
41 264.685 -0.3
42 329.669 -0.230667
43 -5.72259 0.142837
44 -17.4582 0.124847
45 -8.64237 0.137035
46 -8.64237 0.137035
47 -16.1908 0.122909
48 -16.1908 0.122909
49 -16.1908 0.122909
50 -16.1908 0.122909
51 -16.1908 0.122909
52 -16.1908 0.122909
53 -270.592 0.515385
54 39.4436 0.0419739
55 48.8738 0.0562764
56 -51.6938 0.155303
57 -51.6938 0.155303
58 -11.7914 0.0992908
59 -11.7914 0.0992908
60 -26.6237 0.134731
61 -26.6237 0.134731
62 -31.6031 0.12555
63 -14.7755 0.143697
64 119.175 0.0243129
65 44.3431 0.145012
66 44.3431 0.145012
67 1166.22 -2
68 1736.08 -1.44687
69 1106.19 -1.60784
70 3.37418 0.25
71 32.7451 0.178279
72 42.6506 0.148294
73 -41.5831 0.37702
74 53.6148 0.143866
75 71.1147 0.148036
76 65.9107 0.140805
77 75.2744 0.15239
78 51.2061 0.146776
79 59.6975 0.143076
80 8.41499 0.206353
81 50.3866 0.17809
82 26.9415 0.164387
83 34.9271 0.179911
84 49.8232 0.158382
85 55.0754 0.148296
86 15.062 0.177576
87 79.3524 0.128656
88 40.4893 0.148286
89 17.39 0.162715
90 31.7267 0.148326
91 25.0716 0.172069
92 57.5261 0.156536
93 65.034 0.144129
94 78.1742 0.137045
