0 35.2674 0.141246
1 2.51415 0.12962
2 35.2837 0.145138
3 9.85958 0.151732
4 -20.3597 0.156485
5 18.3664 0.144567
6 21.9124 0.149486
7 37.6907 0.112819
8 28.0024 0.145935
9 -20.5185 0.179673
10 12.8462 0.161238
11 -11.863 0.183317
12 14.9272 0.155954
13 29.2009 0.155375
14 10.3093 0.140988
15 -1.1856 0.190729
16 31.4097 0.124176
17 45.7261 0.135869
18 9.55826 0.165044
19 5.98607 0.145209
20 -20.3879 0.214286
21 -12.4539 0.138443
22 -20.8282 0.222222
23 -29.9286 0.230626
24 -43.1697 0.205471
25 -23.5947 0.192474
26 -28.2827 0.186862
27 -3.61519 0.15051
28 -13.7868 0.142792
29 27.8901 0.149467
30 27.8901 0.149467
31 27.8901 0.149467
32 27.8901 0.149467
33 -18.2504 0.140167
34 -38.6423 0.115636
35 -38.6423 0.115636
36 -38.6423 0.115636
37 -38.6423 0.115636
38 -31.9475 0.125994
39 -37.1815 0.121791
40 -29.2458 0.136369
41 -29.2458 0.136369
42 -29.2458 0.136369
43 -29.2458 0.136369
44 -43.6297 0.121452
45 -31.1673 0.143812
46 -31.1673 0.143812
47 -31.1673 0.143812
48 -32.4347 0.143001
49 -32.4347 0.143001
50 -48.4394 0.154472
51 -48.4394 0.154472
52 -37.2165 0.171065
53 -37.2165 0.171065
54 -98.8134 0.191667
55 -98.8134 0.191667
56 -46.9025 0.143083
57 -46.9025 0.143083
58 -46.9025 0.143083
59 -46.9025 0.143083
60 16.0696 0.0686275
61 16.0696 0.0686275
62 9.29675 0.0558814
63 18.0196 0.0728396
64 18.0196 0.0728396
65 18.0196 0.0728396
66 -4.24896 0.127119
67 -4.24896 0.127119
68 -4.24896 0.127119
69 -4.24896 0.127119
70 -4.24896 0.127119
71 -4.24896 0.127119
72 -3.84228 0.127885
73 -16.967 0.103232
74 -16.967 0.103232
75 -16.967 0.103232
76 -16.967 0.103232
77 -16.967 0.103232
78 -16.967 0.103232
79 9.93758 0.149038
80 4.5375 0.143906
81 4.5375 0.143906
82 4.5375 0.143906
83 4.5375 0.143906
84 0.401541 0.147541
85 5.81415 0.157746
86 -3.74118 0.122126
87 6.04091 0.132779
88 9.89247 0.140385
89 43.5981 0.0334064
90 -23.7631 0.144403
91 -23.7631 0.144403
92 -7.19251 0.16728
93 -7.19251 0.16728
94 0.924774 0.13
