0 8.03927 0.174009
1 -23.1441 0.228799
2 25.512 0.145413
3 15.4783 0.174235
4 -2.83088 0.1497
5 25.2376 0.147303
6 1.27706 0.204065
7 1.27706 0.204065
8 -9.35758 0.19054
9 3.60245 0.153333
10 3.60245 0.153333
11 12.3003 0.169702
12 27.6368 0.147943
13 27.6368 0.147943
14 31.2262 0.151732
15 30.958 0.151382
16 -287.148 0.570968
17 -287.148 0.570968
18 -276.287 0.588008
19 -244.249 0.648644
20 -244.249 0.648644
21 -459.161 0.494271
22 -459.161 0.494271
23 -459.161 0.494271
24 -459.161 0.494271
25 -351.943 0.631852
26 -336.584 0.652939
27 -330.415 0.662007
28 -330.415 0.662007
29 -330.415 0.662007
30 -316.481 0.683334
31 -316.481 0.683334
32 -316.481 0.683334
33 -406.276 0.582586
34 -401.161 0.587809
35 10.0318 0.108571
36 10.0318 0.108571
37 10.0318 0.108571
38 29.4685 0.120038
39 29.4685 0.120038
40 29.4685 0.120038
41 7.21866 0.14313
42 9.48814 0.146812
43 9.48814 0.146812
44 3.02285 0.134552
45 3.02285 0.134552
46 15.8318 0.147727
47 15.8318 0.147727
48 15.8318 0.147727
49 15.8318 0.147727
50 15.8318 0.147727
51 15.8318 0.147727
52 15.8318 0.147727
53 20.0013 0.151758
54 20.0013 0.151758
55 20.0013 0.151758
56 20.0013 0.151758
57 -45.2831 0.176471
58 -45.2831 0.176471
59 -45.2831 0.176471
60 -45.2831 0.176471
61 -45.2831 0.176471
62 -45.2831 0.176471
63 -45.2831 0.176471
64 -45.2831 0.176471
65 -45.2831 0.176471
66 -45.2831 0.176471
67 -45.2831 0.176471
68 -45.2831 0.176471
69 -45.2831 0.176471
70 -45.2831 0.176471
71 -45.2831 0.176471
72 -45.2831 0.176471
73 -45.2831 0.176471
74 -45.2831 0.176471
75 -45.2831 0.176471
76 -45.2831 0.176471
77 -45.2831 0.176471
78 -45.2831 0.176471
79 -45.2831 0.176471
80 -45.2831 0.176471
81 -45.2831 0.176471
82 -45.2831 0.176471
83 -45.2831 0.176471
84 -45.2831 0.176471
85 -45.2831 0.176471
86 -45.2831 0.176471
87 -45.2831 0.176471
88 -45.2831 0.176471
89 -45.2831 0.176471
90 -45.2831 0.176471
91 -45.2831 0.176471
92 -45.2831 0.176471
93 -45.2831 0.176471
94 -45.2831 0.176471
