0 11.3309 0.147787
1 27.0092 0.132109
2 -1.22761 0.138232
3 -29.7584 0.154011
4 9.04621 0.159503
5 9.99439 0.143842
6 -28.3698 0.167039
7 11.8668 0.140188
8 -82.431 0.240735
9 -44.3031 0.160142
10 12.7739 0.144894
11 18.0539 0.13992
12 -0.127755 0.148723
13 -13.7394 0.151593
14 -1.1107 0.164959
15 -4.42461 0.16492
16 -4.42461 0.16492
17 17.9624 0.152785
18 -7.20278 0.143489
19 -57.2622 0.165732
20 45.1476 0.0630527
21 -429.972 0.908163
22 -427.947 0.911777
23 4.05216 0.127016
24 61.9849 -1.49627e-09
25 -25.7033 0.184286
26 -18.6875 0.170599
27 -18.6875 0.170599
28 -18.6875 0.170599
29 -18.6875 0.170599
30 -18.6875 0.170599
31 15.1577 0.122552
32 22.1407 0.128361
33 33.4745 0.145344
34 296.553 -0.25
35 250.397 -0.339384
36 250.397 -0.339384
37 250.397 -0.339384
38 250.397 -0.339384
39 24.9294 0.139785
40 107.751 -0.0683761
41 35.8166 0.141656
42 4.68764 0.0878327
43 59.6132 0.118194
44 46.8237 0.154133
45 7.66173 0.0847412
46 4.22056 0.170455
47 4.62661 0.141813
48 4.62661 0.141813
49 -3.74167 0.142022
50 -3.74167 0.142022
51 -3.74167 0.142022
52 -3.74167 0.142022
53 -28.5829 0.112599
54 142.494 -0.0285714
55 117.7 -0.0760355
56 165.431 -0.0961538
57 151.252 -0.122838
58 -715.994 1.25676
59 -715.994 1.25676
60 -715.994 1.25676
61 -715.994 1.25676
62 -715.994 1.25676
63 -697.336 1.28664
64 -697.336 1.28664
65 40.8861 0.147944
66 225.874 -0.202564
67 225.874 -0.202564
68 222.485 -0.209002
69 279.166 -0.142963
70 279.166 -0.142963
71 226.525 -0.223535
72 50.7971 0.133495
73 2007.44 -3.71429
74 2813.38 -2.83947
75 -292.352 0.63964
76 -247.217 0.725551
77 -290.989 0.657723
78 43.2854 0.192838
79 30.9592 0.141618
80 0.651818 0.166379
81 40.5404 0.139614
82 40.5404 0.139614
83 -5.38797 0.235714
84 13.2333 0.168617
85 22.6473 0.183451
86 27.2621 0.190807
87 37.2974 0.142592
88 3.44547 0.147426
89 63.2694 0.121923
90 44.0444 0.157883
91 39.746 0.158562
92 32.8462 0.156263
93 33.561 0.148855
94 28.0513 0.157196
