0 -31.1271 0.147252
1 -38.3722 0.130568
2 -33.5505 0.145916
3 -2.68179 0.143317
4 -21.4824 0.15149
5 -41.5089 0.140175
6 -44.8942 0.140954
7 -42.5853 0.142211
8 -30.9356 0.142109
9 -52.6254 0.146347
10 -20.079 0.146638
11 -53.9027 0.132676
12 -19.4633 0.145605
13 -49.1328 0.153865
14 -58.6593 0.207496
15 -11.6076 0.141436
16 -25.7638 0.137672
17 -14.4328 0.136639
18 -49.9028 0.135716
19 -45.7213 0.136545
20 -31.2412 0.170658
21 -63.0583 0.149942
22 -33.5753 0.140716
23 -52.8107 0.14945
24 -52.1148 0.161595
25 -30.8705 0.156818
26 -39.592 0.155916
27 -38.6193 0.140446
28 -42.2486 0.146416
29 -24.0316 0.146449
30 -16.1418 0.146542
31 -48.0808 0.139171
32 14.7358 0.129644
33 -9.01289 0.142218
34 -3.52295 0.147345
35 7.05049 0.147745
36 19.086 0.100175
37 8.40428 0.141613
38 -22.8682 0.11687
39 32.6125 0.140022
40 -7.30651 0.117601
41 5.33089 0.14069
42 9.46261 0.135613
43 -27.9995 0.135344
44 -16.7518 0.148274
45 -4.12216 0.143609
46 4.78565 0.138121
47 -36.7799 0.135322
48 1.94235 0.133517
49 16.25 0.14104
50 -1.85397 0.132191
51 -31.4381 0.16579
52 -9.16948 0.142016
53 -3.70816 0.142925
54 -8.5402 0.156784
55 -2.73604 0.137206
56 -12.18 0.162843
57 5.9298 0.165019
58 -51.1259 0.143343
59 -10.5309 0.129826
60 -6.62313 0.130897
61 2.29714 0.143971
62 7.99956 0.138163
63 -11.2204 0.138128
64 -48.0301 0.154464
65 -15.3597 0.136957
66 -35.9217 0.152564
67 -12.3346 0.149494
68 -8.88376 0.144813
69 4.34229 0.144015
70 -40.9514 0.154317
71 -16.2122 0.149118
72 -53.2826 0.155903
73 7.52996 0.141215
74 -5.17396 0.135473
75 -40.6201 0.159667
76 12.4115 0.149185
77 -22.3583 0.145162
78 -15.5015 0.147182
79 -24.4997 0.161995
80 -29.8165 0.151687
81 -18.8086 0.154111
82 -24.1108 0.162754
83 -33.951 0.155737
84 -19.455 0.153272
85 -19.8008 0.14582
86 -10.4297 0.150547
87 -40.3091 0.166242
88 -15.1539 0.162536
89 -31.4359 0.144198
90 -13.0138 0.145497
91 -36.5967 0.143063
92 -25.3293 0.146973
93 1.23773 0.148658
94 -28.2954 0.15504
