0 -0.0680989 0.14908
1 2.04641 0.0952198
2 -9.30328 0.146192
3 -11.9222 0.14128
4 -43.0417 0.174969
5 -16.4328 0.142046
6 -17.6681 0.138206
7 -14.2681 0.143379
8 -11.8018 0.147189
9 -3.66113 0.142647
10 -152.243 0.390244
11 -28.1151 0.159137
12 -14.879 0.158722
13 -14.879 0.158722
14 -55.0431 0.204292
15 23.7376 0.0657895
16 151.148 -0.195652
17 130.87 -0.236096
18 -8.64071 0.136679
19 -5.10635 0.142676
20 -9.94445 0.13125
21 -15.994 0.151647
22 -51.3147 0.184026
23 -7.87927 0.149224
24 6.81338 0.101626
25 -22.1426 0.132653
26 -14.1904 0.144411
27 -8.30716 0.134795
28 -12.2885 0.131633
29 75.6797 0.0426829
30 75.6797 0.0426829
31 76.4691 0.0434282
32 76.4691 0.0434282
33 76.4691 0.0434282
34 54.4401 0.00369084
35 39.0196 -0.0263468
36 39.0196 -0.0263468
37 39.0196 -0.0263468
38 14.9214 0.05
39 -124.412 0.25817
40 -108.126 0.289589
41 -101.325 0.30246
42 -118.271 0.276403
43 -118.271 0.276403
44 -125.044 0.265378
45 -117.761 0.276716
46 -110.893 0.290388
47 -140.463 0.244353
48 113.443 -0.0581395
49 141.216 -0.0312349
50 -11.9289 0.106061
51 -11.9289 0.106061
52 -23.161 0.0851196
53 126.642 -0.115385
54 126.642 -0.115385
55 130.334 -0.109215
56 135.606 -0.101578
57 135.606 -0.101578
58 125.979 -0.117913
59 125.979 -0.117913
60 99.7829 -0.169747
61 79.9305 -0.1
62 -599.604 1.22727
63 -599.604 1.22727
64 -21.5403 0.23683
65 -70.9078 0.303078
66 -11.0607 0.153581
67 852.653 -1.42593
68 -26.0716 0.220183
69 -28.4233 0.212573
70 27.0799 0.158087
71 56.0044 0.133551
72 -7.91327 0.196757
73 0.185248 0.148423
74 36.5188 0.139449
75 -4.19714 0.205208
76 20.415 0.152985
77 8.99411 0.164027
78 -56.7935 0.290691
79 15.7092 0.146972
80 106.641 0.0342137
81 22.0802 0.144065
82 -8.53602 0.157546
83 34.26 0.163175
84 32.5036 0.119114
85 -2.63262 0.156166
86 -2.39505 0.161993
87 16.305 0.140658
88 -10.8507 0.195099
89 11.9778 0.17509
90 37.4732 0.169992
91 7.06547 0.149922
92 40.2542 0.154383
93 21.4272 0.154831
94 30.6898 0.157987
