0 17.714 0.167795
1 43.1514 0.143307
2 19.0796 0.180594
3 17.1599 0.153758
4 47.2954 0.160367
5 52.3064 0.169184
6 13.8942 0.140188
7 27.2234 0.158562
8 29.3265 0.142767
9 30.2986 0.144132
10 38.2803 0.159598
11 47.7328 0.148951
12 58.4506 0.122995
13 65.8366 0.130678
14 641.728 -0.923077
15 17.172 0.171012
16 -110.223 0.409091
17 -114.767 0.400555
18 39.4756 0.143357
19 23.4195 0.159794
20 11.4349 0.163561
21 11.0655 0.17344
22 17.3529 0.152381
23 -16.0212 0.189244
24 17.8446 0.162647
25 68.9577 0.115539
26 35.3654 0.142457
27 19.1964 0.149688
28 45.5276 0.143921
29 17.8374 0.148524
30 20.1658 0.17066
31 21.3534 0.147025
32 21.3534 0.147025
33 -1179.51 2.4
34 -1179.51 2.4
35 -1179.51 2.4
36 -1895.89 1.78939
37 -1895.89 1.78939
38 178.302 -0.107034
39 49.9329 0.133285
40 33.1447 0.138889
41 30.1315 0.135229
42 32.4084 0.138621
43 23.7061 0.13081
44 34.7654 0.101325
45 34.7654 0.101325
46 18.7641 0.145907
47 18.7641 0.145907
48 3.38678 0.14916
49 -8.62929 0.144205
50 2.79177 0.159632
51 7.50552 0.161765
52 -11.5101 0.161273
53 12.1007 0.199831
54 12.1007 0.199831
55 -2.75148 0.172497
56 45.1444 0.144093
57 45.1444 0.144093
58 26.5033 0.107853
59 23.0369 0.148936
60 23.0369 0.148936
61 10.3161 0.149836
62 -29.8241 0.218819
63 44.8684 0.103448
