0 -61.5106 0.154115
1 -13.6514 0.12251
2 -75.0231 0.182361
3 -47.0028 0.15526
4 -24.8516 0.116426
5 -43.2947 0.152314
6 -69.4548 0.2176
7 -56.5479 0.147105
8 -64.9794 0.134873
9 -63.33 0.137425
10 -69.6207 0.130062
11 -7.094 0.127504
12 -88.2729 0.21515
13 -55.0008 0.159371
14 -62.1917 0.14683
15 -131.037 0.275862
16 -18.4305 0.124997
17 -18.4305 0.124997
18 -27.8653 0.116247
19 -41.0609 0.0912727
20 -16.2143 0.0862024
21 -59.8767 0.159444
22 -59.8767 0.159444
23 -59.8767 0.159444
24 -59.8767 0.159444
25 -75.4996 0.141916
26 -76.9853 0.159793
27 -45.849 0.154766
28 -55.0934 0.144985
29 -58.8445 0.140239
30 -58.8445 0.140239
31 -58.8445 0.140239
32 -58.8445 0.140239
33 -65.38 0.129317
34 -61.0206 0.133187
35 -61.0206 0.133187
36 -61.0206 0.133187
37 -61.0206 0.133187
38 -61.0206 0.133187
39 -61.0206 0.133187
40 -23.3185 0.120879
41 -38.3588 0.0950526
42 -38.3588 0.0950526
43 -38.3588 0.0950526
44 -38.3588 0.0950526
45 -38.3588 0.0950526
46 -38.3588 0.0950526
47 -58.8344 0.170659
48 -79.7859 0.142883
49 -79.7859 0.142883
50 -79.7859 0.142883
51 -83.2149 0.181481
52 -88.7746 0.173463
53 -89.3868 0.172559
54 -89.3868 0.172559
55 -89.1128 0.173028
56 -89.1128 0.173028
57 -89.1128 0.173028
58 -89.1128 0.173028
59 -89.1128 0.173028
60 -89.1128 0.173028
61 -129.695 0.22093
62 -130.887 0.219084
63 -130.887 0.219084
64 -105.399 0.262404
65 -105.399 0.262404
66 -12.1995 0.123596
67 -12.1995 0.123596
68 -21.3237 0.106096
69 -61.5353 0.14945
70 -51.6228 0.159281
71 -90.7684 0.249008
72 -101.435 0.234811
73 -55.3837 0.14361
74 -47.8408 0.158595
75 -47.8408 0.158595
76 -49.2241 0.156611
77 -48.0225 0.158317
78 -40.6115 0.168287
79 39.9337 -0.0210544
80 -32.942 0.113333
81 -16.8023 0.107386
82 -35.3211 0.193536
83 -22.8721 0.12955
84 -22.8721 0.12955
85 -22.8721 0.12955
86 117.614 -0.142857
87 -49.1249 0.171054
88 -40.7612 0.12806
89 -59.6603 0.121937
90 -58.0953 0.147407
91 -63.7776 0.144905
92 -56.1149 0.157367
93 -63.069 0.170764
94 -61.9083 0.157086
