0 0.712482 0.539419 0 0 0
1 4.05581 0.205023 0 0 0
2 24007.8 -2592.3 3.48155 0 0
3 2.0532 0.435461 5.55112e-05 0 0
4 470.023 -47.6683 0.0711098 0 0
5 1.43013 0.53951 0 0 0
6 83475.9 -8588.9 8.87601 0.0290878 0
7 -9.86268 1.36422 0 0 0
8 42.1271 -2.81812 0.000444089 0 0
9 4527.96 -516.129 0.799305 0 0
10 2.16681 0.436005 0 0 0
11 4813.74 -560.276 0.9307 0 0
12 -25.9979 3.23447 0.00094369 0 0
13 54994.9 -6259.65 12.8749 0.00316414 0
14 4.08071 0.387004 0 0 0
15 63773.5 -6139.23 8.05778 0.00477396 0
16 18.9049 -2.21068 0.00788258 0 0
17 983.448 -106.716 0.15199 0 0
18 -0.834041 0.712436 0 0 0
19 -0.840194 0.911572 0 0 0
20 31708.9 -2998.07 1.61476 0.00255351 0
21 35111.6 -3197.93 0.648426 0.00388578 0
22 0.841114 0.539056 0 0 0
23 71500.1 -7022.37 5.25652 0.00255351 0
24 2.72547 0.436965 0.000166533 0 0
25 13679.1 -1436.97 1.73989 0 0
26 75093.7 -8062 16.1762 0.00605072 0
27 83704.8 -8659.6 7.96796 0.0315303 0
28 -3.20068e+06 -5.95855e+07 9855.42 46.1205 0
29 10.2071 -0.418771 0.00122125 0 0
30 19216.6 -2195.17 3.39523 5.55112e-05 0
31 38780.6 -4288.52 6.01719 0 0
32 76034.2 -7316.79 3.27377 0.0234257 0
33 9.34909 -0.716073 0.0019984 0 0
34 87779.8 -8439.84 7.28412 0.0243139 0
35 58017.3 -8630.98 22.1748 0.0122125 0
36 1.39969e+06 -144612 164.512 0.000277556 0
37 74458.2 -10767.4 21.4112 0.0304201 0
38 38571.5 -4674.96 8.93452 0.00122125 0
39 26252.5 -2593.89 2.54879 0 0
40 12.9958 -0.481247 0.000555112 0 0
41 -2.40981 0.69951 0 0 0
42 -4.59058 0.728621 5.55112e-05 0 0
43 -3.7041 0.711874 0 0 0
44 26828.2 -2923.47 3.99086 0.00127676 0
45 -9.70114 1.54903 0.000610623 0 0
46 40305.5 -4019.78 3.35659 0.00427436 0
47 0.762216 0.555289 0.000111022 0 0
48 -32.5279 3.48865 0.00305311 0 0
49 1.24736 0.45458 0.000111022 0 0
50 -4.81869 0.735239 0 0 0
51 -9.32201 1.12783 0 0 0
52 -4.91209 1.0168 0 0 0
53 89989.2 -8827.65 6.3754 0.0332512 0
54 67216.9 -7321.12 16.4972 0.00655032 0
55 8.23737 -0.522626 0.00388578 0 0
56 -0.715146 0.555767 5.55112e-05 0 0
57 7.14416 0.0341268 5.55112e-05 0 0
58 -41.8122 3.99105 5.55112e-05 0 0
59 1.0073e+06 -101824 72.7167 0.000777156 0
60 -10.1942 1.43291 0.0004996 0 0
61 -3.87643 0.737286 0 0 0
62 56797.5 -5882.94 6.90603 0.000444089 0
63 10282.2 -1130.97 1.49436 0.000333067 0
