0 -0.151322 0.807559 0 0 0
1 -9.49958 1.17229 0 0 0
2 0.656707 0.585696 0 0 0
3 -6.00958 0.215588 0.000666134 0 0
4 -6.60194 1.02808 0 0 0
5 16896.4 -1617.84 1.64807 0 0
6 -13.4987 1.70201 0 0 0
7 11.2692 0.138924 0.000277556 0 0
8 -1.05162 0.847433 0 0 0
9 -4.25818 0.907396 0 0 0
10 -1.80269 0.908945 0 0 0
11 21.6683 -0.962502 0.00222045 0 0
12 -2.51139 0.930553 0 0 0
13 75552.1 -8655.44 8.40933 0.0187073 0
14 -8.61372 1.30325 0 0 0
15 -2.51627 0.96985 0 0 0
16 -6.48453 1.22295 0 0 0
17 -3.36114 1.07371 0 0 0
18 22348.4 -1228.02 0.586364 0.000222045 0
19 -425.02 38.0256 0.0464628 0 0
20 53389.6 -6441.71 11.0531 0.00205391 0
21 -33.9605 2.91362 5.55112e-05 0 0
22 20.2785 0.0724408 0.000277556 0 0
23 -2.11697 0.869058 0 0 0
24 -6.03164 1.01648 0 0 0
25 1.20615 0.479509 0.000555112 0 0
26 114.029 2.96563 0.00827116 0 0
27 46.069 -2.93791 0.00210942 0 0
28 -6.20706 0.991635 0 0 0
29 0.876191 0.755571 0 0 0
30 -7.1063 1.0798 0 0 0
31 -5.97826 1.05171 0 0 0
32 199.601 -17.727 0.0237588 0 0
33 -15.453 2.1722 0 0 0
34 95586.2 -11673.6 11.4798 0.0370259 0
35 1317.88 -115.215 0.127398 0 0
36 -10.6303 1.17303 0 0 0
37 77211.8 -9541.05 11.9549 0.0212053 0
38 -9.67905 1.0628 0 0 0
39 -35.4269 1.71748 5.55112e-05 0 0
40 -12.3458 1.26074 0 0 0
41 -23.062 1.58088 0 0 0
42 -12.0368 1.18824 0 0 0
43 -26.2388 2.40124 0 0 0
44 -13.3106 1.18389 0 0 0
45 -9.26417 1.09693 0.000111022 0 0
46 -10.3759 1.21992 0 0 0
47 -11.194 1.18151 0 0 0
48 1241.03 -125.112 0.196898 0 0
49 -10.4523 1.07775 0 0 0
50 351.396 -32.1768 0.0524025 0 0
51 8663.22 -800.524 0.988098 0 0
52 43276.1 -3794.09 2.82585 0 0
53 -33.526 5.46859 0 0 0
54 -12.0149 1.15732 0 0 0
55 80.4997 -8.53989 0.0127676 0 0
56 -8.80947 1.03325 0.000333067 0 0
57 66013.5 -6540.25 7.56656 0.000333067 0
58 8503.01 -825.563 0.916489 0 0
59 -10.3267 1.11199 0 0 0
60 -11.765 1.22694 0 0 0
61 -3.76908 0.334981 0.00122125 0 0
62 -10.366 1.16514 0 0 0
63 55711.2 -5543.12 6.4394 0.000888178 0
64 -7.86931 1.09271 0 0 0
65 -16.1692 1.68594 0 0 0
66 -8.62178 1.04045 5.55112e-05 0 0
67 -8.68513 1.09389 0 0 0
68 -7.19696 1.00222 5.55112e-05 0 0
69 84331.6 -9498.62 8.37075 0.0228706 0
70 -4.23456 0.757829 0.000277556 0 0
71 77772 -8973.63 9.8983 0.0190958 0
72 55.4669 -1.85205 0 0 0
73 51556.1 -6045.66 10.316 0.00183187 0
74 -6.38613 1.10356 0 0 0
75 -4.72725 0.939523 0 0 0
76 -5.51698 1.07141 5.55112e-05 0 0
77 42260.9 -4378.2 5.72148 0.000555112 0
78 27125 -2531.11 2.57244 0.000333067 0
79 -9.41378 1.25311 0 0 0
80 -14.8691 1.53974 0.000555112 0 0
81 -3.14584 0.826368 0 0 0
82 100832 -12438.8 9.58572 0.0444644 0
83 -8.08434 0.988887 0 0 0
84 93.5343 -4.43351 0.00810463 0 0
85 -6.62953 1.02008 0 0 0
86 140.378 -15.2105 0.034639 0 0
87 -11.1177 1.32478 0 0 0
88 -22.1947 2.09581 0.000222045 0 0
89 -2.42518 0.779079 0.000832667 0 0
90 79005.7 -9342.07 9.70646 0.0202061 0
91 -4.80774 0.921159 0 0 0
92 -4.94304 0.881679 0.000111022 0 0
93 23.7214 -1.13267 5.55112e-05 0 0
94 67973 -7244.34 8.60761 0.00172085 0
95 2.72503e+07 -3.76092e+06 5643.27 45.9695 0
