0 -3.34308 1.19623 0 0 0
1 13.6565 -0.813583 0.0019984 0 0
2 -21.8113 2.38448 0.000111022 0 0
3 -1.72175e+09 -3.06359e+08 391223 726647 0
4 -29.0408 3.4818 0 0 0
5 15.1052 0.174979 0.000111022 0 0
6 -416494 -1.63189e+07 4800.79 14.8521 0
7 20844.6 -1821.84 1.21064 0 0
32 -4.74565 1.4314 0.000222045 0 0
33 -6.78313 1.55424 0 0 0
34 24738.3 -2018.83 1.73928 0 0
35 108.134 -11.3384 0.0228151 0 0
36 23.0917 -0.915273 0.000888178 0 0
37 0.722717 1.11001 0 0 0
38 -2.12626 1.21682 0 0 0
39 -4.10153e+07 -9.04743e+07 1230.69 263300 0
