0 11186.6 -1093.44 1.30385 0.000111022 0
1 583.951 -56.9945 0.064504 0 0
2 1.55631e+06 -121525 41.6652 0.0613398 0
3 115930 -10656 10.5496 0.00194289 0
4 -1.25091 0.824398 0 0 0
5 2.81549 0.728182 0 0 0
6 55491.8 -5633.59 6.85374 0.00394129 0
7 -1.98766 0.87843 0 0 0
8 60598.3 -5998.67 6.35547 0.00643929 0
9 1476.43 -119.65 0.124845 0 0
10 1.51467 0.722205 5.55112e-05 0 0
11 0.0904862 0.767734 0 0 0
12 -13.4047 1.7005 0.000111022 0 0
13 -1.0384 0.821713 0 0 0
14 -1.21483 0.92456 0 0 0
15 41098.2 -3553.3 3.74051 0.000166533 0
16 7.08372 0.00447496 0.000999201 0 0
17 54010.1 -8885.13 17.702 0.00877076 0
18 1.62863 0.752864 0 0 0
19 86175.9 -9935.03 7.48479 0.0268674 0
20 -0.289425 0.69758 0.000388578 0 0
21 3346.6 -295.219 0.22643 0 0
22 199242 -20449.6 24.5048 0.000888178 0
23 71420 -7959.77 7.18925 0.0137113 0
24 9520.74 -1553.17 3.24168 0.000388578 0
25 -1.41114 0.833788 0 0 0
26 -1.08724 0.831108 0 0 0
27 -1.98842 0.903622 0 0 0
28 259577 -23101.7 4.11582 0.0561218 0
29 -0.313078 0.822161 0 0 0
30 36234.2 -3967.59 4.80888 0.000777156 0
31 575275 -54775.4 51.0242 0.0262568 0
32 1.18672 0.840999 0 0 0
33 4.90472 0.631026 0 0 0
34 4.87204 0.66873 0 0 0
35 75646 -8349.77 7.56184 0.0164868 0
36 0.661656 0.91095 0 0 0
37 42.1972 -2.61023 0.00294209 0 0
38 55227.6 -6879.66 12.6289 0.00288658 0
39 -0.27203 0.818284 0 0 0
40 19831.8 -1741.84 1.64435 5.55112e-05 0
41 63.9931 -11.0311 0.0283662 0 0
42 1.1493 0.82701 0 0 0
43 -23.8999 2.2059 0.000777156 0 0
44 2.02698 0.714606 0 0 0
45 -0.503443 0.850516 0 0 0
46 -0.290512 0.828584 0 0 0
47 4.49665 0.717192 0 0 0
48 3.56468 0.745401 0 0 0
49 -1.06879 0.830621 0 0 0
50 5.0152 0.660286 5.55112e-05 0 0
51 13.5021 0.122112 0 0 0
52 2.91273 0.693298 5.55112e-05 0 0
53 3.26453 0.719724 5.55112e-05 0 0
54 148614 -15644.3 22.6474 0.000166533 0
55 83446 -8071.2 9.91512 0.000333067 0
56 3.6711 0.704201 0 0 0
57 209269 -21891.2 0.00183187 0.0467404 0
58 67776.9 -7587.18 10.1419 0.0107137 0
59 32960.9 -3196.77 3.98687 5.55112e-05 0
60 -2.7642 1.1218 5.55112e-05 0 0
61 6.46421 -0.257488 0.0134337 0 0
62 81464.8 -10096.5 12.1778 0.0276446 0
63 5.82155 0.430152 0.000333067 0 0
64 30424.5 -2593.41 1.59678 0 0
65 -1.50672 0.819776 0 0 0
66 51130.1 -5996.9 10.7765 0.000999201 0
67 58703.1 -5846.76 6.98974 0 0
68 -0.33268 0.841971 0 0 0
69 -0.537645 0.899161 0 0 0
70 3.23381 0.650739 0 0 0
71 21762.7 -1799.67 1.4036 5.55112e-05 0
72 -1.32156 0.983019 0 0 0
73 0.09311 0.0599631 0.00494049 0 0
74 752218 -61443.1 0.724143 0.0984768 0
75 6.71581e+06 -601359 481.413 0.00777156 0
76 73327.5 -8009.08 9.13764 0.0161537 0
77 2.13793 0.724822 0.000111022 0 0
78 -1.77908 0.836983 0 0 0
79 2.27293 0.693162 0 0 0
80 0.696476 0.732801 0 0 0
81 -0.134252 0.812528 0 0 0
82 2271.76 -218.147 0.300315 0 0
83 402.419 -34.3503 0.0306422 0 0
84 2.3626 0.698019 0 0 0
85 -0.876445 0.877163 0 0 0
86 -2.77584 0.986718 0 0 0
87 2.79904 0.662695 0 0 0
88 20883.9 -2247.58 2.87376 0 0
89 57308.9 -10276.3 13.6023 0.0189293 0
90 68319.5 -8680.18 15.7405 0.0127121 0
91 3.49811 0.673716 0 0 0
92 58819.2 -8357.72 16.7337 0.00865974 0
93 1.32282 0.760982 0 0 0
94 -1.43893 0.856562 0 0 0
95 0 0 0 0 0
