0 4.40987 0.44958 0.00310862 0 0
1 -1.61998 0.889708 5.55112e-05 0 0
2 771.94 -74.1766 0.0834333 0 0
3 5867.62 -662.676 0.726696 0 0
4 0.182782 0.612943 0.000166533 0 0
5 -3.59506 0.907807 0.000333067 0 0
6 -0.862788 0.831112 0 0 0
7 48.4973 -2.97475 5.55112e-05 0 0
8 -4350.96 -8238.86 13.6995 0.00266454 0
9 -4.11731 0.951719 0 0 0
10 -3.86784 1.03043 0 0 0
11 -5.53491 1.15017 0 0 0
12 -2.27793 0.962894 0 0 0
13 17.259 -0.796633 5.55112e-05 0 0
14 0.125818 0.813069 5.55112e-05 0 0
15 0.151995 0.781386 0 0 0
16 7.58543 0.336414 0.000166533 0 0
17 -4.29561 0.931432 0 0 0
18 45.2049 -6.92387 0.0171529 0 0
19 -4.10871 1.05522 0 0 0
20 -7.04396 0.0148895 0.00111022 0 0
21 61323.5 -6299.22 7.31332 0.00716094 0
22 -3.31707 0.868167 0 0 0
23 3.03986 0.562817 0.000277556 0 0
24 0.867886 0.791093 0 0 0
25 -2.47104 0.924388 0 0 0
26 -0.00105299 0.765305 0 0 0
27 76470.7 -8430.04 7.34451 0.0157652 0
28 -0.882962 0.839734 0 0 0
29 -2.60327 0.90614 0 0 0
30 -0.488031 0.798997 0 0 0
31 -105.448 11.619 0 0 0
32 72339.4 -6451.08 5.73303 0.000166533 0
33 -8.81089 1.14958 0 0 0
34 -3.00167 0.966906 0 0 0
35 270861 -25145.9 27.8237 0.00127676 0
36 -7.4543 1.19332 0 0 0
37 -4.96595 1.00714 0 0 0
38 55000.8 -5213.43 5.17397 0.00277556 0
39 47190.5 -5361.63 7.77151 0.00194289 0
40 44708 -4156.59 4.03655 0.000666134 0
41 -31.1429 2.94216 0 0 0
42 838.014 -86.2256 0.111522 0 0
43 651.466 -58.7275 0.0581202 0 0
44 41.699 -6.89665 0.012601 0 0
45 -9.2503 1.46549 0 0 0
46 50872.4 -6073 7.8284 0.000999201 0
47 10.338 0.0704074 0.000555112 0 0
48 54760.7 -5968.82 8.52141 0.00416334 0
49 14961.9 -1422.71 1.20548 0 0
50 12014.5 -1276.82 1.43902 0.000277556 0
51 220.695 -20.2585 0.0227041 0 0
52 10271.1 -967.298 0.985989 0 0
53 -936.923 27.0167 0.106914 0 0
54 -0.636317 0.748164 0.000111022 0 0
55 -4.53607 0.923252 0 0 0
56 96661.3 -9094.17 7.52043 0.0004996 0
57 -0.642514 0.437189 0.000832667 0 0
58 1.10532e+06 -103067 86.1781 0.000610623 0
59 11794.9 -1144.04 1.31634 0 0
60 50196.4 -6242.81 10.2191 0.00327516 0
61 -1.75863 0.875986 0 0 0
62 -7.46632 1.2822 0 0 0
63 -3.72096 0.890025 0 0 0
64 1.61796 0.80282 0 0 0
65 1.43047 0.832193 0 0 0
66 0.634763 0.909239 0 0 0
67 1.51679e+06 -72096.9 2.2265 5.55112e-05 0
68 -4023.77 -10144.1 19.2439 0.00516254 0
69 79404.5 -8893.47 7.9009 0.0193734 0
70 4.70652 0.691993 0 0 0
71 89276.4 -8046.91 7.51865 0.000111022 0
72 94.5715 -10.4985 0.0168754 0 0
73 29524.5 -1938.31 1.1578 0.000111022 0
74 4.42929 0.675099 0 0 0
75 -19.3136 2.47849 0 0 0
76 0.00981848 0.91146 0 0 0
77 8.37808 -0.0620033 0.00127676 0 0
78 -1.35472 0.950792 0 0 0
79 9.63708 0.00716097 0.000888178 0 0
80 6.06277 0.598526 0 0 0
81 49832.7 -5995.8 9.54536 0.00310862 0
82 2.57004 0.795987 0 0 0
83 68750.2 -7572.72 10.1764 0.0106581 0
84 53762.5 -6846.96 12.7826 0.00460743 0
85 73011.7 -6877.63 7.42673 0 0
86 1.12914 0.780307 0 0 0
87 9.12064 0.23929 0 0 0
88 -14.9549 2.21257 0 0 0
89 71415.1 -7856.71 7.73087 0.0136002 0
90 -48.5686 -3.67215 0.029754 0 0
91 -1.08412 0.993197 0 0 0
92 64526.6 -6871.81 6.38711 0.00355271 0
93 5700.35 -469.86 0.43604 0 0
94 -8.31547 1.32664 0 0 0
95 188.684 -38.2024 0.243916 0 0
