0 102.947 -6.08238 0.000777156 0 0
1 184409 -15474 8.26295 0.00327516 0
2 -0.133444 0.811049 0 0 0
3 -1.1064 0.833254 0 0 0
4 8442.09 -824.872 0.894007 0 0
5 1.37351 0.618546 0 0 0
6 -2.85239 0.923929 0 0 0
7 -4.52006 1.00213 0 0 0
8 -2.45776 0.856685 0 0 0
9 -1.31112 0.857714 0 0 0
10 70996.9 -6748.16 4.37289 0.00216493 0
11 1.69915 0.726285 0 0 0
12 -6.64326 1.3819 0.000111022 0 0
13 5.62032 0.344752 0.000333067 0 0
14 14.0356 -1.0477 0.00266454 0 0
15 58829 -6188.1 7.92022 0.0059952 0
16 1357.92 -139.115 0.140554 0 0
17 2.95017 0.738606 0 0 0
18 39755.4 -3841.66 4.07158 0 0
19 -3.86426 1.13888 0.000111022 0 0
20 -5.79038 1.05429 0 0 0
21 369283 -33870.6 32.9226 0.00138778 0
22 44.8088 -5.13678 0.00632827 0 0
23 21.3584 -1.73081 0.00377476 0 0
24 8739.29 -776.237 0.655864 0 0
25 -2.00689 0.908776 0 0 0
26 41.025 -3.5798 0.0131006 0 0
27 895.378 -98.5362 0.12762 0 0
28 -0.33083 0.734595 0 0 0
29 -1.15031 0.833901 0 0 0
30 0.275364 0.851229 0 0 0
31 129.445 -7.97404 0.00810463 0 0
32 -9.24022 1.20102 0 0 0
33 -7.28501 1.22391 0 0 0
34 72.9143 -5.40327 0.00793809 0 0
35 679.333 -63.84 0.06245 0 0
36 282.977 -24.2682 0.0319744 0 0
37 49879.3 -7930.39 11.8319 0.00910383 0
38 51838.7 -5228.83 6.25011 0.00138778 0
39 -8.0965 1.07639 0 0 0
40 -7.85496 0.954527 0 0 0
41 2720.07 -241.713 0.233757 0 0
42 -2.61923 0.681337 0.000111022 0 0
43 -9.7049 1.18501 0 0 0
44 -7.66695 1.05757 0 0 0
45 83631 -10228.3 10.9647 0.027145 0
46 -7.96037 0.935646 0.000610623 0 0
47 -0.546306 0.606757 0.000111022 0 0
48 -8.83008 1.13269 0 0 0
49 48465.9 -4962.31 5.45908 5.55112e-05 0
50 60315.9 -5804.59 6.78374 5.55112e-05 0
51 -5.21049 0.919731 0 0 0
52 1.63552 0.511471 0.000277556 0 0
53 -8.21653 1.09384 0 0 0
54 -6.06285 1.02649 0 0 0
55 -13.6577 1.38044 0 0 0
56 -6.83771 1.0954 5.55112e-05 0 0
57 -9.0347 1.12616 0 0 0
58 98799.7 -11879 9.0985 0.0437983 0
59 -6.96196 1.027 0 0 0
60 53638.6 -8860.87 11.1347 0.0133782 0
61 -6.61673 1.01981 5.55112e-05 0 0
62 23170.3 -2062.38 1.92468 0.000222045 0
63 -7.27338 0.991734 0 0 0
64 -1.59206 0.880087 0 0 0
65 168006 -16875.8 19.9505 0.000166533 0
66 -2.66414 1.0496 0 0 0
67 -30.8605 2.90836 0.000610623 0 0
68 -32.5045 0.325952 0.00405231 0 0
69 57403.5 -5599.48 6.64568 5.55112e-05 0
70 122310 -11688 9.78201 0.00288658 0
71 54294.1 -5771.74 7.41807 0.00410783 0
72 212.121 -16.3585 0.0354716 0 0
73 3.81121 0.277242 0.0004996 0 0
74 -0.262257 0.797369 0 0 0
75 41097.6 -3785.2 3.55016 0 0
76 80049.9 -9116.82 7.77778 0.0214273 0
77 20556.4 -1775.69 1.08707 0 0
78 26.6611 -1.05992 0.000610623 0 0
79 3.62078 0.85794 0 0 0
80 -1.40404 0.908554 0 0 0
81 7325.03 -731.137 0.475397 0.000333067 0
82 16.2332 -0.930398 0.00216493 0 0
83 -94.8789 3.48983 0.000166533 0 0
84 57.6477 -5.38731 0.00321965 0 0
85 -1.50454 0.87008 0 0 0
86 42462.9 -5331 7.19863 0.00172085 0
87 941.327 -89.1767 0.0844325 0 0
88 -1.17952 0.878608 0 0 0
89 355.414 -37.0972 0.0440203 0 0
90 274971 -26511.6 27.3119 0.000777156 0
91 0.0804678 0.814086 0 0 0
92 0.938668 0.819997 0 0 0
93 897.584 -119.372 0.25302 0 0
94 139.958 -12.4684 0.0153211 0 0
95 0 0 0 0 0
