0 1.0429e+06 -89133.1 69.2283 0.00138778 0
1 63941.7 -7420.05 11.49 0.0113798 0
2 106.779 -8.12376 0.00749401 0 0
3 -0.664942 0.882329 0 0 0
4 58123 -6935.35 12.1037 0.00405231 0
5 4158.96 -441.344 0.619449 0 0
6 -3.11179 1.05111 0 0 0
7 119.454 -24.4858 0.0691669 0 0
8 48818.5 -6100.25 9.15173 0.00177636 0
9 42185.6 -4604.64 6.03512 0.00116573 0
10 -4.1654 1.22247 0 0 0
11 0.342479 0.854061 0 0 0
12 112356 -10878.8 8.64459 5.55112e-05 0
13 2.20218 0.744605 0 0 0
14 38890.9 -3806.16 4.97002 0.000166533 0
15 16.4097 -0.26018 0.000111022 0 0
16 5.1149 0.373854 0.000555112 0 0
17 47137.9 -5135.32 6.25644 0.0004996 0
18 7.49733 -0.51295 0.0014988 0 0
19 -1.80853 0.918317 0 0 0
20 -2.78224 0.975825 0.000111022 0 0
21 1296.02 -119.676 0.142997 0 0
22 939044 -73903 0.106193 0.10858 0
23 244.355 -23.676 0.0342504 0 0
24 32097.9 -3966.51 6.86412 5.55112e-05 0
25 -5.22873 1.13629 0 0 0
26 182912 -19678.5 28.5916 0.000888178 0
27 44.5136 -3.05558 0.00377476 0 0
28 3.35298 0.586909 0.000166533 0 0
29 95401.1 -11486.5 11.0584 0.0383582 0
30 -0.462856 0.870985 0 0 0
31 0.559592 0.813491 0 0 0
32 20032.6 -1841.19 2.03082 0 0
33 174031 -16383.4 18.8894 0.000610623 0
34 2686.3 -7228.2 8.14981 0.00266454 0
35 -7.75996 1.06348 0 0 0
36 69176.2 -7749.66 10.6788 0.0117129 0
37 53424 -4134.99 2.49789 0 0
38 -9.15188 1.05212 0.000610623 0 0
39 926.963 -83.3773 0.0738853 0 0
40 -4720.86 -6623.86 11.2414 0.00094369 0
41 -8.71497 1.13907 0 0 0
42 -8.70504 1.07819 0 0 0
43 -7.77271 1.05772 0 0 0
44 8040.05 -743.047 0.636435 0 0
45 83845.3 -9844.92 10.043 0.0236478 0
46 4.44997 0.483737 0.000666134 0 0
47 81842.7 -9106.23 7.90218 0.0204836 0
48 3429.14 -317.514 0.245859 0 0
49 -6.28633 1.02739 0 0 0
50 -5.87014 0.979269 0 0 0
51 1.99306 0.0490355 0.00172085 0 0
52 36790.1 -3566.83 3.0812 0.000222045 0
53 -4.51057 0.972868 0 0 0
54 -17.6003 1.40249 5.55112e-05 0 0
55 -18.0376 1.78785 0 0 0
56 51806.8 -6449.35 10.6187 0.00294209 0
57 495.924 -51.4825 0.067446 0 0
58 46232 -5491.23 7.59726 0.00116573 0
59 63528.4 -6063.58 5.34939 0.00111022 0
60 -4574.83 -6990.13 11.9125 0.00111022 0
61 8.45182 -0.301788 0.000832667 0 0
62 -4.64638 0.917756 0 0 0
63 -5.04695 0.919719 0 0 0
64 389482 -550540 668.457 0.152656 0
65 -2.84456 0.934994 0 0 0
66 140045 -13146.1 12.8551 0.000166533 0
67 401646 -33237.2 0.00832667 0.0658917 0
68 81801.9 -9385.31 8.89838 0.0210942 0
69 1.82525 0.616266 0 0 0
70 3.7567e+08 -2.54027e+07 2192.71 11.6955 0
71 78.3777 -0.993985 0.00188738 0 0
72 -4.62121 1.03868 0 0 0
73 -4.51707 1.0864 0 0 0
74 54.072 -299.922 1.22452 0.000166533 0
75 7.79409 0.510759 0 0 0
76 -3.56554 0.945866 0 0 0
77 -3.83711 0.936335 0 0 0
78 2671.83 -250.296 0.242861 0 0
79 -0.684926 0.861491 0 0 0
80 -15.8813 3.22173 0 0 0
81 82124.9 -8956.73 10.3297 0.0209277 0
82 217652 -22746.8 27.2853 0.000277556 0
83 -0.89229 0.866862 0 0 0
84 -10.3539 1.48324 0 0 0
85 -4.57847 1.04075 0 0 0
86 65976.7 -6611.52 6.09796 0.000333067 0
87 -5.87119 1.06293 0 0 0
88 13892.6 -1409.83 1.54976 0.000111022 0
89 2.65825e+06 -178428 47.3727 0.004996 0
90 4.50078e+07 -3.55461e+06 1165.82 1.11733 0
91 22786.3 -2221.25 2.34934 0.000111022 0
92 73473.4 -8080.74 9.14613 0.0167089 0
93 -1.55541 0.777116 0.000111022 0 0
94 -2.31468 0.888463 0 0 0
95 8.01753e+09 -1.28832e+09 17121.8 67397.7 0
