0 49620.6 -5148.47 6.25983 0 0
1 5.84807 0.304456 0 0 0
2 5.03296 0.358923 0.000166533 0 0
3 15599.6 -1547.68 2.16427 0.00310862 0
4 5.46579 0.437043 0 0 0
5 1650.76 -164.057 0.238476 0 0
6 511.3 -54.2654 0.0739409 0 0
7 126869 -13789.8 15.717 0.000388578 0
8 3.64491 0.39369 5.55112e-05 0 0
9 34.6866 -3.33886 0.00921485 0 0
10 128534 -12041.2 18.0885 0.022371 0
11 2.00202 0.752589 5.55112e-05 0 0
12 9550.05 -1035.07 1.7471 0.000610623 0
13 2.02502 0.730526 0 0 0
14 63589.8 -7917.66 17.7664 0.00827116 0
15 63404.7 -6124.26 8.59218 0.00466294 0
16 67441.2 -6362.59 8.58835 0.0054956 0
17 59473 -7058.78 12.6579 5.55112e-05 0
18 0.834824 1.02658 0 0 0
19 141639 -14692 13.9461 0.000388578 0
20 2.38485 0.441929 0 0 0
21 139197 -15084.3 19.2211 0.000666134 0
22 1593.4 -168.883 0.208888 0 0
23 44152.7 -4638.41 6.4771 5.55112e-05 0
24 17844.8 -1711.51 1.8161 0.000166533 0
25 63617.8 -7467.47 16.0268 0.000721645 0
26 97.3324 -9.41795 0.0112688 0 0
27 42.8931 -3.56713 0.00266454 0 0
28 73775.8 -7135.54 7.77695 0.014877 0
29 46565.5 -4914.44 4.8514 0.00205391 0
30 -1.12813e+06 -2.53631e+07 1171.01 0.101419 0
31 129988 -12011.1 11.0864 0.0114353 0
32 107044 -10728.2 7.71994 5.55112e-05 0
33 506.129 -96.1309 0.00643929 0.000999201 0
34 15.5842 -1.63914 0.00566214 0 0
35 273.895 -34.0548 0.0389688 0 0
36 2.88722 0.438531 0 0 0
37 7.02656 0.274594 0 0 0
38 6.9096 0.256858 0.000111022 0 0
39 3699.89 -405.503 0.563771 0 0
40 52.9015 -4.99518 0.00693889 0 0
41 1858.44 -188.643 0.176359 0 0
42 1.27087 0.496429 0 0 0
43 -0.29771 0.556649 0 0 0
44 8120.66 -790.487 1.11516 0.000222045 0
45 1121.12 -117.15 0.134948 0 0
46 0.418526 0.552635 0 0 0
47 32235.9 -3838.08 7.05347 0.0014988 0
48 -0.23975 0.504854 0 0 0
49 5658.33 -630.128 1.00719 0 0
50 16964.6 -1576.29 2.14367 0.000277556 0
51 2.06191 0.456323 0 0 0
52 -0.191429 0.497968 0 0 0
53 5.66817 0.324565 0 0 0
54 606.37 -66.664 0.0992539 0 0
55 -4.64666 0.959782 0 0 0
56 255.203 -23.8537 0.0245359 0 0
57 -0.92062 0.556853 0 0 0
58 299.565 -32.2901 0.0332512 0 0
59 2.09917 0.463776 0 0 0
60 -3.92704e+06 -7.32902e+07 17304.1 175.352 0
61 -0.549311 0.601407 0 0 0
62 9.07214 -0.224749 0.00194289 0 0
63 2.71322 0.448326 0 0 0
