0 282.828 -25.252 0.0273115 0 0
1 164314 -17419.7 22.6278 0.000166533 0
2 12.5315 -0.9164 0.00255351 0 0
3 -6.21412 1.21854 0 0 0
4 34674.8 -2401.99 1.60066 0.000777156 0
5 -15.148 1.84644 0 0 0
6 -8.55424 1.19186 0 0 0
7 9.38064 0.13981 0.000610623 0 0
8 -4.53435 1.21998 0 0 0
9 64425.5 -7621.12 11.9771 0.00849321 0
10 9499.55 -901.204 0.863587 0 0
11 2810.3 -267.186 0.233924 0 0
12 -8.13235 1.17188 0 0 0
13 -5.06707 1.06576 0 0 0
14 50430.6 -5605.37 7.42728 0 0
15 52708.4 -5455.8 6.90259 0.0019984 0
16 -6.98243 1.07633 0 0 0
17 -1.72175 0.981712 0 0 0
18 -1.59445 0.903094 0 0 0
19 1413.01 -145.371 0.194622 0 0
20 -1.82153 0.988522 0 0 0
21 -4.26468 0.984345 0 0 0
22 248.493 -21.0424 0.0319744 0 0
23 -6.1446 1.09983 0 0 0
24 -5.96861 1.07466 0 0 0
25 -5.36808 1.09638 0 0 0
26 27781.5 -2801.91 2.92044 0.000333067 0
27 283104 -26653.5 29.6098 0.00111022 0
28 -7.15481 1.06132 0 0 0
29 -3.45225 0.971233 0 0 0
30 145387 -15490.9 21.8459 0.000555112 0
31 -4.55838 1.03363 0 0 0
32 23937.5 -2248.12 2.26219 0 0
33 -3.14172 0.845134 0 0 0
34 51257.2 -5525.4 8.25701 0.000721645 0
35 -3.35772 0.954149 0 0 0
36 2579.18 -231.66 0.239586 0 0
37 -5.23967 0.968882 0 0 0
38 3428.78 -310.445 0.280442 0 0
39 -12.9504 1.65144 0 0 0
40 0.959261 0.516757 0.000555112 0 0
41 -4.07641 1.07883 5.55112e-05 0 0
42 -8.33369 1.18184 0.000610623 0 0
43 7.68894 -0.530485 0.00266454 0 0
44 59695.5 -6030.25 6.2047 0.00638378 0
45 1.3815e+06 -96913.8 6.50907 0.0786593 0
46 34.6353 -2.59181 0.00405231 0 0
47 -1.80252 0.79124 0 0 0
48 -4.78516 0.996181 0 0 0
49 -9.0627 1.11237 0 0 0
50 0.53978 0.649878 0 0 0
51 -4.49518 0.956625 0 0 0
52 275.841 -23.2415 0.0482392 0 0
53 -7.64488 1.26309 0 0 0
54 -4.58886 0.993317 0 0 0
55 -7.03127 1.16914 0 0 0
56 -10.059 1.31602 0 0 0
57 180.574 -14.7302 0.0245359 0 0
58 -3.53019 0.901779 0 0 0
59 31325.9 -3257.73 3.0918 5.55112e-05 0
60 -7.20677 1.05964 0 0 0
61 50197.7 -8116.49 13.8379 0.00899281 0
62 -10.3332 1.42811 5.55112e-05 0 0
63 59914.1 -5608.92 6.66039 0.00094369 0
64 -1.12612 0.976487 5.55112e-05 0 0
65 -0.20595 0.832321 0 0 0
66 20.7675 -0.51885 0.000166533 0 0
67 -2.27121 0.993615 0 0 0
68 62668 -7713.9 13.1157 0.00782707 0
69 -41.4591 3.31908 0.00327516 0 0
70 69126.2 -7390.92 9.40503 0.0112688 0
71 1.17472 0.818982 0 0 0
72 0.258385 0.856068 0 0 0
73 74283.2 -8410.98 9.02162 0.0165423 0
74 -1.25024 0.876828 0 0 0
75 49739.1 -5666.55 8.53129 0.00177636 0
76 -0.983515 0.91283 0 0 0
77 5890.76 -646.576 0.920652 0 0
78 317292 -30915.8 37.0629 0.000721645 0
79 -3.25229 0.985211 0 0 0
80 135.744 -12.4246 0.0127676 0 0
81 79.0118 -1.62721 0.000444089 0 0
82 3206.86 -329.333 0.464184 0 0
83 1179.12 -122.884 0.220546 0 0
84 1.89238 0.797386 0 0 0
85 -68.3441 4.9555 0 0 0
86 1.67223e+06 -136756 35.9458 0.133837 0
87 3.94182 0.724406 0 0 0
88 3.38787 0.685427 5.55112e-05 0 0
89 1.57756 0.655114 0.000166533 0 0
90 484.698 -41.3767 0.0655587 0 0
91 169.036 -14.1509 0.0121569 0 0
92 2.71694 0.953343 0 0 0
93 -6.57487 1.2824 0 0 0
94 5.34187 0.467262 0 0 0
95 0 0 0 0 0
