0 309.841 -23.8175 0.0310307 0 0
1 -3.68825 0.975424 0 0 0
2 -5.02999 1.00796 0 0 0
3 -2.76107 0.898616 0 0 0
4 50783.4 -7724.15 13.7392 0.00560663 0
5 -1.72292 0.90614 0 0 0
6 -13.5989 1.6917 0 0 0
7 -2.61546 0.9808 0 0 0
8 -8.18755 1.37247 0.000222045 0 0
9 -4.50673 1.01437 0 0 0
10 12.6341 -0.521967 0.00183187 0 0
11 -3.27134 0.919283 0 0 0
12 -5.27085 1.20935 0.000222045 0 0
13 622.609 -63.3341 0.0808797 0 0
14 -472.203 12.8848 0.0794365 0 0
15 76580.2 -9218 10.8746 0.0200395 0
16 -3.74922 0.956752 0 0 0
17 -3.27486 0.94958 0 0 0
18 -0.239335 0.566803 5.55112e-05 0 0
19 -2.42584 0.94256 0 0 0
20 555.014 -62.1483 0.103417 0 0
21 44.4456 -4.91867 0.00938138 0 0
22 -198.481 11.1872 0.0309752 0 0
23 69972.2 -6215.64 4.93566 0.0014988 0
24 -8.37273 1.21207 0.000222045 0 0
25 71.7285 -3.36112 0.00316414 0 0
26 71387 -8470.28 12.5527 0.0146549 0
27 -0.220441 0.819222 0 0 0
28 -4.20621 0.958527 0 0 0
29 1524.32 -164.316 0.145328 0 0
30 891.857 -111.16 0.20961 0 0
31 498.233 -43.9965 0.0385247 0 0
32 -12.5572 1.30257 0 0 0
33 -10.3669 1.1484 0 0 0
34 -11.8027 1.15568 0 0 0
35 58598.2 -8125.59 17.6615 0.00305311 0
36 69830.8 -5761.17 3.75516 0.00105471 0
37 -6.64183 0.932707 0 0 0
38 -13.0088 1.21664 0 0 0
39 -13.1154 1.24818 0 0 0
40 257.071 -26.5079 0.034972 0 0
41 -12.7705 1.19693 0 0 0
42 -352701 -1.06328e+07 2.6491 12.0777 0
43 81207.1 -9684.36 9.09622 0.0224265 0
44 -3797.91 -4915.67 5.5998 0.000555112 0
45 40951.8 -4794.83 5.99026 0.00127676 0
46 -9.33753 1.09861 0 0 0
47 -11.785 1.22403 0 0 0
48 83459.1 -10295.9 10.9386 0.0262013 0
49 -10.25 1.10923 0 0 0
50 -11.1459 0.776096 0.000166533 0 0
51 -11.6249 1.21989 0 0 0
52 51678.6 -4520.1 5.93664 0.000166533 0
53 81781.2 -9564.95 10.1867 0.0210942 0
54 -1.06861 0.306534 0.00138778 0 0
55 66507.2 -6208.77 7.57805 0.00111022 0
56 48.0062 -5.18749 0.0113798 0 0
57 -5.55264 0.344581 0.00133227 0 0
58 2.1787e+06 -193788 7.74469 0.402345 0
59 707.131 -61.5582 0.0820455 0 0
60 84948.3 -10120.5 9.68225 0.0245914 0
61 -19.5918 2.19071 0 0 0
62 84562.9 -10406.6 10.3556 0.0278666 0
63 -11.8528 1.22023 0 0 0
64 14643.5 -1427.88 1.76026 5.55112e-05 0
65 -467326 -1.45286e+07 3913.77 6.01091 0
66 6.49519 0.158199 0.000111022 0 0
67 54992 -6623.01 11.5942 0.00183187 0
68 -8.76015 1.26395 0 0 0
69 -3.98573 1.00306 0 0 0
70 -8.32165 1.28038 0 0 0
71 -6.42366 1.05864 0 0 0
72 -4.95988 1.11399 0 0 0
73 -8.14519 1.17201 0 0 0
74 65710.5 -7349.19 10.3872 0.00871525 0
75 -4.19825 0.96417 0 0 0
76 55415.4 -6598.7 11.9615 0.00116573 0
77 -5.30665 1.03784 0 0 0
78 -18.067 1.91641 0 0 0
79 -99.101 6.78172 0.000610623 0 0
80 82.7088 -7.11582 0.0119349 0 0
81 153.966 -8.52262 0.00410783 0 0
82 60331.4 -4661.66 1.68043 0.00177636 0
83 -6.31535 1.04893 0 0 0
84 -8.86533 1.22814 0 0 0
85 -3.71138 0.969709 0 0 0
86 -6.95648 1.33295 0 0 0
87 -5.84615 1.05815 5.55112e-05 0 0
88 -7.02226 1.08629 5.55112e-05 0 0
89 75211.1 -8412.23 11.1989 0.0163758 0
90 -12.1846 1.54469 0 0 0
91 70233.7 -8187.94 11.7475 0.0132117 0
92 77603.4 -14925.9 16.06 0.0467404 0
93 -10.2689 1.44036 0 0 0
94 -0.621089 0.679676 0.000444089 0 0
95 0 0 0 0 0
