0 -698680 -2.12859e+07 133.05 23.9022 0
1 -9.95012 1.1101 0 0 0
2 -21.6349 1.50568 0.00122125 0 0
3 55494.4 -6353.32 10.0514 0.00166533 0
4 -12.8766 1.14434 5.55112e-05 0 0
5 1531.52 -141.922 0.165479 0 0
6 -12.1613 1.14157 0 0 0
7 -10.3014 1.09904 0 0 0
8 217494 -21186.7 26.3028 0.000222045 0
9 -59.2625 4.64286 0 0 0
10 -16.1039 1.28955 0 0 0
11 -18.7955 1.51315 0 0 0
12 -20.8857 1.5971 0.000388578 0 0
13 -23.1685 1.78781 0 0 0
14 -17.2126 0.755736 0.00227596 0 0
15 0.581353 0.0725479 0.00338618 0 0
16 -10.5503 0.99172 5.55112e-05 0 0
17 683.098 -90.944 0.163758 0 0
18 -7.90127 0.837786 0.000277556 0 0
19 -15.4646 1.23469 0 0 0
20 35.8407 -2.95452 0.00410783 0 0
21 -16.7498 1.59246 0 0 0
22 253377 -26258.9 36.0134 0.00194289 0
23 30926.6 -2076.21 0.572709 0.000832667 0
24 48828.2 -6606.09 10.3923 0.00310862 0
25 -93.8434 1.96922 0.0163203 0 0
27 -10.945 1.0421 0 0 0
28 -9.98639 0.804719 0 0 0
29 -9.91331 1.00888 0.000111022 0 0
30 348.385 -33.3954 0.102141 0 0
31 -11.1702 1.14589 0 0 0
32 5.95427 -0.180094 0 0 0
33 2.76129 -0.10495 0 0 0
34 -12.8945 1.51599 0 0 0
35 -2.22322 0.944673 0 0 0
36 45971.8 -4184.81 4.34058 0.000111022 0
37 80.4759 -4.49168 0.00488498 0 0
38 -6.40001 1.12893 0 0 0
39 -2.50367 0.927866 0 0 0
40 2710.97 -228.256 0.177414 0 0
41 544.042 -54.7006 0.0628386 0 0
42 3341.36 -339.015 0.448974 0 0
43 2500 -239.331 0.281886 0 0
44 -3.91601 1.03328 0 0 0
45 -4.79858 1.07906 0 0 0
46 -7.06188 1.05411 0 0 0
47 75438.2 -7470.72 12.0794 0.000222045 0
48 81.4446 -6.70231 0.000166533 0 0
49 -18.7069 2.032 0 0 0
50 -7.33827 1.22072 0 0 0
51 -0.49676 0.855263 0 0 0
52 -5.87784 1.07606 0 0 0
53 80889.2 -9620.11 9.61359 0.0233702 0
54 -2.31371 0.898627 0 0 0
55 -4.63081 1.13328 0 0 0
56 451.095 -36.7244 0.0838218 0 0
57 107.313 -9.19165 0.00965894 0 0
58 658.731 -55.1863 0.0507927 0 0
59 -4.61579 1.03211 0 0 0
60 -3.73989 0.934735 0 0 0
61 -9.63996 0.051442 0.00244249 0 0
62 -3.55444 0.959397 0 0 0
63 -14.338 0.423189 0.00410783 0 0
64 76411.3 -8564.6 8.68516 0.0169309 0
65 78837.6 -8852.01 7.74153 0.0180411 0
66 80154 -9061.99 6.94689 0.0187628 0
67 -8.76071 1.10105 0 0 0
68 1601.58 -177.757 0.188738 0 0
69 -7.40461 1.60266 5.55112e-05 0 0
70 71977.3 -8057.99 8.63248 0.0139888 0
71 -6.28629 1.13897 0 0 0
72 67560.2 -7510.77 9.60215 0.0113243 0
73 -4.39848 1.03083 5.55112e-05 0 0
74 77829.7 -9061.88 9.101 0.019873 0
75 238559 -23235.5 28.4542 0.0004996 0
76 63252.5 -6940.81 9.75775 0.00871525 0
77 -0.83261 0.75492 0 0 0
78 -0.897893 1.08155 5.55112e-05 0 0
79 -1.03672e+06 -3.87727e+07 614.359 0.0140998 0
80 4653.1 -374.249 0.221489 0 0
81 -2.80759 0.936835 0 0 0
82 -2.6761 0.938488 0 0 0
83 134338 -12974 13.0298 0.00144329 0
84 91.2304 -5.38422 0.00638378 0 0
85 63654.3 -6530.48 7.27052 0.00766054 0
86 538.018 -47.8431 0.0491829 0 0
87 50838 -5909.09 9.72961 0.00166533 0
88 13.1691 0.201305 0.000555112 0 0
89 61301 -5729.29 6.26771 0 0
90 595.109 -49.8357 0.0431322 0 0
91 -1.78133 0.94588 0 0 0
92 239576 -25360.7 33.2203 0.00144329 0
93 -25.3622 2.72885 5.55112e-05 0 0
94 -3.7414 1.02789 0 0 0
95 2.25445e+07 -3.70659e+06 8906.66 70.7733 0
