0 1051.47 -108.016 0.171585 0 0
1 53062.7 -4703.21 4.48586 0.000111022 0
2 -2.1339 0.945699 0 0 0
3 12202.9 -1302.93 1.81599 0 0
4 77386 -8530.25 7.73198 0.017264 0
5 82064.4 -10488.4 13.2709 0.0284772 0
6 389082 -32265 9.5835 0.0455747 0
7 3396.57 -296.408 0.294043 0 0
8 76068.7 -6975.38 5.41994 0 0
9 99917.2 -8885.63 9.38988 0.000333067 0
10 -2.75849 1.05359 0 0 0
11 1.46694 0.899014 0 0 0
12 2.6328 0.729352 0 0 0
13 7.61074 -0.810386 0.0136002 0 0
14 -18.2386 0.888683 0.000111022 0 0
15 74021 -8760.97 10.8526 0.0178746 0
16 408825 -40377.2 50.1914 0.0014988 0
17 1.82022 0.906495 0 0 0
18 90145.9 -10469.3 8.75366 0.0288103 0
19 47718 -3947.65 3.94296 0.000444089 0
20 13.1234 -0.140091 0.00094369 0 0
21 1.51469 0.794906 0 0 0
22 1.73806 0.762463 0 0 0
23 -2.39165 0.988103 0 0 0
24 88263.1 -11185 11.206 0.0315303 0
25 1.74235 0.792406 0 0 0
26 101.784 -14.3884 0.027367 0 0
27 923.136 -88.4749 0.0957567 0 0
28 -1.42623 0.866113 0 0 0
29 0.971119 0.826578 0 0 0
30 174.661 -15.0479 0.0265898 0 0
31 55732.2 -7379.06 14.1003 0.00516254 0
32 -0.986838 0.91447 0 0 0
33 1.25208 0.81322 0 0 0
34 -1.81844 0.940816 0 0 0
35 72057.2 -8919.04 11.7513 0.0158762 0
36 0.574301 0.838405 0 0 0
37 -0.559284 0.775356 0 0 0
38 -4.99371 1.03272 0 0 0
39 -10.5317 1.68671 0 0 0
40 83738.1 -9963.02 9.1131 0.0242584 0
41 -9.0073 1.45323 0 0 0
42 15787.6 -1489.06 1.61199 0.000666134 0
43 35.3778 -2.29585 0.00405231 0 0
44 18.258 -0.187097 0 0 0
45 -7.80323 1.26168 0.000333067 0 0
46 7.59637 0.30763 0.000832667 0 0
47 1.92305 0.761003 0 0 0
48 48884.4 -4996.63 6.39222 0.00260902 0
49 -6.79362 1.23704 0 0 0
50 -0.850909 0.838167 0 0 0
51 52.6564 -3.9147 0.00244249 0 0
52 -2.50298 0.935366 0 0 0
53 340.842 -84.7649 0.120681 0 0
54 -0.387021 0.856287 0 0 0
55 142.395 -14.1626 0.0241474 0 0
56 -0.307578 0.828294 0 0 0
57 56824 -6090.12 8.64608 0.00316414 0
58 325601 -34349.7 43.1484 0.00127676 0
59 -10.1042 -3.39953 0.019762 0 0
60 1688.5 -169.532 0.27478 0 0
61 -2.04713 0.97747 0 0 0
62 48129.3 -5791.79 9.76336 0.000388578 0
63 -4457.89 -10167.6 17.1961 0.00527356 0
64 -4.59556 0.937698 0 0 0
65 60871.1 -7521.79 13.7906 0.00660583 0
66 922.196 -82.243 0.0766054 0 0
67 -6.3044 1.05863 0 0 0
68 57090 -5388.63 5.91638 5.55112e-05 0
69 300440 -29848.9 36.7832 0.000999201 0
70 70962.5 -8102.72 11.1823 0.0131006 0
71 -35.8627 3.60488 0 0 0
72 -133213 -2.14596e+07 1329.33 5.29399 0
73 58199.1 -6748.18 10.8027 0.00616174 0
74 -4.31362 1.03987 0 0 0
75 40954.5 -3680.95 2.93032 0.00188738 0
76 -5.72662 1.05346 0 0 0
77 -6.51716 1.04138 0 0 0
78 -10.2912 1.21958 0 0 0
79 -7.54881 1.10621 0 0 0
80 2.45389e+06 -207697 113.291 0.0692779 0
81 292.339 -26.0525 0.0267009 0 0
82 108.297 -6.40258 0.000222045 0 0
83 -4.95782 0.786934 0 0 0
84 32.3575 -1.1837 0.000888178 0 0
85 -14.6105 1.56915 0 0 0
86 -6.73672 1.05744 0 0 0
87 -359.762 23.3604 0.00838218 0 0
88 -8.49602 1.11642 0 0 0
89 57156.5 -10168 15.5755 0.0188183 0
90 -6.46298 1.2102 0 0 0
91 -6.47393 1.08441 0 0 0
92 -5.67646 1.02202 0 0 0
93 -10.0059 1.29556 0 0 0
94 97070 -11532.5 12.6997 0.0454081 0
