0 -48.1643 4.74401 0 0 0
1 64494.1 -6793.9 7.87254 0.0089373 0
2 -4.24698 0.791853 0.000277556 0 0
3 18.511 -1.5846 0.00310862 0 0
4 -40.945 3.78015 0 0 0
5 -6.66744 1.05613 0 0 0
6 -9.29485 1.14138 0 0 0
7 -5.24284 1.001 0 0 0
8 -3.52698 0.976548 0 0 0
9 -5.25176 1.0457 0 0 0
10 -5.20847 0.936707 0 0 0
11 -8.91037 1.10512 0 0 0
12 -3.39114 0.886491 0 0 0
13 77535.6 -7483.37 8.7429 0.000166533 0
14 -7.60222 1.09646 0 0 0
15 -1.97813 0.8217 0.000166533 0 0
16 -33.5755 2.11641 0.000610623 0 0
17 1.27117e+06 -81111.6 8.87412 0.0305866 0
18 -8.88793 1.18686 0 0 0
19 6170.05 -454.978 0.273059 5.55112e-05 0
20 -9.28254 1.17252 5.55112e-05 0 0
21 9123.72 -892.516 0.984546 0 0
22 -43.1077 2.3746 0.0133227 0 0
23 23936.1 -2832.83 4.27314 0.000111022 0
24 423.754 -48.9315 0.0784928 0 0
25 -6.49118 1.06899 0 0 0
26 -6.4294 1.04676 0 0 0
27 -34.3647 2.09386 0.0019984 0 0
28 -31.0305 2.80231 0.00494049 0 0
29 211.836 -19.1279 0.0235367 0 0
30 -41.5823 3.12802 5.55112e-05 0 0
31 -8.05584 1.1125 0 0 0
32 -5.60427 1.18173 5.55112e-05 0 0
33 511887 -44819.6 41.879 0.0019984 0
34 658.031 -59.7718 0.0857647 0 0
35 -4.29438 1.06092 0 0 0
36 16173.2 -1436.65 1.11711 0 0
37 52094 -6236.34 11.8271 0.00111022 0
38 -6.29954 1.05743 0 0 0
39 -116.199 8.11441 0.000222045 0 0
40 -0.513607 0.853363 0 0 0
41 -6.87188 0.250269 0.00310862 0 0
42 78632.4 -9062.58 8.46251 0.0211497 0
43 -3.37711 0.908388 0 0 0
44 -1.97585 0.739431 5.55112e-05 0 0
45 51503.1 -5904.71 9.09789 0.00166533 0
46 37682.2 -3844.61 4.18121 0.000666134 0
47 -4.56569 0.969468 0 0 0
48 -3.4935 0.953542 0 0 0
49 12848.4 -1442.75 1.94966 0.000222045 0
50 22.9427 -2.20181 0.00366374 0 0
51 -6.19989 1.01328 0 0 0
52 -3.01664 0.978783 0 0 0
53 486.025 -40.8708 0.0459077 0 0
54 -42.0228 3.35763 0.000333067 0 0
55 -1.57548 0.673401 0.000277556 0 0
56 -3.48409 0.964777 0 0 0
57 68575.7 -8032.09 12.2254 0.0128231 0
58 -6.38608 1.00578 0 0 0
59 66763.4 -7908.1 12.0685 0.012379 0
60 58541.8 -5290.97 5.97078 0.000832667 0
61 78049.2 -9263.2 9.64445 0.022371 0
62 -5.70584 1.06681 0 0 0
63 20050.5 -1923.35 1.90392 0 0
64 63.0748 -2.90235 0.000388578 0 0
65 19.2619 -1.20018 0.00394129 0 0
66 -7.5293 1.0964 0 0 0
67 -8.83999 1.15869 0 0 0
68 -8.29863 1.10772 0 0 0
69 2627.32 -265.949 0.313027 0 0
70 12.5476 -0.504993 0.00111022 0 0
71 -3.27135 0.621073 0.00555112 0 0
72 -6.6699 1.1115 0 0 0
73 3.15285 0.411496 0 0 0
74 1426.54 -134.162 0.138778 0 0
75 -12.4664 1.49549 0 0 0
76 -4.48889 0.999361 0 0 0
77 98250.7 -11334 7.2875 0.0351386 0
78 -97.8285 4.57182 0.0135447 0 0
79 -10.3527 1.12705 0 0 0
80 51271.7 -6010.89 10.0273 0.00183187 0
81 -174.482 9.6936 0.0213718 0 0
82 -9.69562 1.11964 0 0 0
83 0.362861 0.562686 0.000111022 0 0
84 -3.09293 0.870087 0 0 0
85 68032.3 -7744.03 11.4797 0.0124345 0
86 55.1529 -5.18443 0.0136002 0 0
87 -10.2589 1.14903 0 0 0
88 -5.69307 1.03248 0 0 0
89 -45.9435 6.51974 0.000333067 0 0
90 -7.99007 1.13197 0 0 0
91 -10.1959 1.25345 0 0 0
92 274.696 -29.2625 0.112688 0 0
93 -16.2306 1.47257 0 0 0
94 51088 -3611.38 2.15239 0.00277556 0
