0 -8.19227 1.03108 0 0 0
1 -9.44177 0.994454 0.0004996 0 0
2 -9.39883 1.13231 0 0 0
3 -3.93839 0.966906 0 0 0
4 -8.08802 1.09961 0 0 0
5 6.0893e+06 -488846 269.791 0.000111022 0
6 101901 -9350.04 9.20958 0.000111022 0
7 12857.4 -1116.53 0.855149 0 0
8 -8.21135 1.19536 0 0 0
9 -7.44254 1.09269 0 0 0
10 -8.15205 1.03407 0 0 0
11 1.56507e+06 -118680 18.2496 0.1108 0
12 50108.5 -4722.31 6.52223 0.000111022 0
13 -9.19006 1.14412 0 0 0
14 -21.347 1.69653 0.000166533 0 0
15 49.6593 -4.1522 0.00360822 0 0
16 -6.40544 1.05123 0 0 0
17 -8.32289 1.098 0 0 0
18 -11.2521 1.65203 0 0 0
19 -4.58617 0.244112 0 0 0
20 66719 -7674.75 11.5589 0.0105471 0
21 -41.2026 2.52055 0.00377476 0 0
22 -19.7067 1.90695 0 0 0
23 1.82554e+06 -159976 142.436 0.00105471 0
24 990.259 -102.028 0.192457 0 0
25 86995.3 -10069 8.30264 0.0261458 0
26 -31.9452 2.72492 0.00155431 0 0
27 2721.83 -218.469 0.174583 0 0
28 -11.1912 1.11781 0.000222045 0 0
29 18.2299 -0.700128 0.000999201 0 0
30 -7.93583 1.15028 0 0 0
31 -15.7607 1.43344 0 0 0
32 238.536 -19.9717 0.02226 0 0
33 -3.71625 0.73851 0.000333067 0 0
34 73286.6 -8674.3 9.96558 0.0164868 0
35 -7.0927 1.15005 0 0 0
36 -5.55866 1.14854 0 0 0
37 497.359 -39.7646 0.0218714 0 0
38 784951 -43758.2 0.0116573 0.0112688 0
39 448.869 -41.1034 0.0489053 0 0
40 -6.34058 1.07142 0 0 0
41 37810.9 -2465.23 1.35586 0.00133227 0
42 -5.5194 0.989263 0 0 0
43 6056.96 -543.112 0.452138 0 0
44 -2.88188 0.931237 0 0 0
45 38256.7 -4353.76 5.21627 0.00094369 0
46 2342.54 -230.936 0.276945 0 0
47 7.62074 -0.126673 0.00138778 0 0
48 -8.70666 1.13484 0 0 0
49 -4.52424 0.995093 0 0 0
50 9.07445 -0.362521 0 0 0
51 -2.70658 0.893756 0 0 0
52 -4563.73 -11677.7 19.4032 0.00854872 0
53 1642.34 -168.314 0.175748 0 0
54 74771.5 -8243.75 7.19491 0.0162648 0
55 12769.3 -1244.23 1.34665 0 0
56 -9.11773 1.18316 0.000222045 0 0
57 36.7093 -2.35817 0.00244249 0 0
58 -5.30006 1.01186 0 0 0
59 -5.19369 1.00224 0 0 0
60 -1.8593 0.955739 0.000888178 0 0
61 -3.94503 0.964759 5.55112e-05 0 0
62 4.11297 0.0327172 0 0 0
63 145521 -15642.3 21.0387 0.000444089 0
64 -37.8841 4.04406 5.55112e-05 0 0
65 5.1086 0.247902 0.000610623 0 0
66 -5.0904 0.963718 0 0 0
67 3.18186 0.433253 0 0 0
68 0.48538 0.798276 0 0 0
69 56363.8 -5829.95 7.24998 0.00471845 0
70 -12.8023 2.11492 0.000222045 0 0
71 -6.34138 1.34404 0.000610623 0 0
72 -2.37768 0.865046 0 0 0
73 -22.9498 2.60525 5.55112e-05 0 0
74 1006.66 -85.3323 0.0696665 0 0
75 -16.6758 2.55988 0.000166533 0 0
76 -222.342 10.5785 0.0181521 0 0
77 50796 -5893.39 9.45638 0.00210942 0
78 1.21893 0.658409 0.000111022 0 0
79 -1.55885 0.848149 0 0 0
80 58780.8 -5540.24 4.91135 0 0
81 -12.7384 2.0845 0 0 0
82 2.63198 0.73941 0 0 0
83 -1.21392 0.803553 0 0 0
84 -0.526842 0.785337 0 0 0
85 -3.93201 1.02154 0 0 0
86 -17.095 2.00218 0 0 0
87 25.5502 -0.919413 0 0 0
88 57.4497 -3.24237 0.000610623 0 0
89 52052.6 -5049.14 5.58842 0 0
90 -1.81309 0.827185 0 0 0
91 5.49797 0.379077 0.000277556 0 0
92 71.3883 -6.70518 0.00655032 0 0
93 258846 -23064.2 16.3854 0.000111022 0
94 51640.6 -5674.98 5.83927 0.000666134 0
95 4.85997e+09 -6.94235e+08 38402.2 22471.9 0
