0 2.43571 0.479937 0 0 0
1 36923.1 -4123.97 5.61573 0.000777156 0
2 50467.6 -5612.73 8.17041 0.000610623 0
3 -1.55307 0.635666 0 0 0
4 1.29414 0.406136 0.000111022 0 0
5 -0.176675 0.562347 0 0 0
6 -60.4903 5.80222 0.000388578 0 0
7 507.259 -55.9164 0.094813 0 0
8 33.173 -2.79071 0.0044964 0 0
9 -1.8396 0.714092 0 0 0
10 0.149624 0.597971 0 0 0
11 23920.1 -2497.8 3.12556 0.000888178 0
12 160.6 -16.6762 0.0452971 0 0
13 2.04452 0.407312 5.55112e-05 0 0
14 -1.88292 0.639271 0 0 0
15 54470.1 -6136.69 8.49126 0.000222045 0
16 67087.8 -6900.41 11.1898 0.00682787 0
17 64155.5 -5764.65 6.9566 0.0034972 0
18 10856.2 -1287.57 2.26208 0.000166533 0
19 11155.8 -1385.26 1.47887 0.000721645 0
20 -1.70123 0.645006 0 0 0
21 65.5243 -4.07841 0.00105471 0 0
22 60747.5 -5896.82 7.21256 0.00621725 0
23 33588.7 -3595.83 4.31033 0.000166533 0
24 366.696 -39.0403 0.0515699 0 0
25 -7.48842 1.23221 0 0 0
26 -3.15743 0.606086 0 0 0
27 8.78041 -0.400923 0.00160982 0 0
28 30.1578 -3.08517 0.00888178 0 0
29 -2.25893 0.739983 0 0 0
30 11573.2 -1306.64 1.88305 0.000388578 0
31 84487.5 -8589.61 11.064 0.0238698 0
32 -4.96813 0.745112 0 0 0
33 -4.08863 0.715979 0 0 0
34 -20.7048 1.86677 0 0 0
35 -5.14183 0.722339 0 0 0
36 74784.2 -10722.5 20.8206 0.029643 0
37 41866.3 -4037.35 4.23606 0.000111022 0
38 -41.7765 3.46228 0 0 0
39 -5.04697 0.743001 0 0 0
40 8242.67 -826.235 0.798861 0.000166533 0
41 85314.3 -8386.86 7.18842 0.0252021 0
42 -19.1972 1.65006 0.00172085 0 0
43 -22.6325 2.13469 0 0 0
44 25.0426 -2.1258 0.000444089 0 0
45 125.56 -13.4127 0.019873 0 0
46 60588.8 -8627.16 19.3878 0.0136002 0
47 27.2834 -2.5747 0.00405231 0 0
48 -14.3687 1.04424 0.000444089 0 0
49 6762.49 -701.214 0.765443 5.55112e-05 0
50 2.85873 0.235143 0.000111022 0 0
51 85576.2 -9619.44 14.273 0.000111022 0
52 -5.66018 0.74121 5.55112e-05 0 0
53 41637 -4477.94 5.52214 0.000222045 0
54 9416.12 -1018.76 1.28325 0 0
55 11039.8 -1212.43 1.62487 0 0
56 66168.7 -7803.02 14.9791 0.0106026 0
57 75631.3 -8374.69 17.9526 0.00749401 0
58 -9.13902 1.14026 0 0 0
59 -1.75995 0.414932 5.55112e-05 0 0
60 2009.54 -236.728 0.342226 0 0
61 -5.46478 0.719139 0 0 0
62 -6.82144 0.86123 0 0 0
63 80019.3 -8371.72 14.673 0.0157652 0
