0 85531.2 -9673.99 7.12874 0.0233702 0
1 75265.1 -9123.46 11.2284 0.0175415 0
2 89896.5 -11015.7 10.1872 0.0309197 0
3 427751 -39677.5 44.5065 0.000777156 0
4 -11.7113 1.34725 0 0 0
5 75747.7 -7304.24 7.81863 0.000222045 0
6 -7.49777 1.41044 0 0 0
7 -8.89612 1.13668 0 0 0
8 67137.3 -6427.64 6.28109 0.000166533 0
9 95251.1 -11883.2 10.03 0.0354161 0
10 102.223 -4.98663 0.00494049 0 0
11 -1.43663 0.927587 0 0 0
12 -8.73993 1.06591 5.55112e-05 0 0
13 -6.46761 1.0028 0 0 0
14 -14.9881 1.57346 0 0 0
15 7987.6 -777.016 0.862088 0 0
16 -6.5494 1.02475 0 0 0
17 -16.6587 -0.949075 0.00505151 0 0
18 -5.41046 0.991759 0 0 0
19 -8.91752 1.07362 0 0 0
20 -0.400275 0.73319 5.55112e-05 0 0
21 167.644 -14.4927 0.0177081 0 0
22 -7.17883 1.07298 0 0 0
23 886372 -107155 75.2249 0.0340838 0
24 -10.1386 1.09979 0 0 0
25 5892.46 -574.896 0.623668 0 0
26 -95.7331 7.9064 0 0 0
27 64476.4 -8326.94 15.8901 0.0103806 0
28 24650.8 -2035.61 0.910383 0.000888178 0
29 -1.31911e+06 -1.223e+07 23.7408 20.1613 0
30 26.0757 -1.11844 0 0 0
31 88486.8 -9380.02 12.0758 5.55112e-05 0
32 94989.1 -8849.72 10.5614 0.000222045 0
33 -0.588585 0.284181 0.000666134 0 0
34 -15.5447 1.33435 0 0 0
35 -2.62937 0.347694 0.000721645 0 0
36 54201.2 -6195.33 10.9648 0.00111022 0
37 54.4605 -5.0466 0.00749401 0 0
38 -16.5747 1.3193 0 0 0
39 -16.6305 1.51295 0 0 0
40 82374.4 -7413.65 7.79493 5.55112e-05 0
41 6.40814 0.556232 5.55112e-05 0 0
42 -29.8074 2.34462 0 0 0
43 -17.4609 1.44738 0 0 0
44 -63.8649 4.47379 0.000222045 0 0
45 593494 -52180.4 52.6629 0.00105471 0
46 6.2028 -0.485908 0.00155431 0 0
47 51192.2 -6571.72 11.0891 0.00544009 0
48 -15.1724 1.31436 0 0 0
49 -11.3823 1.04013 0 0 0
50 -6185.23 -10492.5 18.3562 0.00510703 0
51 1033.03 -76.8863 0.0661693 0 0
52 3822.17 -287.167 0.2639 0 0
53 -13.8147 1.21833 0 0 0
54 -13.2693 1.18127 0 0 0
55 38534.5 -3465.16 3.39434 0.000555112 0
56 -16.3958 1.31486 0 0 0
57 -13.5908 1.47052 0.000166533 0 0
58 -18.3346 1.62316 0.000166533 0 0
59 132176 -11855.1 11.2538 0.000388578 0
60 52171.2 -4051.61 2.90906 0.000277556 0
61 -3.66365 0.65331 0.000111022 0 0
62 72914.9 -5960.4 6.96021 0.000610623 0
63 -13.3996 0.768057 5.55112e-05 0 0
64 -22.3481 2.1831 0.0004996 0 0
65 10.016 -0.137085 0.00094369 0 0
66 52680.4 -6076.9 9.446 0.00172085 0
67 47831.6 -5328.8 6.7798 0.000832667 0
68 96.5205 -5.93874 0.00333067 0 0
69 -10.6294 1.20453 0 0 0
70 3.3259 0.338088 0.000277556 0 0
71 -11.0626 1.15436 0 0 0
72 16.7128 -1.03295 5.55112e-05 0 0
73 -11.0629 1.11766 0 0 0
74 -9.35947 1.1024 0 0 0
75 1.40902e+06 -111858 24.7611 0.0888734 0
76 38204.1 -3423.49 3.44708 0.000111022 0
77 53819.6 -6757.96 12.7734 0.00244249 0
78 14.1058 -0.384475 0 0 0
79 -8.89062 1.03546 0 0 0
80 318065 -27847 26.1051 0.00355271 0
81 33446.9 -3112.65 2.92882 0 0
82 30207.7 -2624.64 2.98128 0 0
83 1.19639e+06 -82528.8 0.059952 0.0245359 0
84 -10.1076 1.17712 0 0 0
85 -9.61599 1.07313 0 0 0
86 62885.2 -6872.56 10.2113 0.00582867 0
87 -12.7451 0.61383 0 0 0
88 5.36981 -1.51122 0.00749401 0 0
89 69290.9 -7965.8 9.92129 0.0118239 0
90 -8.04517 1.15315 0 0 0
91 -10.1961 1.12589 0 0 0
92 14533.3 -1524.55 1.93107 0.000111022 0
93 -10.2193 1.14092 0 0 0
94 -9.59005 1.08178 0 0 0
