0 58440.3 -6236.98 8.55088 0.00471845 0
1 -25.7395 5.11553 0.0225375 0 0
2 -17.6745 1.73212 0 0 0
3 1.44703e+06 -116378 1.58096 0.19712 0
4 189965 -20069.1 26.7817 0.000832667 0
5 -10.326 1.13618 0 0 0
6 77228.6 -9399.4 11.9704 0.0208167 0
7 67746.8 -6608.99 7.35439 0.000555112 0
8 -97.6915 -2.78869 0.029976 0 0
9 -10.0011 1.08723 0 0 0
10 779.799 -72.0164 0.103251 0 0
11 -9.55687 0.870093 5.55112e-05 0 0
12 880758 -85853.4 100.915 0.00466294 0
13 -9.98625 1.13699 0 0 0
14 -17.1341 1.39107 0 0 0
15 79303.8 -10164.8 12.3977 0.0257017 0
16 -70.3759 -3.52293 0.0426326 0 0
17 1135.91 -94.6198 0.0907607 0 0
18 -1.07064e+06 -2.71869e+07 3504.54 2.81974 0
19 93880.4 -12142.7 12.995 0.0402456 0
20 -8.35543 1.08905 0 0 0
21 1.00425e+06 -88773.2 89.6399 0.00116573 0
22 82.3859 -12.2234 0.0531242 0 0
23 -6.73259 0.760249 0.000444089 0 0
24 92067.9 -9779.61 11.749 0.00138778 0
25 86745.2 -7428.87 5.44642 0 0
26 114241 -13950.9 7.84606 0.0529576 0
27 -10.7161 1.16301 0 0 0
28 -11.5795 0.948695 0.00172085 0 0
29 -8.93544 1.12494 0 0 0
30 13950.1 -1201.26 0.770717 0 0
31 -10.6648 1.12438 0 0 0
32 -5.30607 0.882553 0.0004996 0 0
33 26576.2 -2630.12 3.72435 0.000721645 0
34 -6.42515 1.03367 0 0 0
35 -5.8138 1.02482 0 0 0
36 -66.896 3.04955 0.00716094 0 0
37 40408.7 -3868.03 4.57934 0.000166533 0
38 -10.758 1.15563 0 0 0
39 76263.4 -9338.54 10.6337 0.0188738 0
40 -25.2562 2.35189 0 0 0
41 -6.9759 1.09909 0 0 0
42 -1.92048 0.674257 0.000333067 0 0
43 150.964 -8.38224 0.00427436 0 0
44 -5.10033 0.855682 0.000111022 0 0
45 -8.12159 1.13073 0 0 0
46 -10.0003 0.933163 0 0 0
47 2.39859e+06 -207288 186.492 0.0160427 0
48 -12.0567 1.28995 0 0 0
49 -4.7749 0.983886 0 0 0
50 -25.6528 2.40738 0 0 0
51 23784.7 -2364.11 2.73515 5.55112e-05 0
52 -13.1125 1.43046 0 0 0
53 90819.6 -10489.3 7.31448 0.027256 0
54 -40.6783 2.68982 0.0014988 0 0
55 85244.7 -10355.7 9.39715 0.0264788 0
56 -7.24138 1.10048 0 0 0
57 95669.7 -8758.59 9.22101 0.000777156 0
58 14983.2 -1401.56 1.4635 0 0
59 481.576 -57.1213 0.0967004 0 0
60 73.6567 -8.94643 0.017597 0 0
61 -6.57947 1.03788 0 0 0
62 61.6437 -13.2371 0.0536238 0 0
63 25.5723 -1.48545 0 0 0
64 136791 -12691.1 13.787 0.000111022 0
65 -9.86329 1.19639 0 0 0
66 -26.3955 2.32955 0.000444089 0 0
67 -26.034 2.70897 0 0 0
68 -7.51084 1.09256 0 0 0
69 -6.28998 1.04053 0 0 0
70 -13.1456 1.39385 0 0 0
71 -7.29069 1.03667 0 0 0
72 -9.8487 1.09192 0 0 0
73 -43.911 3.45784 0.000222045 0 0
74 0.566671 -0.274281 5.55112e-05 0 0
75 -10.3659 1.21958 0 0 0
76 -4.32157 1.00357 0 0 0
77 -6.80475 0.987322 0 0 0
78 60450.8 -6040.84 6.16041 0.00627276 0
79 74920.5 -9360.12 11.6897 0.0197065 0
80 1704.8 -169.833 0.213052 0 0
81 -7.45106 1.04344 0 0 0
82 -7.46216 1.02768 0 0 0
83 1.9205 0.323954 0 0 0
84 -22.5298 2.3232 0 0 0
85 55760.7 -4817.07 3.5606 0.00172085 0
86 -9.3183 1.22824 0 0 0
87 156062 -16058.2 21.2871 0.00122125 0
88 -6.83876 1.20666 0 0 0
89 87.6224 -29.3256 0.0874856 0 0
90 9357.12 -894.823 0.922318 0 0
91 -38.3751 2.62793 0.00122125 0 0
92 19420.6 -1916.11 2.29455 0 0
93 -4.88779 0.973082 0 0 0
94 149995 -14849 18.5102 0.000277556 0
95 -3.0255e+09 -6.82484e+08 315893 693962 0
