0 -35.5002 2.84897 0.000111022 0 0
1 1.88504 0.483264 0 0 0
2 1.26353 0.504831 0 0 0
3 -3.37926 0.968786 0 0 0
4 65329.2 -7446.77 16.8118 0.00160982 0
5 -3.98756 0.694213 0 0 0
6 62658.8 -6038.15 8.14349 0.00638378 0
7 149112 -16066.5 20.0293 0.00338618 0
8 -4.80076 0.844307 0 0 0
9 -2.38909 0.712481 0 0 0
10 -14014.8 -24606.6 96.5665 0.0429656 0
11 4632.63 -582.301 1.21347 0.000111022 0
12 104674 -10722.9 13.5308 0.0437428 0
13 -26.2782 2.83232 0.00183187 0 0
14 2.70039e+06 -276501 266.886 0.0326406 0
15 29268.9 -3398.77 5.49294 0.000111022 0
16 856.524 -89.4824 0.0969225 0 0
17 43390.1 -5105.76 8.6201 0.000610623 0
18 58613.8 -6437.16 11.1075 0.00444089 0
19 -44.6727 4.60317 0.000277556 0 0
20 -2.61258 0.65334 0 0 0
21 0.563146 0.430572 0.000111022 0 0
22 3.56423 0.403368 0 0 0
23 2.44597 0.431064 0 0 0
24 -0.871695 0.757517 0 0 0
25 -0.801251 0.658737 5.55112e-05 0 0
26 2.17368e+06 -205167 88.0861 0.0893174 0
27 7.0573 -0.116493 5.55112e-05 0 0
28 7.82362 -0.345312 0.000832667 0 0
29 572.565 -64.7225 0.110634 0 0
30 1.54202e+06 -159286 143.295 0 0
31 87494.1 -8981.28 9.88104 0.034861 0
32 -31.713 3.25625 0.00238698 0 0
33 55861.9 -7315.78 14.1009 0.00766054 0
34 2901.05 -289.488 0.334233 0 0
35 -33.3354 3.29497 0 0 0
36 32.8537 -5.49782 0.0470735 0 0
37 -3.95078 0.738286 5.55112e-05 0 0
38 -2.27787e+06 -4.60745e+07 11497.8 72.165 0
39 2.17672e+06 -220789 197.939 0.0609512 0
40 -8.6818 1.01775 0 0 0
41 4959.44 -517.1 0.695444 0 0
42 -5.76375 0.777754 0 0 0
43 17463.9 -1902.06 2.63173 0 0
44 -0.19267 0.503956 0 0 0
45 1573.44 -165.248 0.184019 0 0
46 4317.42 -420.821 0.606459 0 0
47 48698.3 -4867.91 6.90858 0.00255351 0
48 -5.88584 0.75238 0 0 0
49 -2.80554 0.651985 5.55112e-05 0 0
50 -5.75283 0.889765 0 0 0
51 -8.17832 1.31864 0.000111022 0 0
52 108103 -10278.7 19.011 0.00610623 0
53 96.3816 -5.23816 5.55112e-05 0 0
54 -3.89029 0.58134 5.55112e-05 0 0
55 -6.90155 0.840355 0 0 0
56 34861 -3464.67 4.36773 0.0004996 0
57 537.279 -54.9163 0.0476841 0 0
58 -7.07896 0.864183 0 0 0
59 -0.889717 0.486192 0 0 0
60 79.593 -7.78448 0.00771605 0 0
61 -4.76665 0.658864 0 0 0
62 23.4412 -4.12559 0.0323075 0 0
63 59266.1 -5624.46 4.41164 0.00260902 0
