0 -0.946179 0.628011 0 0 0
1 59574.4 -9123.36 25.8035 0.00788258 0
2 44832.1 -4401.52 4.84579 0.000111022 0
3 5.26681 0.142316 0 0 0
4 54402.1 -8376.23 24.4321 0.00582867 0
5 1.93337e+06 -183609 118.389 0.104527 0
6 4039.38 -441.116 0.632494 0 0
7 27165.6 -2914.87 3.99436 5.55112e-05 0
8 -0.338337 0.539864 0 0 0
9 12201.6 -1285.71 1.9143 0.000111022 0
10 6094.65 -710.849 1.28303 5.55112e-05 0
11 1355.39 -139.683 0.150047 0 0
12 -2.08201 0.645348 5.55112e-05 0 0
13 3.04312 0.366449 0.000277556 0 0
14 56286.3 -8805.42 26.5579 0.00577316 0
15 3.79656 0.388168 0 0 0
16 58908.3 -6889.35 11.5124 5.55112e-05 0
17 9.09168 -0.0257821 0.000444089 0 0
18 47506.6 -4763.72 8.0842 0.000388578 0
19 201.138 -19.8836 0.017486 0 0
20 130215 -14144.8 18.213 0 0
21 2338 -243.387 0.242029 0 0
22 2.71384 0.293951 0.000388578 0 0
23 63.4153 -4.2814 0.0014988 0 0
24 434.675 -47.6441 0.0769385 0 0
25 202.944 -21.1253 0.00704992 0 0
26 4.22802 0.319041 0 0 0
27 -0.689115 0.549195 0 0 0
28 -1.87005 0.6213 0 0 0
29 2.53072 0.42634 0 0 0
30 12215.8 -1235.51 1.70125 0.000333067 0
31 15949.6 -1792.98 2.75779 0.0004996 0
32 70305.6 -7697.83 11.259 0.000444089 0
33 -7.62151 0.764495 0.00105471 0 0
34 20011.6 -2662.69 3.91326 0.00177636 0
35 1519.69 -162.362 0.22049 0 0
36 -2.05378 0.622299 0 0 0
37 3.11921 0.433364 0 0 0
38 -3.02592 0.67429 0 0 0
39 7081.86 -726.122 0.790534 0 0
40 92.5287 -8.79706 0.0146549 0 0
41 -1.38261 0.59921 0 0 0
42 64005.5 -6226.04 8.75922 0.00521805 0
43 56469.4 -8646.12 24.0009 0.0112133 0
44 -4.49933 0.704579 0 0 0
45 70831 -7754.22 12.6776 0.0131561 0
46 -1.02759 0.772022 0 0 0
47 174.395 -23.6018 0.0726641 0 0
48 50.8209 -3.24265 0.00693889 0 0
49 -3.44458 0.672834 0 0 0
50 534.806 -55.5739 0.0678901 0 0
51 -4.45857 0.692372 0 0 0
52 64536.3 -6358.03 8.14332 0.00799361 0
53 7711.92 -800.16 0.845213 0 0
54 12900 -1442.82 2.18542 0 0
55 -5.27868 0.746021 0 0 0
56 -6.05849e+06 -5.35498e+07 10931.9 38.6812 0
57 53021.8 -4990.79 4.09134 5.55112e-05 0
58 -2.67817 0.649466 0 0 0
59 -4.30454 0.590872 0.000333067 0 0
60 21754.4 -2429.4 3.4881 0.00133227 0
61 108180 -11141.7 24.8621 0.00899281 0
62 -0.373377 0.529168 0 0 0
63 85209.7 -8581.69 10.9999 0.0242029 0
