0 80414.6 -9632.17 10.5435 0.0219269 0
1 2.59949e+06 -182548 0.263622 0.161648 0
2 59855.6 -6694.82 9.64712 0.00516254 0
3 -10.4644 1.10269 0 0 0
4 -15.0033 -10.6545 0.0360822 0 0
5 -9.67248 1.12029 0 0 0
6 -9.46561 1.16737 0 0 0
7 -8.4717 1.09434 0 0 0
8 665.847 -70.7339 0.0990319 0 0
9 185346 -17991.7 21.6556 5.55112e-05 0
10 72698.1 -7771.52 6.97781 0.0120459 0
11 -11.768 1.3181 0 0 0
12 -9.30124 1.05494 0 0 0
13 -9.21379 1.18223 0 0 0
14 7.99199 -0.0599346 5.55112e-05 0 0
15 2011.63 -189.183 0.206779 0 0
16 -8.84376 0.960105 0 0 0
17 71807.8 -7301.99 8.09464 0.000333067 0
18 -6.7866 0.972537 0.000111022 0 0
19 75481.7 -8791.16 9.56363 0.0185407 0
20 -10.7586 1.18009 0 0 0
21 53101.7 -6355.83 10.8169 0.00183187 0
22 86892.5 -10048.6 9.09445 0.0262568 0
23 125710 -11831.5 12.9763 0.00216493 0
24 -7.39598 1.18706 0 0 0
25 -11.6546 1.17544 0 0 0
26 64872.1 -6446.83 7.16632 0.00760503 0
27 2.69419 -0.195125 0.00205391 0 0
28 -7.88157 1.03337 0 0 0
29 63245.9 -6779.72 9.05831 0.00716094 0
30 -494522 -1.45284e+07 38.073 18.6257 0
31 12.0547 -0.31987 0 0 0
32 59876.9 -10422.4 18.3918 0.0195954 0
33 61621.5 -10778.6 13.6888 0.0218714 0
34 9.61584 0.491719 5.55112e-05 0 0
35 45628.6 -4268.86 3.97882 0.0004996 0
36 4.70095 0.763436 0 0 0
37 9.77473 0.563582 0 0 0
38 -9.32636 -2.84859 0.025091 0 0
39 7011.34 -720.095 0.871914 0 0
40 50268.4 -7727.29 13.1768 0.00677236 0
41 2.65697 0.911307 0 0 0
42 108927 -9863.35 8.17774 0.00238698 0
43 183.08 -13.0285 0.0446865 0 0
44 22.8131 -0.68656 0.00155431 0 0
45 9339.64 -927.812 0.977107 5.55112e-05 0
46 7.21459 0.593727 0 0 0
47 -5.88673 1.53011 0 0 0
48 5.38129 0.722312 0 0 0
49 13.048 0.312339 0 0 0
50 5.68096 0.504017 0 0 0
51 535.569 -61.6449 0.116129 0 0
52 17.5332 -0.370569 0.000999201 0 0
53 2.11143 0.805222 0 0 0
54 76078.9 -6512.22 5.31508 0.000333067 0
55 -0.207576 0.940406 0 0 0
56 7297.64 -668.891 0.542788 0 0
57 63201.9 -6853.83 10.7893 0.000111022 0
58 3.59388 0.715452 0 0 0
59 307662 -31748.9 39.9134 0.00127676 0
60 -140.072 9.82046 0.0111577 0 0
61 2.07832 0.777383 0 0 0
62 4.46186 0.490154 0.000444089 0 0
63 49.2793 -2.12599 0.00466294 0 0
64 1.33055 0.746531 0 0 0
65 65168.5 -5572.32 3.96816 0 0
66 -9.2871 1.34754 0 0 0
67 213.447 -17.3208 0.0133782 0 0
68 136.222 -11.8346 0.0107137 0 0
69 0.796673 0.777546 0 0 0
70 -3.09283 0.967775 0 0 0
71 1.51306 0.727053 0.000111022 0 0
72 90969.6 -8018.81 6.97808 0.00238698 0
73 -4.89988 1.16844 0 0 0
74 33408.9 -3351.39 4.23472 5.55112e-05 0
75 1277.79 -120.113 0.147549 0 0
76 2.11651 0.482394 0.000444089 0 0
77 6.64188 -0.183545 0.00122125 0 0
78 -0.24047 0.806642 0 0 0
79 -0.403169 0.81634 0 0 0
80 -3.613 0.978924 0 0 0
81 40511 -4037.53 3.58719 0 0
82 -4.64971 0.969804 0 0 0
83 53792.5 -4918.91 5.60668 0.000777156 0
84 1.80962e+06 -141075 4.89109 0.148659 0
85 -2.15183 0.958034 0 0 0
86 33502.4 -3218.52 3.83676 5.55112e-05 0
87 100466 -10163.3 14.1344 0.000333067 0
88 2.80705e+06 -222531 49.0971 0.246636 0
89 -6.35902 1.3631 5.55112e-05 0 0
90 9754.67 -1003.74 1.22652 0 0
91 58365.9 -10443.8 14.2953 0.0208167 0
92 96282.1 -9911.6 13.6875 0.000444089 0
93 -1.0304 0.853618 0 0 0
94 123892 -13040.2 16.6812 0.000166533 0
95 0 0 0 0 0
