0 53693.3 -6955.52 12.4356 0.00521805 0
1 530.288 -43.5168 0.0537903 0 0
2 -204.222 14.4735 0.00105471 0 0
3 -3.95463 0.977249 0 0 0
4 4007.28 -417.805 0.545175 0 0
5 -1.93888 0.893787 0 0 0
6 55319.2 -9416.84 13.8787 0.0156541 0
7 -3.41195 0.92135 0 0 0
8 1367.9 -111.31 0.160705 0 0
9 2.49813 0.647046 0 0 0
10 140.817 -14.8837 0.0254241 0 0
11 -2.74353 1.05079 0 0 0
12 78771.5 -9628.93 13.8412 0.0244249 0
13 64046.6 -5488.51 4.23134 0.00260902 0
14 54.7985 -5.39765 0.00888178 0 0
15 24.1432 -1.90811 0.00410783 0 0
16 39144.8 -2688.18 1.39078 0.00122125 0
17 -2.43854 0.852371 0 0 0
18 -1.94522 0.865094 0 0 0
19 84222.9 -12010.3 17.6797 0.0393019 0
20 75893.6 -8841.39 11.1048 0.0183742 0
21 935.533 -87.1963 0.115075 0 0
22 152.538 -14.8233 0.0204281 0 0
23 142866 -14800.9 17.1358 0.00421885 0
24 -67.8945 4.41292 0.00716094 0 0
25 -3.08463 0.921648 0 0 0
26 69214.8 -8120.56 11.4049 0.0127676 0
27 -1.0189 0.915082 5.55112e-05 0 0
28 1150.44 -90.9587 0.123734 0 0
29 74289 -8487.04 9.98018 0.0160982 0
30 6883.13 -667.711 0.761058 0 0
31 -1.21673 0.844739 0 0 0
32 -4.48112 0.945381 0 0 0
33 -10.5599 1.30779 0 0 0
34 13575.1 -1586.19 2.30721 0.000166533 0
35 -4.01656 1.02508 0 0 0
36 -5.9297 1.01114 5.55112e-05 0 0
37 -18.5815 1.95029 0 0 0
38 -14.6218 1.52236 0.00094369 0 0
39 -18.2753 1.83075 0 0 0
40 2601.28 -366.233 0.58975 5.55112e-05 0
41 62364.8 -7348.77 11.6873 0.00671685 0
42 -12.4816 1.54625 0 0 0
43 22.9017 -1.73656 0.00632827 0 0
44 -7.51969 0.935458 0 0 0
45 53145.5 -6388.76 11.7052 0.000777156 0
46 67108.9 -6246.76 7.25653 0.00183187 0
47 -5.80293 1.09707 0 0 0
48 -5.32271 1.00446 0 0 0
49 95.4103 -9.73853 0.0129896 0 0
50 -6.42482 1.08529 0 0 0
51 497.269 -48.6236 0.062339 0 0
52 -4.74654 0.970803 0 0 0
53 -11.2083 1.25883 0 0 0
54 2.35715 -0.0442391 0.00194289 0 0
55 -9.8727 1.30991 0 0 0
56 12677.9 -1575.57 2.54352 0.000333067 0
57 1545.46 -186.887 0.177858 0 0
58 -2.69068 0.911125 0 0 0
59 6033.63 -627.047 0.730194 0 0
60 -7.9523 0.992848 0 0 0
61 48039.2 -3979.79 4.98313 0.000777156 0
62 -7.77324 1.16862 0 0 0
63 -9.34744 1.10589 0 0 0
64 0.54159 0.961349 5.55112e-05 0 0
65 44271.4 -4196.64 5.67596 0.000111022 0
66 2.07423e+06 -184548 153.886 0.00194289 0
67 -2.15163 0.96456 0 0 0
68 -4438.15 -12538 22.602 0.00976996 0
69 -1.19042 0.93804 0 0 0
70 1.36313 0.864533 0 0 0
71 0.675326 0.874789 0 0 0
72 3516.85 -188.174 0.0627831 0.000222045 0
73 -0.0578561 0.993926 0 0 0
74 51753.6 -6281.73 10.5777 0.00305311 0
75 -251.594 15.8454 0.0295319 0 0
76 -15.0483 1.77988 0.000333067 0 0
77 -2.55225 0.967858 0 0 0
78 62317.5 -7230.18 11.8487 0.00643929 0
79 -0.351412 0.740486 0.00244249 0 0
80 -1.5964 0.905414 0 0 0
81 -3.41662 1.18263 0 0 0
82 72652.7 -8303.3 10.2374 0.0151545 0
83 2311.4 -238.177 0.293821 0 0
84 86372.7 -11265.6 14.0968 0.0353051 0
85 2.72338 0.756037 0 0 0
86 0.224915 0.879677 0 0 0
87 -17.2906 2.34721 0 0 0
88 4.80673 0.224075 0.000222045 0 0
89 4913.93 -643.305 0.814127 5.55112e-05 0
90 391.487 -37.8509 0.0458522 0 0
91 295515 -30907.5 39.3185 0.000388578 0
92 -1.42918 1.58453 0.000166533 0 0
93 73632.3 -8743.09 12.3137 0.0155986 0
94 -24.2286 2.71242 0 0 0
95 -13378.8 -68862.1 312.761 3.2967 0
