0 -11.0206 1.75956 0 0 0
1 59.5654 -2.11945 0 0 0
2 -8.1124 2.55804 0 0 0
3 -0.0114629 1.00225 0 0 0
4 65.2713 -5.88933 0.00816014 0 0
5 636540 -53053.4 35.5352 0 0
6 4.97262 0.666439 0 0 0
7 86605.1 -10290.1 8.81811 0.0262568 0
8 1439.87 -91.8406 0.0877631 0 0
9 -1.18813 0.919884 0 0 0
10 0.365029 0.867904 0 0 0
11 82110.5 -9559.03 8.4176 0.0201505 0
12 -6.84322 1.21937 0 0 0
13 -1.65139 1.01595 0 0 0
14 44439.5 -4946.54 5.70388 0.000555112 0
15 53746.6 -6384.52 10.8841 0.00188738 0
16 2.2314 0.771254 0 0 0
17 8.59186 0.300252 0.000444089 0 0
18 1204.49 -123.77 0.173583 0 0
19 84246.4 -9910.56 10.3318 0.0248135 0
20 1.19338 0.77447 0 0 0
21 -0.556238 0.875459 0 0 0
22 0.180205 0.987689 0 0 0
23 3.68809 0.651105 0 0 0
24 -516344 -3.93456e+07 436.374 0.0535683 0
25 36634.9 -4517.17 5.68173 0.00133227 0
26 53954.3 -4864.16 4.52066 0.000277556 0
27 9.99896 0.232842 5.55112e-05 0 0
28 3.13935 0.475326 0.000333067 0 0
29 -3.21262 0.983043 0 0 0
30 1.6414 0.73109 0 0 0
31 974.005 -98.9606 0.122291 0 0
32 100539 -9864.62 12.3304 5.55112e-05 0
33 7.30746 -0.19917 0.00144329 0 0
34 64747.4 -7085.65 10.251 0.00921485 0
35 71993.3 -9710.96 15.3678 0.0180411 0
36 9416.07 -942.002 1.07253 0 0
37 -0.851517 0.869044 0 0 0
38 20.8398 -1.32459 0.000111022 0 0
39 76115 -8967.74 9.8655 0.0188183 0
40 3.50811 0.68556 0 0 0
41 54.5352 -3.90879 0.0102696 0 0
42 -7.04134 1.31032 0.000777156 0 0
43 4266.21 -409.068 0.460021 0 0
44 16.1092 -2.08325 0 0 0
45 67497.4 -6853.67 7.25697 0.00849321 0
46 58230.5 -5538.97 6.76359 0.000166533 0
47 258.666 -26.319 0.042466 0 0
48 1.26058 0.765629 0 0 0
49 83362.7 -9614.65 9.1589 0.0233702 0
50 60254.1 -6764.77 10.356 0.00510703 0
51 1.24417e+06 -108480 56.5472 0.0203171 0
52 68885.2 -7838.9 9.01368 0.0118794 0
53 0.38493 0.82576 0 0 0
54 16151.5 -1350.88 1.20498 0 0
55 504954 -41777.4 10.8148 0.0526246 0
56 2377.19 -240.331 0.262956 0 0
57 2.84951 0.713053 0 0 0
58 -147.196 9.32387 0.000555112 0 0
59 1.76055e+09 -1.35547e+08 17.2368 95.7447 0
60 80003.4 -9563.43 9.59938 0.0228151 0
61 3.73601 0.652534 0 0 0
62 26518 -2627.56 3.20471 0.000222045 0
63 451.297 -37.5438 0.0304756 0 0
64 31.7961 -2.15837 0.00416334 0 0
65 2.62348 0.664378 0.000111022 0 0
66 -2.90027 0.977249 0 0 0
67 1.44518 0.758258 0 0 0
68 -1.21845 0.821803 0 0 0
69 3.45407 0.527629 5.55112e-05 0 0
70 -21.9532 2.65709 0.000111022 0 0
71 246.287 -22.2129 0.0207057 0 0
72 -0.81861 0.903212 0 0 0
73 -129.919 8.57181 0.00471845 0 0
74 59062.6 -6509.67 9.26814 0.00532907 0
75 4.27883 0.682888 0 0 0
76 -16.4551 2.05603 5.55112e-05 0 0
77 9487.13 -945.236 0.918321 0 0
78 52393.8 -5264.37 6.08669 0.0029976 0
79 3.16433 0.68346 0 0 0
80 149.671 -9.34043 0.00671685 0 0
81 0.54751 0.732391 0 0 0
82 -4.90914 1.422 0 0 0
83 57974.9 -5241.18 6.37856 0.00105471 0
84 0.0342175 0.802602 0 0 0
85 2103 -205.07 0.235201 0 0
86 4.91974 0.606624 0 0 0
87 0.749117 0.81511 0 0 0
88 383847 -38230 45.3076 0 0
89 1.00146 0.667399 0.000166533 0 0
90 -43.3434 2.44035 0.00227596 0 0
91 3511.09 -370.53 0.485834 0 0
92 -1.82145 0.920806 0.000388578 0 0
93 -3.65502 0.939459 0 0 0
94 6.17261 0.48387 5.55112e-05 0 0
95 1.63132e+06 -260425 977.29 0.00666134 0
