0 -9.87699 1.36702 0 0 0
1 102504 -10489.1 14.9751 0.0289768 0
2 1.91225 0.717317 0 0 0
3 -11.409 -2.81452 0.0357492 0 0
4 2.28377 0.473779 0 0 0
5 73157.6 -11077.1 26.995 0.0278111 0
6 13.1388 -0.730754 0 0 0
7 7.31945 -0.101314 0 0 0
8 -0.354962 0.538973 0 0 0
9 1.15931 0.50165 0 0 0
10 -2.35393 0.606173 0 0 0
11 -1.93121 0.729176 0 0 0
12 0.34607 0.655904 0 0 0
13 -4.6241 0.740263 0 0 0
14 105113 -10440.5 12.0571 0.0370814 0
15 14.4899 -0.655077 0.00116573 0 0
16 -2.75876 0.603782 0 0 0
17 70996.7 -8781.86 25.0053 0.00505151 0
18 -0.820488 0.558402 0 0 0
19 379.622 -36.1587 0.0543454 0 0
20 41546.1 -4377.11 5.10314 5.55112e-05 0
21 7591.79 -893.197 1.50413 0.000222045 0
22 96.3836 -11.8007 0.0336953 0 0
23 0.308098 0.485125 0 0 0
24 19912.3 -2140.34 2.88719 0 0
25 -117.842 11.0707 0.00255351 0 0
26 -2.14399 0.599792 0 0 0
27 1553.21 -190.341 0.418443 0 0
28 2.19653 0.417634 0 0 0
29 -13.1584 1.79101 0 0 0
30 0.19557 0.532395 0 0 0
31 0.236009 0.600934 0 0 0
32 64466.8 -5925.21 7.3066 0.00516254 0
33 5552.83 -606.015 1.10839 0 0
34 -1870.12 140.973 0.129508 0.000388578 0
35 62425.4 -5843.69 4.43307 0.00865974 0
36 -1.14816 0.599376 0 0 0
37 92722.3 -9282.23 5.64887 0.0378586 0
38 2.26599e+06 -197125 6.6655 0.166867 0
39 62054.1 -5932.68 4.65944 0.00294209 0
40 159321 -14543.3 17.0574 0.0482947 0
41 132428 -13256.7 8.00149 0.0865419 0
42 0.574926 0.468736 5.55112e-05 0 0
43 1.7897 0.410019 0.000444089 0 0
44 -1.55738 0.712139 0 0 0
45 64157.1 -6656.72 12.1275 0.00177636 0
46 1.87205 0.193094 0.00133227 0 0
47 743.01 -148.572 0.504152 5.55112e-05 0
48 125420 -12777.8 13.826 0.00510703 0
49 106642 -11182.1 9.90602 0.0588973 0
50 50121.8 -5536.56 6.72318 0.0014988 0
51 36.6132 -2.21645 0.00155431 0 0
52 5.07151 0.333393 0 0 0
53 10.7622 -0.516507 0.000610623 0 0
54 -0.129674 0.536936 0.000111022 0 0
55 9.47653 -0.50537 0.00172085 0 0
56 111382 -11371.5 9.17888 0.0632272 0
57 2.79961 0.335455 0 0 0
58 0.803174 0.500908 0 0 0
59 79781.7 -8428.63 13.4906 0.0179856 0
60 136968 -13729.9 17.9472 0.0594524 0
61 -1.10414 0.621857 0 0 0
62 2440.23 -234.077 0.13145 0 0
63 17816.9 -1986.38 3.02547 0 0
