0 3.3167 0.214123 0 0 0
1 0.878088 0.51017 0 0 0
2 1387.15 -155.398 0.261346 0 0
3 4446.05 -495.676 0.78948 0 0
4 0.564891 0.0941315 0.00172085 0 0
5 76011.9 -7281.89 5.49244 0.0193179 0
6 26046.4 -2638.3 2.38648 0.00111022 0
7 71222.8 -7666.12 14.09 0.0102696 0
8 1909.05 -200.725 0.23731 0 0
9 23789.9 -2364.55 1.9153 0.000444089 0
10 3.18139 0.379018 0 0 0
11 13.9976 -1.13067 0.000222045 0 0
12 2.13598 0.427639 0 0 0
13 -1.77717 0.57261 0 0 0
14 38396.7 -3318.48 3.29009 0.00144329 0
15 96928.7 -9791.71 10.4783 0.000666134 0
16 42109.7 -4741.04 7.48901 0 0
17 -0.963031 0.548219 5.55112e-05 0 0
18 417374 -46482.6 69.6188 0 0
19 -2.89811 0.700231 0 0 0
20 -2.87378 0.635623 5.55112e-05 0 0
21 72431.2 -7887.86 11.0316 0 0
22 121403 -12775.2 12.4589 0.000166533 0
23 14301.8 -1458.76 1.69914 0 0
24 -2.63501 0.5907 0 0 0
25 657.195 -75.8995 0.16831 0 0
26 5.34467 -0.32235 0.00105471 0 0
27 -4.40325 0.654593 0 0 0
28 -1.43274 0.518342 0 0 0
29 -0.812715 0.560508 0 0 0
30 517.048 -59.3145 0.10747 0 0
31 121169 -12508.5 10.742 0.00666134 0
32 42169.1 -4304.23 5.29254 0.000222045 0
33 1.07866 0.523651 0 0 0
34 4.19439 0.310241 0.000166533 0 0
35 992.682 -109.735 0.163813 0 0
36 56299.3 -6196.21 7.92699 0.000222045 0
37 5943.63 -639.769 0.893063 0 0
38 2.1431e+06 -187472 3.55832 0.223377 0
39 0.349537 0.560061 0 0 0
40 2.02664e+06 -193349 63.0154 0.225042 0
41 2314.88 -234.056 0.224987 0 0
42 10522.5 -1106.03 1.21886 0 0
43 -1.57377 0.793773 0 0 0
44 78235 -7621.59 7.98167 0.017486 0
45 37264.1 -3999.7 5.20706 0 0
46 2.84817 0.34594 0.000166533 0 0
47 1.5257e+06 -137668 1.70619 0.186684 0
48 11895.2 -1297.5 2.10071 5.55112e-05 0
49 3.13721 0.448245 5.55112e-05 0 0
50 0.244465 0.540074 0 0 0
51 1.70022 0.401196 0 0 0
52 32766.3 -3299.42 2.93071 0.000555112 0
53 -6.67123 1.28256 0 0 0
54 763.978 -95.7114 0.238753 0 0
55 48395.3 -5372.49 8.23608 0 0
56 39404.6 -4043.3 3.94579 0.000610623 0
57 0.63326 0.464271 0 0 0
58 10.7326 -0.22057 0.000666134 0 0
59 664.721 -71.7933 0.112965 0 0
60 92662.1 -8749.94 13.1232 0.00793809 0
61 80908.2 -7604.61 14.0891 0.00738298 0
62 368.596 -38.5327 0.0486833 0 0
63 0.54287 0.358997 0 0 0
64 8.39759 0.157576 0 0 0
65 86994 -8545.52 6.04161 0.0310862 0
66 2.1483 0.390964 0 0 0
67 57503.1 -5840.67 6.60555 0 0
68 96.3174 -7.14404 0.000166533 0 0
69 86244.8 -8802.49 11.6678 0.02226 0
70 3.42005 0.422125 0 0 0
71 -9.84745 1.90387 0.00144329 0 0
72 13658.7 -1518.38 2.12624 0 0
73 8.37895 0.0156502 0.000222045 0 0
74 29.4051 -1.58072 0.00283107 0 0
75 77291.8 -7868.57 8.98748 0.0210387 0
76 2.18202 0.427118 0 0 0
77 12.3575 -0.320845 5.55112e-05 0 0
78 33844 -3495.42 3.46539 0.0004996 0
79 1.99985 0.540021 0 0 0
80 86685.4 -9127.14 9.43795 0.00377476 0
81 78891.4 -8365.49 13.9136 0.0166533 0
82 12.8404 -0.447237 0.000777156 0 0
83 8.61623 0.115949 0 0 0
84 4.67356 0.365383 0 0 0
85 85520.2 -8535.93 9.40498 0.0273115 0
86 767.423 -85.7074 0.130618 0 0
87 44350.5 -4833.57 9.78351 0.000333067 0
88 4.23059 0.356698 0 0 0
89 -3.2016 0.804908 0 0 0
90 5.5593 0.259328 0 0 0
91 5128.45 -551.662 0.691558 0 0
92 4.86973 0.317162 0 0 0
93 33.9191 -3.4758 0.00971445 0 0
94 2.80276 0.324781 0 0 0
95 -4.6123 1.34671 0 0 0
