0 -20.9861 1.83941 5.55112e-05 0 0
1 21443.5 -1885.34 1.19571 0.00105471 0
2 -177.403 10.9002 0.000444089 0 0
3 64992.9 -7469.72 10.8108 0.0102696 0
4 3385.73 -334.105 0.470013 0 0
5 -1.67523 0.939331 0 0 0
6 -0.629677 0.828857 0 0 0
7 2019.74 -182.32 0.171696 0 0
8 -0.961916 0.857538 0 0 0
9 1.93195 0.542702 0.000166533 0 0
10 62018.7 -6958.24 10.1981 0.00688338 0
11 5.03772 0.368265 0.000444089 0 0
12 -1.25671 0.782614 0 0 0
13 -0.0142786 0.784571 0 0 0
14 -4.6364 0.85262 0.00138778 0 0
15 1.94474 0.526777 0 0 0
16 246155 -23818.8 29.1973 0.000222045 0
17 277.618 -30.4636 0.0430211 0 0
18 -1.13275e+06 -3.74985e+07 552.813 0.280498 0
19 52434.6 -6219.14 11.0041 0.00172085 0
20 -2.42214 0.916585 0 0 0
21 40124.6 -3945.82 4.12381 0.000277556 0
22 -28.3765 -7.99982 0.0532352 0 0
23 58435.2 -6800.87 11.4798 0.00460743 0
24 1.76573e+08 -1.26953e+07 0.755895 11.9947 0
25 194653 -18716.9 22.8367 0.000277556 0
26 85514.9 -10094.2 10.0037 0.0265898 0
27 -3.69454 0.923876 0 0 0
28 54.6078 -5.1243 0.00927036 0 0
29 -3.36267 0.942355 0 0 0
30 2.5592 0.717442 0 0 0
31 -20.1021 2.42505 0 0 0
32 1.14893 0.803221 5.55112e-05 0 0
33 50089.7 -6226.62 10.9948 0.000610623 0
34 61.9473 -5.01331 0.00655032 0 0
35 62875.3 -7254.63 11.6263 0.00777156 0
36 56693.2 -5938.74 8.04901 0.00327516 0
37 58107.8 -5509.01 5.44365 0 0
38 -4.91307 1.21367 5.55112e-05 0 0
39 358.246 -28.2285 0.0216493 0 0
40 -3.04786 0.954275 0 0 0
41 64953.3 -5957.13 6.20703 0.000111022 0
42 882134 -71856.8 32.6771 0.0459077 0
43 1625.03 -155.882 0.220712 0 0
44 95.3146 -7.46913 0.00371925 0 0
45 -3.87752 1.17379 0 0 0
46 1.03046 0.916207 0 0 0
47 -2.84964 0.978615 0 0 0
48 -16.9386 1.94475 0.000333067 0 0
49 -8.34977 1.54945 0 0 0
50 -4.13231 1.03477 0 0 0
51 71572.4 -7731.7 6.83648 0.012268 0
52 1.64343 0.776867 0 0 0
53 -1.01423 0.88289 5.55112e-05 0 0
54 -41.9533 0.585109 0.0251466 0 0
55 -4.47384 1.03065 0.000166533 0 0
56 19779.4 -2077.54 2.67275 0 0
57 13.6161 0.0609203 0.000555112 0 0
58 11592 -1967.1 4.39343 0.000222045 0
59 9870.15 -1154.65 1.38206 0.000388578 0
60 9367.07 -882.592 0.892231 0 0
61 -9.06708 1.41854 5.55112e-05 0 0
62 54244.5 -6780.65 12.3144 0.00305311 0
63 9.91338e+06 -798942 291.617 0.129896 0
64 52735.8 -6018.24 9.63868 0.00183187 0
65 575.145 -52.4059 0.0539568 0 0
66 70521.2 -7563.26 8.822 0.0119349 0
67 69.8495 -6.39636 0.00827116 0 0
68 541.651 -53.0181 0.0737188 0 0
69 -13.639 1.37193 0.000111022 0 0
70 -16.5977 1.15382 0 0 0
71 853.343 -58.3826 0.0567879 0 0
72 898.665 -90.8684 0.137446 0 0
73 -13.966 1.42096 0 0 0
74 1.6478e+06 -132636 7.62546 0.117906 0
75 0.117046 0.296521 0.000222045 0 0
76 10.5495 -0.706254 0.00172085 0 0
77 1052.27 -90.4242 0.086986 0 0
78 1597.51 -152.765 0.152545 0 0
79 -38.4822 3.78381 0 0 0
80 9678.48 -997.774 1.23473 0 0
81 -7.66462 1.0056 0 0 0
82 -9.66675 1.06608 0 0 0
83 89326.7 -10393.6 8.33428 0.0274225 0
84 -6.39719 1.03307 0 0 0
85 245.831 -31.9188 0.0386358 0 0
86 -15.4021 1.77694 0 0 0
87 20094.8 -2074.83 2.52509 0.000444089 0
88 -8.95384 1.11375 0 0 0
89 70633.5 -5497.56 2.73659 0.000666134 0
90 -10.8862 1.15397 0 0 0
91 69852.5 -7887.78 8.83149 0.0131561 0
92 -9.10183 1.01975 0 0 0
93 -9.60406 1.10623 5.55112e-05 0 0
94 -9.38518 1.17096 0 0 0
95 0 0 0 0 0
