0 -8.20915 0.807573 0.000333067 0 0
1 -17.3719 1.95167 0 0 0
2 -2.60822 1.03248 0 0 0
3 -11.4505 1.40769 0 0 0
4 2964.63 -313.947 0.47895 0 0
5 33943.3 -3517.69 5.18902 0.000111022 0
6 -9.40094 1.27678 0.000277556 0 0
7 -6.1537 1.14335 0 0 0
8 -5.5092 1.06033 0.000277556 0 0
9 47588 -4917.6 6.59112 0 0
10 32.1671 2.00693 0.00216493 0 0
11 -17.0131 1.82221 0 0 0
12 -3.90306 1.04807 0 0 0
13 120977 -11791.7 11.8281 0.00138778 0
14 48717.6 -5734.21 10.6501 0.00116573 0
15 -0.144221 0.755534 5.55112e-05 0 0
16 -3.89992 0.910862 0 0 0
17 -22.0315 1.95489 0 0 0
18 76197.3 -9256.42 13.4654 0.0185407 0
19 -4.95407 0.727618 0.00094369 0 0
20 1040.44 -111.63 0.161593 0 0
21 4619.88 -454.098 0.515976 0 0
22 -8.87934 1.24157 0 0 0
23 1373.63 -122.274 0.104639 0 0
24 -3.36029 1.1409 0 0 0
25 -3.42607 1.0205 0 0 0
26 78042.4 -9018.6 11.6873 0.0198175 0
27 -5.20549 0.991381 0 0 0
28 35461.5 -3622.87 4.72095 0.000111022 0
29 -4.70639 1.05422 0 0 0
30 61.26 1.34669 0.0136002 0 0
31 -9.79338 1.25159 0 0 0
32 466.272 -55.5015 0.104694 0 0
33 496.634 -77.1908 0.223821 0 0
34 71652.6 -9309.82 16.7644 0.0155431 0
35 308.084 -26.0636 0.0252021 0 0
36 82231.2 -9385.05 8.63504 0.0226485 0
37 1312.13 -124.014 0.147049 0 0
38 -9.01049 1.11438 0 0 0
39 -6.46654 1.13409 0 0 0
40 425307 -39964.8 43.7004 0.00294209 0
41 -6.98718 1.02858 0.000111022 0 0
42 -7.72293 1.17446 0 0 0
43 -10.1844 1.75784 0 0 0
44 75179.8 -9145.74 12.0344 0.0183187 0
45 -11.1145 1.26046 0 0 0
46 81029.9 -9392.39 8.98059 0.0216493 0
47 81589.6 -7882.04 9.24094 0.000111022 0
48 53942.9 -5482.86 4.7482 0.000444089 0
49 -8.89227 1.14542 0 0 0
50 19602.4 -2063.5 2.77112 0.000111022 0
51 -15.693 1.47048 0 0 0
52 -10.5518 1.10151 0 0 0
53 901424 -72099.1 2.25325 0.0963118 0
54 90296.5 -10614.7 8.7218 0.029754 0
55 45519.4 -6570.47 9.71917 0.00438538 0
56 -8.89537 1.1255 0 0 0
57 2245.36 -214.079 0.244804 0 0
58 -45.681 3.40088 0.0019984 0 0
59 -9.53194 1.14259 0 0 0
60 -9.81716 1.13429 0 0 0
61 -10.4754 1.15923 0 0 0
62 -9.22341 1.08931 0 0 0
63 -8.89782 1.10388 0 0 0
64 -9.61813 1.57324 5.55112e-05 0 0
65 1.21013 0.711361 5.55112e-05 0 0
66 -24.7639 3.00127 5.55112e-05 0 0
67 13.4405 0.434977 0 0 0
68 -0.677059 0.890229 0 0 0
69 42705.8 -4389.69 5.42288 0.000222045 0
70 -5.37769 1.2989 0 0 0
71 447.849 -41.0777 0.0491829 0 0
72 24.7706 -0.490623 0 0 0
73 1448.28 -148.863 0.221267 0 0
74 25675.9 -1775.51 0.0244804 0.00566214 0
75 -13.766 1.94216 0 0 0
76 362.1 -36.6898 0.0650036 0 0
77 -4.07313 0.979915 0 0 0
78 54032.4 -6739.51 13.5648 0.00155431 0
79 0.344817 0.852983 0 0 0
80 1008.73 -98.328 0.13628 0 0
81 -0.0280418 0.760326 0 0 0
82 -2.13811 0.923928 0 0 0
83 1.43902e+06 -134491 115.231 0.0181521 0
84 -4.03538 1.13001 0 0 0
85 65943.6 -7519.93 11.3281 0.0104916 0
86 1.41228e+06 -104610 49.4074 0.0239253 0
87 1.62081 0.711711 0.000166533 0 0
88 0.706721 0.885919 0 0 0
89 -5.75664 1.31921 0 0 0
90 157512 -16284.4 22.4618 0.000333067 0
91 -1.48799 0.876081 0 0 0
92 -0.812759 0.940706 0 0 0
93 514.934 -51.8711 0.0637823 0 0
94 1.79136 0.648295 0.000277556 0 0
95 0 0 0 0 0
