0 -6.45186 1.1938 0 0 0
1 1.05558e+06 -84823 0.926759 0.10919 0
2 -4.08166 0.924958 0 0 0
3 68801.8 -6288.69 5.8395 5.55112e-05 0
4 -17.2378 1.83043 0 0 0
5 -10.3685 1.2283 0 0 0
6 -9.58722 1.21557 0.000888178 0 0
7 29664.2 -2981.76 3.58558 0.000111022 0
8 70174.3 -7552.68 6.62903 0.0114353 0
9 -7.75719 1.01094 0.000333067 0 0
10 -8.10999 1.09809 0 0 0
11 -4.57445 0.939438 0 0 0
12 -12.549 1.55391 0.000222045 0 0
13 62349.3 -6829.71 9.51395 0.00677236 0
14 36523.9 -3082.38 2.90251 0 0
15 -214.488 9.45673 0.000166533 0 0
16 -6.85654 1.13732 0 0 0
17 5.89909 0.281076 0 0 0
18 -4.20773 0.787753 0.000166533 0 0
19 -8.72784 1.05597 0 0 0
20 -5.21294 0.935112 5.55112e-05 0 0
21 -8.79864 1.14247 0 0 0
22 521795 -41931.9 24.7545 0.00832667 0
23 -6.8448 1.01099 0 0 0
24 28191.1 -2232.28 1.36591 0.000111022 0
25 36303 -1732.66 0.0853206 0.000999201 0
26 234144 -21975.2 23.2591 0.000555112 0
27 -27.3088 3.02561 0 0 0
28 53.9279 -9.4798 0.0334732 0 0
29 21297 -1417.84 0.729972 0.000111022 0
30 -7.83201 1.06876 0 0 0
31 23494.4 -2236.3 2.56395 0 0
32 -9.10011 1.2743 0 0 0
33 -9.44312 1.21999 0 0 0
34 -5.45012 1.04037 0 0 0
35 138612 -10881.2 6.78801 0 0
36 -6.42016 1.15589 0 0 0
37 -230.549 12.234 0.00816014 0 0
38 -8.52162 1.12436 0 0 0
39 -3.30611 0.992125 0 0 0
40 15.3031 -0.855102 0.00216493 0 0
41 -6.51668 1.02823 0 0 0
42 12743.5 -1111.75 0.989264 0 0
43 34606.6 -2894.24 1.62775 0.00160982 0
44 72395.7 -6988.02 8.7329 0.000111022 0
45 812.765 -76.2062 0.0736633 0 0
46 -3.09196 0.957484 0 0 0
47 69945.9 -7528.94 7.76118 0.0107137 0
48 54126.3 -5082.55 5.39346 0.000777156 0
49 82668.8 -9727.21 9.09761 0.0240363 0
50 2968.94 -7390.65 8.74734 0.00310862 0
51 2710.54 -206.85 0.186295 0 0
52 40511.7 -3509.52 3.49026 0.000166533 0
53 -8.80121 1.07929 0 0 0
54 186063 -16264 14.3086 0.00138778 0
55 70888.1 -7728.04 7.30221 0.0118239 0
56 -16.2279 1.45143 0 0 0
57 -4.44058 0.932771 0 0 0
58 89408.4 -10232.7 8.39784 0.0261458 0
59 -6.3224 1.03101 0 0 0
60 5.61606e+06 -471206 275.925 0.00283107 0
61 -8.14881 1.08936 0 0 0
62 -3.50982 0.923767 0 0 0
63 11118.9 -958.174 0.597189 0.000222045 0
64 68371.1 -7190.31 8.67617 0.0102696 0
65 7749.88 -699.153 0.601796 0 0
66 -1.45652 0.909196 0 0 0
67 2.10738e+06 -156946 0.221378 0.19712 0
68 1092.93 -96.4436 0.0857092 0 0
69 -2.89672 1.05937 0 0 0
70 813003 -78237.3 52.3906 0.012268 0
71 -16.3818 2.14847 0 0 0
72 8.40564 0.125117 0.000777156 0 0
73 77167.1 -9446.36 10.7065 0.0205391 0
74 -30.0436 2.83616 0.00122125 0 0
75 0.0813123 0.804338 0 0 0
76 24.7801 -1.18687 0.00194289 0 0
77 -8.57346 1.13273 5.55112e-05 0 0
78 20143.2 -2018.95 2.53231 0.000222045 0
79 -0.939192 0.855702 0 0 0
80 53219.1 -6392.37 11.0998 0.00205391 0
81 0.333963 0.729192 0 0 0
82 21.5969 -1.10758 0.002498 0 0
83 2168.01 -236.432 0.37137 0 0
84 -76.8105 -9.84629 0.044853 0 0
85 -0.872973 0.838749 0 0 0
86 1708.54 -170.007 0.214606 0 0
87 -3.02571 0.900339 0 0 0
88 -2.31136 1.00663 0 0 0
89 83356.8 -10714.8 13.8856 0.0306422 0
90 22592.4 -2219.37 2.51804 0 0
91 -157.838 6.44265 0.0208722 0 0
92 24.9602 -2.03469 0.00405231 0 0
93 49127 -7394.88 12.1176 0.00588418 0
94 876.681 -84.4098 0.124178 0 0
95 -2.86484e+08 -7.95799e+08 330771 167382 0
