0 -16.9392 1.41347 0 0 0
1 111939 -13792.4 10.2702 0.0541789 0
2 6574.6 -546.219 0.499434 0 0
3 184.198 -18.4654 0.0240363 0 0
4 396444 -34110 0.0951461 0.0588418 0
5 29793.1 -2773.35 2.7664 5.55112e-05 0
6 1174.4 -88.4797 0.0996425 0 0
7 66076.6 -5957.66 6.64446 0.000111022 0
8 8103.11 -787.281 0.970557 0 0
9 78304 -8876.86 12.5845 0.0191513 0
10 55865.3 -9321.67 18.9283 0.0100475 0
11 200262 -19222 21.5434 0.00094369 0
12 81328.2 -10508.2 13.3609 0.0242584 0
13 -57.7834 3.96542 0 0 0
14 -12.8342 1.14104 0 0 0
15 -9.6122 0.987232 0 0 0
16 -18.4329 1.36511 0.000832667 0 0
17 71185.1 -9530.39 16.7658 0.0167089 0
18 66069.1 -7491.41 12.0206 0.000333067 0
19 22.4621 -1.11218 0 0 0
20 1108.77 -102.823 0.123512 0 0
21 103071 -14197.4 11.9731 0.0519584 0
22 3859.18 -346.999 0.401401 0 0
23 126934 -15934 10.6105 0.0766609 0
24 -13.1742 1.18004 0 0 0
25 -15.3102 1.37751 0 0 0
26 -15.5196 1.33674 0 0 0
27 -23.8479 1.96694 5.55112e-05 0 0
28 123094 -15361.5 9.27797 0.0617284 0
29 -212.147 13.2338 0.00466294 0 0
30 118574 -13974.5 7.9956 0.0566769 0
31 1.64993e+06 -133680 106.726 0.00827116 0
32 25455.5 -2547.85 3.09908 0.000111022 0
33 -9.98275 1.19084 0 0 0
34 24074.3 -2291.45 2.4416 0 0
35 -10.7643 1.15621 0 0 0
36 99291.8 -9262.86 10.1754 0 0
37 -29.6309 1.20463 0.0123235 0 0
38 -14.4519 1.36709 0.000444089 0 0
39 -16.1467 1.55606 0 0 0
40 -16.3618 1.55324 0.000166533 0 0
41 15.2463 -0.745476 0.000111022 0 0
42 67723.8 -7682.17 11.2302 0.0118794 0
43 441.425 -42.5659 0.0383027 0 0
44 52994.6 -8398.43 14.834 0.00877076 0
45 -8.50068 0.834355 0.000277556 0 0
46 -10.4281 1.15631 0 0 0
47 -11.0356 1.19706 0 0 0
48 -34.3393 2.70272 5.55112e-05 0 0
49 -16.0213 1.79263 0 0 0
50 88258.9 -10405.2 10.2086 0.0268674 0
51 9861.1 -962.584 1.01541 0 0
52 677.104 -61.7617 0.0513478 0 0
53 -10.4747 1.07323 0.000166533 0 0
54 10.9359 -1.34646 5.55112e-05 0 0
55 255229 -26331.7 35.586 0.000666134 0
56 71395.7 -8065.03 11.5921 0.0131561 0
57 -11.3989 1.21134 0 0 0
58 -22.8329 2.2165 0 0 0
59 -16.7958 1.47671 0 0 0
60 10.5492 -1.27201 0.00932587 0 0
61 -18.3573 1.65997 0 0 0
62 -11.56 1.14025 0 0 0
63 -21.7379 1.6829 0 0 0
64 -7.18514 1.31205 0 0 0
65 67720.7 -7814 11.5788 0.0102696 0
66 83393.8 -10004.3 10.9389 0.0262013 0
67 -27.4736 2.27616 0.00094369 0 0
68 137.625 -11.6643 0.017486 0 0
69 756935 -74027.8 89.7363 0.00477396 0
70 -1.01273 0.936154 0 0 0
71 -1.53988 0.932855 0 0 0
72 -3.68989 0.995796 0 0 0
73 21864.5 -2094.18 2.2507 0.000555112 0
74 1.11649e+06 -110136 124.629 0.0163203 0
75 5.07663 0.475964 0.000388578 0 0
76 53.5037 -8.37754 0.0182077 0 0
77 -2.47343 0.941029 0 0 0
78 14.0584 -0.204532 0.000333067 0 0
79 -5.9299 0.77099 0.00127676 0 0
80 -3.7556 1.01456 0.000166533 0 0
81 7.03213 0.423379 5.55112e-05 0 0
82 9754.73 -774.682 0.192901 0.000721645 0
83 445.802 -33.7398 0.0232037 0 0
84 85.2694 -7.1527 0.00927036 0 0
85 68340.2 -8163.35 13.3197 0.0113798 0
86 2.28523 0.768766 0 0 0
87 1.02543 0.839615 0 0 0
88 -6.49863 -1.57289 0.012379 0 0
89 -3.15804 0.957043 0 0 0
90 -5.10914 1.20723 0 0 0
91 2.71243 0.658653 5.55112e-05 0 0
92 -1.28339 0.878542 0 0 0
93 58868.5 -6813.79 11.1063 0.00738298 0
94 -0.316903 0.821039 0 0 0
95 4.40533e+09 -1.05813e+09 8164.62 156876 0
