0 -25.1976 2.54856 5.55112e-05 0 0
1 36.5096 -6.34302 0.014877 0 0
2 0.926238 0.332533 0.000832667 0 0
3 2.1955 0.0538893 0.00188738 0 0
4 -38.4932 2.99324 0.00188738 0 0
5 -7.05249 1.16097 5.55112e-05 0 0
6 738017 -61781.7 3.5596 0.116074 0
7 -5.51661 1.04331 0 0 0
8 380.571 -36.6898 0.0508482 0 0
9 39995 -4005.62 5.02148 0.0004996 0
10 88626.2 -11367.5 13.0165 0.0369704 0
11 -5.04617 1.03363 0 0 0
12 79358.6 -9181.5 9.2511 0.0206501 0
13 97007.2 -11565.1 8.1995 0.0321965 0
14 -4.77624 0.990953 0 0 0
15 62682.7 -6843.23 10.1759 0.00466294 0
16 82172.9 -11898.5 19.6514 0.0370814 0
17 -3.37943 0.967038 0 0 0
18 -57.8799 5.17391 0.00260902 0 0
19 96895 -12473.2 11.7671 0.0412448 0
20 -14.1269 1.36039 0 0 0
21 -9.2087 1.20018 0 0 0
22 -11.2543 1.40226 0 0 0
23 -9.33205 1.31186 5.55112e-05 0 0
24 14.5141 -1.37302 0.000444089 0 0
25 913.589 -81.9331 0.0805467 0 0
26 -6.43024 1.0634 0 0 0
27 182881 -15684.4 13.4778 0.000721645 0
28 43292.5 -4450.14 6.30762 0.000388578 0
29 -10.4343 1.25229 0 0 0
30 -4.71757 0.70702 0.000832667 0 0
31 95106.2 -12290.1 9.98213 0.037581 0
32 120349 -14468.9 8.59895 0.0608402 0
33 -2.63567 0.949213 0.000277556 0 0
34 34468.4 -2649.32 2.11808 5.55112e-05 0
35 82475.6 -9920.81 10.4234 0.0230926 0
36 4.24011e+06 -356758 221.734 0.00405231 0
37 -2.87538 0.897807 0 0 0
38 -8.86989 1.23086 0 0 0
39 0.435829 0.55505 5.55112e-05 0 0
40 85971.1 -10198.3 9.31683 0.0259237 0
41 77870.8 -7980.41 10.0656 0.000832667 0
42 -3.99312 0.951709 0 0 0
43 58517.7 -5794.11 6.32217 0.00482947 0
44 23.237 -1.31892 0.00244249 0 0
45 5357.62 -495.877 0.50171 0 0
46 -4.34649 0.989424 0 0 0
47 -12.1098 1.48596 0 0 0
48 -1.52368 0.64249 0.0004996 0 0
49 -61.3263 1.44218 0.0180966 0 0
50 -4.32387 1.01996 5.55112e-05 0 0
51 66875.2 -7706.01 11.7523 0.0102141 0
52 -5.47305 0.98761 0 0 0
53 116719 -10253.9 9.97863 0.000999201 0
54 69414.5 -7753.83 8.22536 0.0130451 0
55 -8.0094 1.19479 0 0 0
56 187.97 -19.8777 0.0377476 0 0
57 -5.54172 1.04556 0 0 0
58 54010.2 -5232.59 5.91388 0.00416334 0
59 71078.1 -7347.07 9.58827 5.55112e-05 0
60 52036.2 -8119.12 15.3982 0.00577316 0
61 64112.2 -7710.03 12.6171 0.00799361 0
62 -11.7416 1.48914 0 0 0
63 -5.09346 1.00898 0 0 0
64 -18.6151 2.15014 0 0 0
65 2456.53 -251.52 0.36332 0 0
66 -1.84835 0.956311 0 0 0
67 1.37757e+06 -108319 66.0615 0.0341394 0
68 -3.52573 1.03788 5.55112e-05 0 0
69 14722.9 -1762.25 1.94106 0 0
70 -3.83702 1.05593 0 0 0
71 50852.8 -5082.49 5.90167 0 0
72 40934.8 -4690.57 7.15472 0.000222045 0
73 12370 -1309.88 1.64357 5.55112e-05 0
74 -0.477057 0.928446 0 0 0
75 2646.72 -6169.51 6.50086 0.00144329 0
76 143891 -14119 16.5201 0 0
77 1.3419e+06 -112618 98.1176 0.00555112 0
78 694.446 -60.9056 0.0736633 0 0
79 -4225.41 -10241 17.8903 0.00555112 0
80 137183 -14968.6 21.5501 0.000999201 0
81 -2.11561 0.836538 5.55112e-05 0 0
82 -1.14726 0.972288 0 0 0
83 24106.8 -2845.05 4.26037 0.000832667 0
84 24.542 -1.02782 0 0 0
85 1.05768e+06 -100536 108.373 0 0
86 1.12794 0.820652 0 0 0
87 -2.81456 1.00737 0 0 0
88 1.13571 0.68663 5.55112e-05 0 0
89 -10.0029 1.58841 0 0 0
90 15.7558 -0.326798 0.00105471 0 0
91 0.872146 0.819964 0 0 0
92 112.528 -8.96568 0.0111022 0 0
93 -2.67972 1.03831 0 0 0
94 -1.52273 0.963049 0 0 0
95 -1.99887e+07 -6.36917e+07 730862 22526.3 0
