0 -9.56556 1.07766 0 0 0
1 615124 -54249.9 32.1048 0.0383582 0
2 84145.3 -9808.86 7.71599 0.0237033 0
3 -11.0245 1.30535 0 0 0
4 -10.5449 1.10054 0 0 0
5 7.00812 0.153515 0.000222045 0 0
6 66372.5 -8421.98 15.2551 0.0109912 0
7 -4.29143 0.942184 0 0 0
8 6954 -541.682 0.268729 0 0
9 1.13756e+06 -101469 101.554 0.00577316 0
10 52482.7 -5891.79 9.34608 0.00111022 0
11 -5.98219 1.02599 0 0 0
12 -14.7287 1.45109 0 0 0
13 35.4356 -2.71123 0.0039968 0 0
14 -21.6567 2.17087 0.000111022 0 0
15 13134.7 -1135.83 0.983047 0 0
16 79.9637 -6.71629 0.00832667 0 0
17 328.026 -29.587 0.0281442 0 0
18 -17.0346 1.46228 0.000111022 0 0
19 -82.6171 1.4918 0.0114353 0 0
20 301212 -29740.2 36.861 0.000832667 0
21 45.5691 -4.16504 0.00410783 0 0
22 5.09824 0.543477 5.55112e-05 0 0
23 48385.1 -5010.61 6.97792 0.000610623 0
24 -8.49942 1.05031 0 0 0
25 19996.5 -2125 3.26505 0 0
26 -6.4023 1.00376 0 0 0
27 10.2248 -1.47107 0.00527356 0 0
28 -9.78228 1.06087 0 0 0
29 -11.7483 1.27792 0 0 0
30 -6.44641 0.966336 0 0 0
31 -8.88985 1.06271 0 0 0
32 46728.8 -4404.07 3.88306 0.000166533 0
33 13392.5 -1172.39 1.25011 0 0
34 1.87159e+06 -149782 69.417 0.0890399 0
35 -6.45203 1.07392 0 0 0
36 1.35333e+06 -119289 108.354 0.00793809 0
37 -7.89742 1.05923 5.55112e-05 0 0
38 -4.61478 0.989891 0 0 0
39 54.5779 -4.6779 0.00643929 0 0
40 -4.74086 0.984913 0 0 0
41 65645.9 -6933.71 7.01228 0.00921485 0
42 -7.6873 1.06779 0 0 0
43 -11.5839 0.456105 0.00283107 0 0
44 -8.76124 1.1319 0 0 0
45 -15.8264 1.74018 0 0 0
46 -5.60018 0.954952 0 0 0
47 80934 -9791.17 11.356 0.0230926 0
48 -11.5144 1.43621 0 0 0
49 -0.175993 0.916793 5.55112e-05 0 0
50 140.507 -12.3734 0.0143774 0 0
51 42.2467 -1.90687 0.000610623 0 0
52 -5.18048 0.927668 0 0 0
53 87054.3 -9895.96 8.11079 0.0252576 0
54 12249.8 -844.68 0.151434 0.00094369 0
55 71573.7 -6508.65 5.38658 5.55112e-05 0
56 108108 -11077.9 13.5773 0.00238698 0
57 2444.89 -194.731 0.181521 0 0
58 -4.43049 1.00049 0 0 0
59 6254.84 -629.666 0.730582 0 0
60 -2.26119 0.92517 0 0 0
61 -6.38419 1.04929 0 0 0
62 49790.8 -5116.28 6.54515 0.00188738 0
63 10.0833 0.026831 5.55112e-05 0 0
64 6.91717 0.341367 5.55112e-05 0 0
65 -8.67904 1.23555 0 0 0
66 -9.00219 1.10226 0.000166533 0 0
67 -0.849641 1.83723 5.55112e-05 0 0
68 22.3898 -1.03278 0.00255351 0 0
69 852.128 -81.8438 0.103806 0 0
70 0.664384 0.775264 0 0 0
71 411223 -35116.8 30.7341 0.00266454 0
72 2.2532 0.77929 0 0 0
73 66.1664 -11.0453 0.0422995 0 0
74 75563.2 -9170.7 11.9247 0.0189293 0
75 -3.72384 1.03469 0 0 0
76 2.17841 0.760223 0 0 0
77 36593.3 -2434.78 1.0032 0.0004996 0
78 0.907378 0.783523 0 0 0
79 0.392087 0.749614 5.55112e-05 0 0
80 9.43142 0.12728 0.000388578 0 0
81 5.33803 0.541658 5.55112e-05 0 0
82 63501 -6532.23 6.62892 0.00927036 0
83 22626.6 -1488.63 0.903611 0.000610623 0
84 336.935 -29.1097 0.0410227 0 0
85 0.568177 0.758104 0.000888178 0 0
86 0.0798945 0.936758 0 0 0
87 8.23614 0.677335 0 0 0
88 -0.377265 0.909494 0 0 0
89 6.51837 0.491705 0 0 0
90 47575.1 -5437.55 9.40981 0.000999201 0
91 2.3452 0.832062 0 0 0
92 4.85394 0.613604 0 0 0
93 12.934 -0.380334 5.55112e-05 0 0
94 0.047333 0.84236 0 0 0
95 0 0 0 0 0
