0 -24.9234 2.5448 0 0 0
1 62942.7 -6308.35 7.09238 0.00616174 0
2 -386619 -2.90329e+07 467.112 0.421052 0
3 -2.17023 0.924524 5.55112e-05 0 0
4 17358.9 -1666.37 1.61909 0.000555112 0
5 -6.50998 1.0368 0 0 0
6 72400.5 -7621.03 5.82084 0.0119904 0
7 -10.9651 1.53951 5.55112e-05 0 0
8 14380.6 -1338.3 1.5678 0 0
9 -23.1088 2.11062 0.000111022 0 0
10 -10.9883 1.35502 0 0 0
11 -11.0323 1.18663 0 0 0
12 -7.58038 1.06032 0 0 0
13 -8.6051 1.15402 0 0 0
14 83374.8 -9851.27 9.80943 0.0237588 0
15 -7.63042 1.0915 0 0 0
16 -8.71636 1.11073 0 0 0
17 -11.0963 1.26938 0 0 0
18 1473.88 -126.951 0.142275 0 0
19 -751934 -2.81259e+07 1136.42 0.0420219 0
20 430423 -41097.2 44.8157 0.000610623 0
21 -11.0674 1.39862 0 0 0
22 -9.53474 1.16808 0 0 0
23 -7.0873 1.05153 0 0 0
24 79280.1 -9149.57 8.85453 0.0209277 0
25 -4.42024 0.523145 0 0 0
26 -9.24372 1.03508 5.55112e-05 0 0
27 -8.72368 1.11935 0 0 0
28 13439 -1331.51 1.65479 5.55112e-05 0
29 -8.79068 1.09846 0 0 0
30 51079.6 -7865.26 13.7754 0.00666134 0
31 -5.24265 1.00469 0 0 0
32 48822 -5049.64 6.09851 5.55112e-05 0
33 7675.22 -683.154 0.548395 0 0
34 62104.9 -6172.58 6.37063 0.0059952 0
35 -10.1305 1.21448 0 0 0
36 402427 -38284.7 41.1924 0 0
37 -10.3896 1.34368 0 0 0
38 -11.0462 1.1839 0 0 0
39 1.6383 0.469233 0 0 0
40 120.642 -11.7112 0.0132672 0 0
41 48.5669 -4.58193 0.00655032 0 0
42 -5.99633 1.05353 0 0 0
43 12.4447 -0.694071 0.00133227 0 0
44 41054.6 -5402.21 7.47963 0.0019984 0
45 -9.99846 1.19273 0 0 0
46 53457.9 -8727.88 16.128 0.00982547 0
47 93.2081 -8.22787 0.0159317 0 0
48 478.038 -45.0801 0.0486278 0 0
49 -27.5399 3.29569 0.0200395 0 0
50 -7.79548 1.14475 0 0 0
51 -16.7435 1.64638 5.55112e-05 0 0
52 -5.95442 0.980789 0.000166533 0 0
53 -2.83379 0.682336 0 0 0
54 -9.33961 1.16528 0 0 0
55 -15.1939 1.46987 0.000166533 0 0
56 -9.56266 1.1877 0 0 0
57 8.07598 -0.31399 0.00172085 0 0
58 72.6127 -6.24694 0.0102141 0 0
59 -8.30777 1.12676 0 0 0
60 -10.5127 1.16797 0 0 0
61 -6.48197 1.04643 0 0 0
62 94518.3 -8673.06 6.63875 0 0
63 -10.0645 1.26784 0 0 0
64 74013.1 -5546.47 2.91117 0.00216493 0
65 -2.20668 0.930617 0 0 0
66 112863 -13884.6 9.04482 0.0543454 0
67 -3.03088 0.947018 0 0 0
68 74781.5 -8534.5 7.82396 0.017486 0
69 -1.18777 0.962846 0 0 0
70 5.0456 0.647685 5.55112e-05 0 0
71 -2.74475 0.888593 0 0 0
72 25.4987 -1.65226 0.00588418 0 0
73 18502 -1570.55 0.969891 0 0
74 51307.8 -5023.44 6.50385 5.55112e-05 0
75 1596.59 -142.651 0.162925 0 0
76 78653.6 -8898.77 8.51164 0.0193179 0
77 -0.0161968 0.824216 0 0 0
78 -3.11049 1.02512 0 0 0
79 -3.23198 0.938552 0 0 0
80 78198.5 -9014.65 9.28058 0.0192624 0
81 -0.734531 0.862283 0 0 0
82 -4.77922 1.06989 0 0 0
83 12.9109 0.0170229 0 0 0
84 -0.933946 0.945652 0 0 0
85 1.90608e+06 -172988 124.035 0.00294209 0
86 5.48368 0.0340702 0.00116573 0 0
87 -5.40844 0.624693 0.000277556 0 0
88 -0.0156582 0.842772 0 0 0
89 8021.4 -892.589 1.0511 0.000555112 0
90 89202.4 -10194.6 7.86254 0.0273115 0
91 146.981 -14.1447 0.034972 0 0
92 43.4227 -3.75731 0.00899281 0 0
93 8.03388 -4.23943 0.0162648 0 0
94 -2.68267 1.22385 0 0 0
95 0 0 0 0 0
