0 397.839 -44.139 0.0990319 0 0
1 -8.81357 1.00748 0 0 0
2 94910.5 -10884.6 6.34937 0.0315858 0
3 -10.8399 1.08868 0 0 0
4 28984.4 -2406.39 1.99724 5.55112e-05 0
5 -8.78141 1.05861 0 0 0
6 -22.1949 1.80275 0 0 0
7 -14.1848 1.90908 0 0 0
8 -70.2305 4.59206 0.000166533 0 0
9 1.22677 0.0185674 0.00133227 0 0
10 60.8144 -4.36219 0.00432987 0 0
11 50.873 -1.69856 0 0 0
12 -8.25402 0.924533 5.55112e-05 0 0
13 49951 -5776.31 9.68825 0.00155431 0
14 -8.87324 1.01619 0 0 0
15 -10.768 1.03288 0 0 0
16 -12.8485 1.17252 0 0 0
17 -11.9924 1.0896 0 0 0
18 -4907.51 -8013.79 13.5936 0.00277556 0
19 -16.4635 1.47421 0 0 0
20 -11.6147 1.13824 0 0 0
21 -4120.57 -7756.68 12.0665 0.00305311 0
22 -11.8869 1.16003 0 0 0
23 1369.1 -111.916 0.0985323 0 0
24 -14.0687 1.21111 5.55112e-05 0 0
25 -9.88007 1.07373 0 0 0
26 17478.8 -1509.96 1.44262 5.55112e-05 0
27 3058.59 -268.555 0.233924 0 0
28 -30.1806 2.50867 0 0 0
29 62341.5 -6518.71 8.18451 0.00799361 0
30 -11.5367 1.1187 0 0 0
31 -16.9665 1.92547 0.00255351 0 0
32 7.25819 0.239709 0.000388578 0 0
33 297.307 -25.876 0.0202061 0 0
34 72171.2 -8888.26 12.8039 0.0174305 0
35 -18.1647 0.808847 0 0 0
36 -54.2554 3.65088 0.00188738 0 0
37 -10.1348 1.14545 0.000111022 0 0
38 -13.4949 1.44244 5.55112e-05 0 0
39 7108.52 -596.707 0.50332 0 0
40 -1.12605 0.937609 0 0 0
41 -9.7119 1.14602 0 0 0
42 -10.4664 1.29323 0 0 0
43 -80.7922 5.06809 0.000111022 0 0
44 18176.2 -1669.78 1.14048 0 0
45 72381.4 -8496.03 12.8106 0.0155431 0
46 -10.7007 1.31489 0.000333067 0 0
47 -20.7415 2.50421 0.000111022 0 0
48 -10.6101 1.10361 0 0 0
49 137554 -12287.8 12.7408 0.000166533 0
50 -8.58277 1.08183 5.55112e-05 0 0
51 56309.7 -7006.37 12.7121 0.00277556 0
52 189.615 -19.1767 0.0294764 0 0
53 -9.87864 1.11952 0 0 0
54 1166.12 -112.238 0.120126 0 0
55 -8.57811 1.07303 0 0 0
56 -11.2326 4.55272 0.000277556 0 0
57 -10.6829 1.17103 0 0 0
58 62172.3 -6365.42 7.37643 0.00743849 0
59 -11.8253 1.24858 0 0 0
60 58.7211 -5.5978 0.00871525 0 0
61 2213.88 -207.628 0.297096 0 0
62 57347.9 -4905.59 6.22086 0.000333067 0
63 -10.1142 1.11164 0 0 0
64 88251.9 -10059.6 8.58336 0.0265898 0
65 2639.92 -237.187 0.203892 0 0
66 -4.57699 1.00656 0 0 0
67 255947 -21155.1 12.7531 0.000721645 0
68 -3.29226 0.931973 0 0 0
69 -3.60052 0.855238 0 0 0
70 8977.36 -840.447 0.820899 0 0
71 -3.32856 0.899487 0 0 0
72 37081.6 -3274.7 3.266 0 0
73 7.8401 0.114337 0 0 0
74 136.002 -22.815 0.0613953 0 0
75 -5.98635 1.00006 0 0 0
76 400398 -33148.3 0.793532 0.0568989 0
77 -14.5458 2.10999 0 0 0
78 54883.2 -5101.94 5.696 0.000277556 0
79 1864.72 -166.625 0.177747 0 0
80 2305.48 -208.365 0.191847 0 0
81 151564 -16886.2 21.3317 0.00305311 0
82 99860.4 -11924 9.81065 0.0399125 0
83 -7.32819 1.28685 0 0 0
84 -26.0972 3.42045 0.000111022 0 0
85 -4.08597 0.963038 0 0 0
86 -2.15535 0.87596 0.000111022 0 0
87 -2.21711 0.818886 0 0 0
88 -0.15194 0.768309 0 0 0
89 0.128279 0.479951 0.0004996 0 0
90 12661 -1462.48 2.28489 5.55112e-05 0
91 48.2852 -2.38875 0.00127676 0 0
92 -3.26409 0.826834 0 0 0
93 64264.9 -6661.97 8.00371 0.00899281 0
94 82779 -8155.86 9.51417 0.000333067 0
