0 51974.4 -8102.19 15.2559 0.00571765 0
1 0.571182 0.470862 5.55112e-05 0 0
2 -8.99482 1.15112 0 0 0
3 12094.1 -978.419 0.00283107 0.00205391 0
4 -9.71468 1.22809 0 0 0
5 5296.07 -446.988 0.428046 0 0
6 15175.2 -1485.54 1.75543 5.55112e-05 0
7 2215.72 -229.947 0.388523 0 0
8 -8.24599 1.09513 0.000111022 0 0
9 2.83491e+06 -280024 335.341 0.000832667 0
10 88005.6 -8196.38 9.50767 0.000333067 0
11 -17.6405 1.78859 0 0 0
12 -8.06142 1.35496 0 0 0
13 -10.5078 1.20018 0 0 0
14 1153.5 -113.342 0.0938138 0 0
15 6413.27 -571.796 0.525024 0 0
16 903.049 -87.4437 0.134615 0 0
17 78945.2 -9200.15 9.76286 0.0197065 0
18 19354.8 -1822.17 1.9143 0 0
19 -8.15666 1.06953 0 0 0
20 -8.43134 1.21313 0 0 0
21 1679.25 -156.292 0.19057 0 0
22 -7.6642 1.15822 0 0 0
23 349.999 -54.8148 0.127287 0 0
24 74051.9 -8362.81 7.89885 0.0171529 0
25 55.6133 -6.59938 0.0260902 0 0
26 117796 -14804.4 10.6923 0.0691669 0
27 -10.213 1.28548 0 0 0
28 -9.84906 1.17072 0.000111022 0 0
29 -10.5624 1.2402 0 0 0
30 -3.70351 0.599241 0.000610623 0 0
31 -8.31871 1.18427 0 0 0
32 -2.63742 0.964985 0 0 0
33 -3.53199 0.98007 0 0 0
34 97038.4 -12658.9 13.6996 0.0477396 0
35 63942.8 -7140.95 10.171 0.00877076 0
36 78866.9 -9730.94 11.2047 0.0213718 0
37 -6.46503 1.05232 0 0 0
38 93.6132 -7.84214 0.0109357 0 0
39 22834.7 -2039.89 1.91241 0 0
40 -7.53599 1.30538 0 0 0
41 82394.7 -10034.8 11.9147 0.0272005 0
42 -2.3683 0.451037 0.00394129 0 0
43 96730 -11438.6 8.93696 0.0383027 0
44 -32.8399 1.0976 0.00643929 0 0
45 -5.76043 1.16435 0 0 0
46 1.49908e+08 -1.35172e+07 10921.4 0.163092 0
47 -5.21317 1.02024 0 0 0
48 -56.3274 3.01436 0.00810463 0 0
49 -5.91706 1.03195 0 0 0
50 2441.64 -200.275 0.194678 0 0
51 84409.9 -10776 10.7739 0.0272005 0
52 -6.85325 1.14262 5.55112e-05 0 0
53 -11.6737 1.57123 0 0 0
54 445173 -41678.6 37.554 0.00227596 0
55 -0.535732 1.40519 0 0 0
56 2111.86 -195.61 0.195843 0 0
57 256670 -27749.8 37.323 0.00172085 0
58 -7.33438 1.08914 0 0 0
59 -5.91841 1.46353 0 0 0
60 113088 -14066.7 10.2644 0.0600631 0
61 -3.75123 1.04503 0 0 0
62 -6.34935 1.11567 0 0 0
63 13171.2 -1063.19 0.671518 5.55112e-05 0
64 -8.89041 1.49178 0 0 0
65 34.204 -0.630474 0.000222045 0 0
66 58003.8 -5945.32 6.57446 0.00421885 0
67 -4.50777 0.980548 0.000555112 0 0
68 2.80415 0.893665 0 0 0
69 0.256031 1.02721 0 0 0
70 -8.79162 1.47093 0 0 0
71 -13.818 1.82732 0 0 0
72 -3.08905 0.97976 0 0 0
73 65677.2 -7205.33 9.7104 0.0102696 0
74 65843.1 -6105.35 7.09366 0.000222045 0
75 13.3796 0.630326 0 0 0
76 2.97148 0.578567 0.000166533 0 0
77 15.5642 -0.210081 0 0 0
78 -2.13352 1.01272 0 0 0
79 26.144 -0.861877 0 0 0
80 550.422 -48.8514 0.0431877 0 0
81 2.13173e+06 -182989 77.7922 0.233091 0
82 86033.1 -10632.9 10.396 0.0289213 0
83 38502.4 -3534.26 4.34774 0.000111022 0
84 1.90669 0.807661 0 0 0
85 1.82469 0.760693 0 0 0
86 -3.86845 1.08781 0 0 0
87 0.956246 0.830172 0 0 0
88 0.971539 0.87258 0 0 0
89 -2.55282 0.802578 0 0 0
90 37.8839 -2.25461 0.00255351 0 0
91 226.862 -24.2929 0.0568989 0 0
92 -2.68059 0.905032 0 0 0
93 -6.13571 1.17565 0 0 0
94 1.62932 0.811055 0 0 0
95 0 0 0 0 0
