0 1362.1 -123.928 0.142608 0 0
1 17337.9 -2054.54 2.71072 0.000721645 0
2 -31.9256 2.63213 0.000666134 0 0
3 -5.51769 1.17502 0 0 0
4 121.395 -7.58162 0.00294209 0 0
5 91088 -10922.2 11.0741 0.0329181 0
6 61365.3 -7165.22 11.9764 0.00716094 0
7 -5.03435 1.0484 0 0 0
8 -2.9997 0.904716 0 0 0
9 2.31083e+08 -2.15393e+07 20833.6 3.00132 0
10 49.7414 -2.83462 0.00288658 0 0
11 -7.04234 0.773331 0.000666134 0 0
12 7.5408 -0.0269067 0.00155431 0 0
13 -7.38537 1.06243 0 0 0
14 -6.66185 1.06696 0 0 0
15 -7.24871 1.04141 5.55112e-05 0 0
16 -17.6786 1.72604 0 0 0
17 0.67407 0.753473 0 0 0
18 -0.513342 0.823862 0 0 0
19 66563.9 -8194.31 14.4793 0.0128231 0
20 3684.28 -384.129 0.545675 0 0
21 80730.4 -10590.3 14.8433 0.0281997 0
22 167238 -17784.9 25.9484 0.00155431 0
23 82439.2 -9201.15 10.6147 0.0239808 0
24 2.69411 0.252478 0.000832667 0 0
25 0.830944 0.715017 0 0 0
26 -5.18661 0.953898 0 0 0
27 261.283 -27.7534 0.0240918 0 0
28 -2.70843 0.872428 0 0 0
29 27945.1 -3015.11 3.96777 5.55112e-05 0
30 -4.57785 0.962326 0 0 0
31 2808.96 -288.226 0.398792 0 0
32 0.0807849 0.893939 5.55112e-05 0 0
33 -2.97737 0.823443 0.000222045 0 0
34 -3.94502 0.964457 0 0 0
35 -8.6508 1.21096 5.55112e-05 0 0
36 -6.42945 1.13377 0 0 0
37 55515 -5092.29 4.53088 0 0
38 -5.62091 1.05542 0 0 0
39 315.181 -32.7819 0.0403566 0 0
40 568.029 -58.9332 0.0730527 0 0
41 -36.6429 2.43016 0 0 0
42 -4.41831 1.09203 0 0 0
43 -16120.6 1331.42 0.145162 0.000777156 0
44 78126.8 -7424.66 9.01607 0.000333067 0
45 -114.602 -3755.59 3.6578 0 0
46 -2.73666 0.932275 0 0 0
47 -7.86973 1.07724 5.55112e-05 0 0
48 -5.31375 1.03457 0 0 0
49 79058.6 -8875.98 7.85344 0.0189848 0
50 89065.2 -10172.2 7.70312 0.0255351 0
51 3126.91 -329.181 0.382749 0 0
52 -4.67546 1.01375 0 0 0
53 -3.74014 0.985188 0 0 0
54 2939.5 -273.552 0.222766 0 0
55 475.269 -59.9228 0.0749956 0 0
56 -3.71375 0.904793 5.55112e-05 0 0
57 505.599 -57.416 0.0938694 0 0
58 -10.2934 1.23768 0 0 0
59 39215.4 -5083.92 0.0089373 0.0159872 0
60 -8.01838 1.09539 0 0 0
61 -6.42268 1.15073 0 0 0
62 -5.21267 1.00963 0 0 0
63 51424.8 -5975.31 10.2336 0.00111022 0
64 4.54783 0.698284 0 0 0
65 -1.01427 1.20938 0 0 0
66 66533.2 -5214.61 2.51754 0.000999201 0
67 79805.4 -9803.23 13.0502 0.0304201 0
68 3048.51 -307.763 0.387024 0 0
69 7.17489 0.600271 0 0 0
70 2.17228 0.783374 0 0 0
71 0.91117 0.846008 0 0 0
72 368.287 -28.4478 0.0357492 0 0
73 4.8031 0.63922 5.55112e-05 0 0
74 -1.14523 0.881956 0 0 0
75 2.80044 0.722279 0 0 0
76 -28.546 2.85807 0.000444089 0 0
77 4.52034 0.497846 5.55112e-05 0 0
78 39417.2 -3958.12 4.42352 0.00094369 0
79 58848.4 -5939.6 6.65884 0.00582867 0
80 -0.442422 0.896486 0 0 0
81 -12.4787 2.36867 0 0 0
82 13.7589 -0.0304218 0.000111022 0 0
83 0.527695 0.795256 0 0 0
84 8.18958 0.182276 0.000999201 0 0
85 164.156 -15.4031 0.0318634 0 0
86 2.53629 0.733279 0 0 0
87 -5.63945 1.49479 0 0 0
88 4.02468 0.683189 0 0 0
89 4.87523e+06 -421914 251.397 0.00460743 0
90 55.7968 -1.28487 0.00222045 0 0
91 5.22622 0.648479 0 0 0
92 3.63311 0.752778 0 0 0
93 3.55617 0.67069 0 0 0
94 2.59569 0.832254 0 0 0
95 2.91622e+07 -3.89795e+06 10023.6 0.0436873 0
