0 -11.8482 1.60725 0 0 0
1 -8.43637 1.21743 5.55112e-05 0 0
2 -8.24376 1.4371 0 0 0
3 -23.4278 1.99073 0 0 0
4 -4.91087 1.08431 0 0 0
5 2.3133e+06 -205974 171.503 0.00094369 0
6 99341.4 -9168.06 8.00959 0 0
7 -6.69712 0.830969 0.00183187 0 0
8 5.33183 0.0707294 0 0 0
9 66441.6 -6741.56 9.22756 5.55112e-05 0
10 903573 -73375.3 0.592582 0.064837 0
11 -2.59855 0.990642 0 0 0
12 -58.7599 -0.390011 0.000111022 0 0
13 -4.23238 1.01765 0 0 0
14 -1.39659 0.88443 0 0 0
15 -6.71256 1.09286 0 0 0
16 -10.2953 1.39066 0 0 0
17 1.43508e+06 -93715.9 7.50233 0.054734 0
18 -7.04833 1.09378 0 0 0
19 97419.3 -11720.1 10.7761 0.0412448 0
20 3657.71 -301.16 0.221101 0 0
21 -13.5006 1.87312 0 0 0
22 -1.51935 0.823691 0.000166533 0 0
23 78424.7 -9702.1 11.4763 0.022371 0
24 -4.3797 1.09761 0 0 0
25 371198 -37311 48.0219 0.00910383 0
26 1.0721e+06 -92496 63.8207 5.55112e-05 0
27 1981.96 -182.125 0.179912 0 0
28 -4.24853 1.03786 0 0 0
29 -3.5878 1.02224 0 0 0
30 1680.78 -143.506 0.14666 0 0
31 32068.4 -2964.08 0.518086 0.00233147 0
32 0.698634 0.856676 0 0 0
33 -2.71171 0.981079 0 0 0
34 202821 -19234.2 13.279 0.0004996 0
35 -5.76591 1.13807 0 0 0
36 -2.33928 1.01545 0 0 0
37 -4.96478 1.63317 0 0 0
38 -215.139 12.1732 0.00793809 0 0
39 -2.69258 1.0285 0 0 0
40 118.269 -13.0997 0.0216493 0 0
41 100991 -11972 9.53476 0.0391354 0
42 20768.4 -2005.34 2.00201 0 0
43 15.8798 -0.329405 0.0014988 0 0
44 -4.02243 1.00729 0 0 0
45 10.0008 0.466171 0.000166533 0 0
46 13451.1 -1550.57 2.10582 0.0004996 0
47 30.1805 -2.66405 0.00427436 0 0
48 34.5578 -8.55384 0.0291434 0 0
49 98.1841 -6.6312 0.00272005 0 0
50 -10.0847 1.53295 0 0 0
51 3.44305 0.616713 0 0 0
52 2.44411 0.733179 0 0 0
53 -64.8516 5.53188 0.000111022 0 0
54 -1.45823 0.947737 0 0 0
55 -3.21572 1.00292 0 0 0
56 -6.92507 1.26182 0 0 0
57 -3.33319 0.935149 0 0 0
58 -29.4378 3.37897 0 0 0
59 638.146 -70.6687 0.10375 0 0
60 64970.5 -7415.28 9.14963 0.0106581 0
61 6874.27 -718.551 0.863754 5.55112e-05 0
62 100281 -8475.41 7.55201 0.000721645 0
63 -4.56108 0.970522 0 0 0
64 -32.5011 4.08023 0 0 0
65 -16.9848 1.53647 0.000111022 0 0
66 -7.29799 1.12159 0 0 0
67 206.156 -18.071 0.0139333 0 0
68 50803.5 -5128.92 6.47465 0.00210942 0
69 -10.5341 1.59044 0.000166533 0 0
70 68675.5 -7696.1 8.61256 0.0116573 0
71 6.53098 0.27512 0.000111022 0 0
72 -15.8434 1.65206 0 0 0
73 -8.27855 1.23218 0 0 0
74 -13.353 1.47253 0 0 0
75 1857.94 -150.871 0.151268 0 0
76 85529.1 -10201 9.87177 0.0259237 0
77 -5.78777 0.922479 0.000166533 0 0
78 -10.3381 1.22362 0 0 0
79 -3.20712 1.20957 0 0 0
80 83469.8 -8306.52 10.736 0.000388578 0
81 -5.09421 0.993295 0 0 0
82 44860.7 -4948.04 6.49009 0.000444089 0
83 -6.12315 1.04235 0 0 0
84 -10.2968 1.28236 0 0 0
85 -4.14547 0.934117 0 0 0
86 145474 -14071.2 17.0022 0.000444089 0
87 148298 -14870.8 19.1455 0.000444089 0
88 -6.64492 1.05328 0 0 0
89 -5.1559 1.00293 0 0 0
90 -40.1821 2.92865 0.000111022 0 0
91 -4.23288 0.977132 0 0 0
92 86575.4 -10022.6 8.65197 0.0260902 0
93 -7.40619 1.08489 0 0 0
94 1588.43 -155.956 0.158373 0 0
95 0 0 0 0 0
