0 -11.9066 1.20239 0.000222045 0 0
1 578.423 -53.5514 0.0632272 0 0
2 -13.1502 1.37341 5.55112e-05 0 0
3 -9.50541 1.07484 0 0 0
4 -10.1577 1.19479 0 0 0
5 75996.5 -7929.14 8.46095 0.0150435 0
6 -2.91738 0.401557 0.000999201 0 0
7 -63.9835 2.38862 0.00838218 0 0
8 -8.99408 1.15125 0 0 0
9 -10.6521 1.22445 0 0 0
10 65233.3 -6576.22 7.84606 0.00721645 0
11 288.915 -27.2636 0.0229816 0 0
12 -20.2964 1.89456 0 0 0
13 4.92547 0.0923384 5.55112e-05 0 0
14 -9.49361 1.25174 0.000111022 0 0
15 -7.79438 1.14705 0 0 0
16 82.7665 -8.30462 0.0345279 0 0
17 -6.53318 1.02718 0 0 0
18 572278 -55120.9 59.7742 0 0
19 -7.98117 1.11244 0 0 0
20 -9.73542 1.21348 0 0 0
21 9369.94 -905.009 1.00153 0 0
22 1854.17 -129.609 0.0877631 0 0
23 -12.0198 1.53405 0 0 0
24 283219 -22174 0.467792 0.062117 0
25 1098.3 -106.592 0.110023 0 0
26 18.9946 -0.952616 0.000721645 0 0
27 -14.4603 1.45312 0 0 0
28 -13.5555 1.30935 0 0 0
29 0.0234697 0.998073 0.000111022 0 0
30 -8.99183 1.10333 0 0 0
31 32.3356 -1.50603 5.55112e-05 0 0
32 5201.75 -461.389 0.493938 0 0
33 -8.90945 1.10509 0 0 0
34 -7.19137 0.977008 0 0 0
35 335.137 -33.3808 0.0488498 0 0
36 -7.86219 1.06075 0 0 0
37 -8.77329 1.09388 0 0 0
38 122.277 -9.95686 0.0109357 0 0
39 -4.42734 0.832672 0.000222045 0 0
40 419.762 -36.7718 0.0378031 0 0
41 301504 -1.86508e+07 1132.45 10.1423 0
42 -10.2208 1.05886 0.000777156 0 0
43 -5.82647 1.01523 0 0 0
44 -4.66922 0.74266 0.000333067 0 0
45 -19.5447 0.570425 0.00188738 0 0
46 -6.42964 0.927366 0 0 0
47 -7.70035 1.07817 0 0 0
48 313.281 -13.9828 0.000222045 0 0
49 -4.888 0.88246 0 0 0
50 -14332.5 306.84 0.109524 0.00233147 0
51 -7.71757 1.24987 0 0 0
52 40349.7 -4697.16 7.63123 0.000111022 0
53 -10.3807 1.16794 0 0 0
54 -9.19417 1.16399 0 0 0
55 -5.95501 0.949657 0 0 0
56 -5.39175 0.976626 0 0 0
57 48.4386 -4.59929 0.00532907 0 0
58 2.09613 0.498166 0 0 0
59 218.478 -21.7372 0.0289213 0 0
60 46219.5 -6503.58 10.1967 0.00344169 0
61 -7.84885 1.08556 0 0 0
62 62976.5 -6484.7 7.27751 0.00754952 0
63 64979.2 -6750.99 7.84511 0.00865974 0
64 24.7152 0.102767 0.00238698 0 0
65 415.408 -37.4809 0.0530131 0 0
66 -3.29822 0.904421 0 0 0
67 22745.6 -2410.46 2.52226 0.000555112 0
68 -1.21697 0.926058 0 0 0
69 3122.2 -247.114 0.0566214 0.000166533 0
70 -2.4799 0.924467 0 0 0
71 33.4898 -2.08852 0.00327516 0 0
72 2.78224 0.68121 0 0 0
73 355.118 -27.963 0.0385803 0 0
74 289.389 -30.2372 0.0455191 0 0
75 61.4854 -4.14566 0.00532907 0 0
76 559.31 -54.4534 0.0652256 0 0
77 28055.8 -2708.15 3.08831 0.00105471 0
78 -4.86355 0.94847 0 0 0
79 -0.318218 0.327459 0.000388578 0 0
80 1406.36 -141.639 0.119627 0 0
81 -1.37942 0.749674 0.000111022 0 0
82 -0.399651 0.812986 0 0 0
83 -7.84415 1.13803 0.000388578 0 0
84 -5.73542 1.29293 0 0 0
85 -0.789583 0.83558 5.55112e-05 0 0
86 -3.25939 1.00395 0 0 0
87 -6.75117 1.37571 0 0 0
88 36466.8 -3501.6 3.80634 0 0
89 37789 -3715.98 3.55799 0.000555112 0
90 2398.1 -231.302 0.25141 0 0
91 14.6881 -0.610764 0.00183187 0 0
92 -2.77707 0.853668 5.55112e-05 0 0
93 43205.8 -4761.12 6.28042 0.00116573 0
94 -2.30835 0.908671 0 0 0
95 1.38956e+06 -167080 144.78 1.60261 0
