0 1062.45 -107.51 0.12218 0 0
1 -17.2069 2.20715 0 0 0
2 -5.41877 1.15454 0 0 0
3 30.5731 -2.95873 0.00455191 0 0
4 -26.5036 2.97456 5.55112e-05 0 0
5 25.3393 -0.779367 0.00172085 0 0
6 68.1565 -7.48285 0.0267009 0 0
7 50.6399 -4.75178 0.00738298 0 0
8 2631.7 -261.858 0.319245 0 0
9 84685.5 -9783.44 7.33996 0.024647 0
10 -3.97254 1.02673 0 0 0
11 -3.99774 0.89278 0 0 0
12 -9.62305 1.44057 0 0 0
13 59435 -6200.17 7.53725 0.0054956 0
14 40970.5 -3271.47 1.66223 0 0
15 -4.41141 0.984957 0 0 0
16 459.499 -50.7497 0.0864309 0 0
17 54.8378 -4.90981 0.00688338 0 0
18 395.437 -36.0492 0.0701661 0 0
19 -5.69585 0.999101 0 0 0
20 -20.4982 2.60971 5.55112e-05 0 0
21 157.437 -15.9785 0.0237588 0 0
22 5894.96 -572.087 0.670075 0 0
23 88446.9 -8522.88 10.3372 5.55112e-05 0
24 -6.85229 1.06608 0 0 0
25 -5.25876 1.27917 0 0 0
26 0.987538 0.543755 5.55112e-05 0 0
27 3815.61 -7152.39 8.27899 0.00238698 0
28 135416 -15227.7 23.4204 0.00205391 0
29 25760.9 -2435.62 2.6309 0 0
30 7762.01 -782.669 0.917599 0 0
31 55694.9 -5754.36 10.1679 5.55112e-05 0
32 1.21413 0.866746 0 0 0
33 -5.22361 1.0955 0.000166533 0 0
34 -0.590263 0.684822 0.000277556 0 0
35 -4458.78 -11238.4 18.1548 0.00771605 0
36 -1.13281 0.91932 0 0 0
37 54587.6 -7037.99 12.6391 0.00405231 0
38 79756.3 -7381.87 7.84717 0.000610623 0
39 77257.1 -8748.19 7.04198 0.0185407 0
40 -1.21754 0.920274 0 0 0
41 -3.58818 1.05358 0 0 0
42 7483.37 -648.522 0.453249 0 0
43 -3.21413 1.10381 0 0 0
44 1.02622 0.798023 0 0 0
45 54977.2 -6861.06 13.1383 0.00183187 0
46 66234.3 -7340.38 9.95171 0.00960343 0
47 -2.89926 0.993158 5.55112e-05 0 0
48 37897 -2387.57 0.927092 0.00122125 0
49 4642.91 -388.449 0.36704 0 0
50 -4.22326 1.16434 5.55112e-05 0 0
51 -1.5836 1.08387 5.55112e-05 0 0
52 -6.68618 1.26289 0 0 0
53 -2.01413 0.955845 0 0 0
54 1762.03 -209.465 0.372091 0 0
55 -48.098 -3059.39 3.85392 0 0
56 25931 -1486.66 1.67721 0.00105471 0
57 111.405 -7.7645 0.00921485 0 0
58 -67.7627 5.77908 0.00194289 0 0
59 1.75335e+06 -127919 19.7911 0.0906497 0
60 7.5321 -0.155449 0.00155431 0 0
61 453.395 -40.8594 0.0390799 0 0
62 116.952 -12.168 0.0596745 0 0
63 9176.2 -1086.22 1.53505 0.000111022 0
64 107434 -12699.4 7.39298 0.044853 0
65 -7.67001 0.202068 0.00843769 0 0
66 415.567 -41.8163 0.0457967 0 0
67 132.211 -15.0099 0.0294209 0 0
68 71677.2 -7639.09 6.36979 0.0123235 0
69 -8.8473 1.17627 0 0 0
70 5.64674e+06 -520777 328.848 0.00865974 0
71 -6.47976 1.08198 0 0 0
72 -16.9554 1.36817 0.00388578 0 0
73 -0.395593 1.81795 0.00177636 0 0
74 -11.6098 1.52748 0 0 0
75 395.166 -40.5683 0.097311 0 0
76 451.923 -42.4365 0.037248 0 0
77 -9.88855 1.21594 0 0 0
78 -4.20048 0.143749 0.00560663 0 0
79 2480.66 -276.142 0.408562 0 0
80 -11.5918 1.34777 5.55112e-05 0 0
81 63857.8 -6756.11 9.02833 0.00671685 0
82 -12.074 1.40648 0 0 0
83 -6.23856 1.01611 0 0 0
84 -8.66637 1.14317 0 0 0
85 61440.5 -6639.53 8.39406 0.00660583 0
86 -6.94344 1.12009 0 0 0
87 41262 -3673.4 3.09897 0 0
88 -8.83274 0.86604 0 0 0
89 -9.82284 1.39796 0 0 0
90 91.5012 -5.25615 5.55112e-05 0 0
91 81541.9 -9508.28 9.22118 0.0240918 0
92 -3.25439 0.910015 0 0 0
93 -4.43783 1.01388 0 0 0
94 14.9226 -0.442418 0 0 0
95 -19456.8 -212337 301.857 16.2289 0
