0 169463 -15445.4 17.1709 0.000721645 0
1 -1.65005 0.813836 0 0 0
2 -5.02213 1.04069 0 0 0
3 1.24853 0.721862 0.000111022 0 0
4 -112.486 4.00567 0.00821565 0 0
5 55364.3 -4576.88 3.84215 0.000111022 0
6 -24.4397 2.13939 0.00333067 0 0
7 -3.0915 0.973529 0 0 0
8 2092.49 -176.597 0.198064 0 0
9 -7.41748 0.516403 0.00116573 0 0
10 -7.48898 1.38271 0 0 0
11 4.83343 0.218899 0.000832667 0 0
12 -4.98149 0.991588 0 0 0
13 -8.08452 1.12072 0 0 0
14 -1.27349 0.834509 0 0 0
15 1.53682e+06 -114057 2.2673 0.0906497 0
16 68953.3 -7411.95 8.45674 0.0128786 0
17 871.363 -79.3979 0.084599 0 0
18 17945.4 -1772.32 2.2583 5.55112e-05 0
19 55855.1 -5783.92 6.97797 0.00488498 0
20 1.58862e+06 -118973 3.15714 0.113243 0
21 -0.667981 0.814641 0 0 0
22 -4.57489 0.970321 0 0 0
23 0.690648 0.717659 0 0 0
24 6.06208 0.0980554 0.000832667 0 0
25 3.4516 0.408791 0.000666134 0 0
26 0.340777 0.725556 0.000111022 0 0
27 77480.8 -9022.28 8.23819 0.0216493 0
28 -16.534 2.01872 0 0 0
29 51226 -4637.7 4.13225 0.000111022 0
30 -2.93109 0.914484 0 0 0
31 -7.06647 1.06509 0 0 0
32 0.95418 0.793056 0 0 0
33 4.52007 0.586118 0 0 0
34 1.71497 0.75148 0 0 0
35 68533.3 -7523.83 7.91522 0.0102696 0
36 802.749 -72.8391 0.0620615 0 0
37 1.35612 0.77152 0 0 0
38 3.57995 0.652941 0 0 0
39 -1.50367 0.787644 0.0004996 0 0
40 -1.30586 0.880819 0 0 0
41 39647.6 -3574.68 3.24824 0.000666134 0
42 -2.93759 1.03424 0 0 0
43 2.57709 0.804644 0 0 0
44 6.14609 0.582602 0 0 0
45 -51.4947 3.90961 0.000555112 0 0
46 21509.7 -2072.03 2.5836 5.55112e-05 0
47 20231.4 -2888.9 4.64584 0.000166533 0
48 -31.2056 3.05834 0.000832667 0 0
49 13359.6 -1141.44 0.996647 5.55112e-05 0
50 44210.7 -4139.7 3.76199 0 0
51 49825.9 -5302.31 6.81638 0.00216493 0
52 0.733979 0.767858 0 0 0
53 1.82877e+07 -1.66557e+06 1307.29 0.0269229 0
54 4714.26 -480.467 0.594691 0 0
55 654.297 -66.0358 0.126177 0 0
56 2.87137 0.721795 0 0 0
57 50143.2 -5818.59 9.03549 0.00188738 0
58 2.00156 0.712565 0 0 0
59 3.82084 0.705729 0 0 0
60 -3.24785 1.17487 0.000166533 0 0
61 -28.2104 3.37699 0.0004996 0 0
62 -11.5123 1.46592 0 0 0
63 44375.8 -6234.25 9.42946 0.00338618 0
64 437084 -36957.5 8.8638 0.0568989 0
65 -8.50992 1.64034 5.55112e-05 0 0
66 1.03196 0.807679 5.55112e-05 0 0
67 -1.21634 0.61512 0.000333067 0 0
68 245076 -22380.6 24.0493 0.000888178 0
69 -5.85739 0.968389 0.000111022 0 0
70 368.696 -27.5877 0.025091 0 0
71 1.7108e+06 -137549 52.3655 0.0832667 0
72 176.148 -12.4 0.0121014 0 0
73 -4.47899 0.935624 0 0 0
74 -2.73681 0.939088 0 0 0
75 11303.1 -1114.89 1.16168 0.000388578 0
76 -8.06796 1.12768 0 0 0
77 64375.7 -6619.01 7.3439 0.00754952 0
78 18150.1 -1629.35 1.50457 0 0
79 -2.8452 0.713031 0 0 0
80 34.5624 -1.81759 0.000166533 0 0
81 444393 -41576.2 37.0781 0 0
82 3010.19 -302.854 0.332068 0 0
83 39.2104 -1.0074 0.000832667 0 0
84 -6.86506 1.11979 0 0 0
85 -6.87176 0.737134 0.0014988 0 0
86 45844.6 -3285.7 1.61243 0.00183187 0
87 -172.506 10.3701 0.00094369 0 0
88 0.649878 0.338732 0.00188738 0 0
89 -18.653 1.51735 0.00294209 0 0
90 -16.9659 2.10042 0.000832667 0 0
91 -11.1375 1.75578 5.55112e-05 0 0
92 -6.75182 1.01524 0 0 0
93 -5.47945 0.982143 0 0 0
94 8.12393 -0.225214 0.00111022 0 0
95 491627 -74785.8 233.221 0.109468 0
