0 40941.9 -3705.67 3.21543 0.00127676 0
1 11792.7 -1220.28 1.50591 0.000444089 0
2 84.4539 -5.9274 0.00444089 0 0
3 14.2191 -1.52934 0.00355271 0 0
4 -6.4264 1.09084 0 0 0
5 194.077 -18.7879 0.0269784 0 0
6 622188 -61010.3 70.4589 0 0
7 100144 -12063.8 8.6946 0.0408007 0
8 8.44968 0.172013 0.000166533 0 0
9 59265.7 -6504.51 7.27363 0.00566214 0
10 1492.46 -147.446 0.213385 0 0
11 -3.72161 0.90488 0 0 0
12 4.8343 0.158073 0.000888178 0 0
13 7948.4 -712.26 0.662748 0 0
14 -6.78647 1.15012 0 0 0
15 -10.3226 1.25508 0.000111022 0 0
16 2.78704 0.310066 0.000666134 0 0
17 5499.78 -536.244 0.663802 0 0
18 -7.40681 1.10994 0 0 0
19 -5.16122 0.969115 0 0 0
20 2153.82 -208.761 0.252742 0 0
21 -3.78858 1.04606 0 0 0
22 -10.2394 1.32117 0 0 0
23 104365 -13039.8 8.24907 0.0436873 0
24 -4126.86 -10522.3 19.6907 0.0059952 0
25 -18.4137 1.91305 0 0 0
26 219127 -21897.1 25.4038 0.00205391 0
27 532.178 -53.8486 0.0767719 0 0
28 49.8564 -4.78821 0.00865974 0 0
29 -5.80272 1.0899 0 0 0
30 -254.824 -11.7583 0.132172 0 0
31 -7.82428 1.10158 0 0 0
32 -4337.17 -11258 18.1996 0.00777156 0
33 84.8227 -5.96561 0.00843769 0 0
34 4.68267 0.71197 0 0 0
35 -2.37501 0.937387 0 0 0
36 78547.8 -9179.42 9.2657 0.0188183 0
37 0.372287 1.2245 0.000166533 0 0
38 37.1644 -3.34879 0.00904832 0 0
39 -0.24029 1.14011 0 0 0
40 236.527 -16.2674 0.0223155 0 0
41 54279.4 -5146.99 4.66516 0.000333067 0
42 1.21347 0.682902 0.000111022 0 0
43 15135.4 -1420.06 1.4711 0 0
44 -1.84031 0.922614 0 0 0
45 -195.874 10.8607 0.0148215 0 0
46 -33.9476 2.2415 0.00177636 0 0
47 -12.7759 1.56947 0 0 0
48 -1.04473 0.900091 0 0 0
49 334.99 -27.9906 0.0240363 0 0
50 -7.03618 1.11726 0 0 0
51 -7.84354 1.31002 0 0 0
52 -5.54591 1.11738 5.55112e-05 0 0
53 42777.2 -4349.49 5.79659 0.000832667 0
54 74068.8 -8558.16 11.5693 0.0154321 0
55 -480423 -1.4199e+07 35.7649 17.9824 0
56 455.453 -41.7317 0.0591749 0 0
57 118730 -9907.44 6.42464 0 0
58 3.1588 0.260101 0.000888178 0 0
59 84062.2 -10532.6 13.5212 0.0314748 0
60 -109.677 -5.93079 0.0484057 0 0
61 2846.69 -371.002 0.394296 0 0
62 1.25147 0.553341 0 0 0
63 -7.14776 1.26735 0 0 0
64 69813.7 -7731.16 9.74404 0.0119904 0
65 2.89083 0.764572 0 0 0
66 10239 -627.744 0.0305311 0.002498 0
67 54787.1 -6966.8 12.2047 0.00333067 0
68 6.53652 0.595016 5.55112e-05 0 0
69 3.03151 0.969439 5.55112e-05 0 0
70 5.38602 0.806015 0 0 0
71 74841.3 -8583.75 10.8812 0.0155986 0
72 870.295 -93.123 0.173139 0 0
73 1.42433 0.775821 0 0 0
74 44507.8 -4194.34 3.73801 0.00166533 0
75 6.97177 0.668373 5.55112e-05 0 0
76 2.21571 0.749455 0 0 0
77 0.584517 0.803843 0 0 0
78 384.771 -36.1878 0.0303646 0 0
79 54331.9 -6915.43 13.5421 0.00377476 0
80 44355.6 -4216.2 3.76243 0 0
81 -96.6545 7.76825 0.000222045 0 0
82 339738 -33004.6 40.4149 0.000832667 0
83 -7.49582 1.35949 5.55112e-05 0 0
84 118601 -15975.2 17.0821 0.0787148 0
85 -1.73108 1.09396 0 0 0
86 134711 -14302.8 20.0966 0.00255351 0
87 2.95598 0.76234 0 0 0
88 -7.2397 1.40839 0.000111022 0 0
89 -351217 -3.00907e+07 728.344 0.206057 0
90 2.38724 0.782585 0 0 0
91 1547.67 -143.131 0.116129 5.55112e-05 0
92 0.889147 0.779231 0 0 0
93 -21.9404 2.4758 0.000222045 0 0
94 2.18006 0.739187 0 0 0
95 0 0 0 0 0
