0 80224.7 -7638.8 6.28331 0.0183187 0
1 -4.60705 0.772817 0 0 0
2 -3.09271 0.691091 0 0 0
3 60787.5 -9337.08 24.0867 0.0170974 0
4 3.64051 0.0940672 0.000721645 0 0
5 53771.9 -7977.49 21.976 0.00532907 0
6 2239.72 -241.722 0.331624 0 0
7 -7.42686 1.10755 0.000277556 0 0
8 47591.9 -6902.32 18.3144 0.00405231 0
9 -5.01324 0.855126 0 0 0
10 54934.6 -5320.98 5.88596 0.00383027 0
11 -4.18656 0.683585 0 0 0
12 9510.83 -938.426 1.24617 0 0
13 54995.3 -5241.19 5.80641 0.00288658 0
14 -0.927075 0.568127 0 0 0
15 106.826 -10.8082 0.0143774 0 0
16 -2.86517 0.682995 0 0 0
17 32823.5 -3956.4 7.25536 0.000610623 0
18 69244.4 -9967.08 20.4795 0.0240363 0
19 -1.2521 0.617897 0 0 0
20 -2.3886 0.666316 0 0 0
21 -3.0209 0.66294 0 0 0
22 40935.7 -4374.98 5.99609 0.0004996 0
23 -83.4311 7.87422 0.00416334 0 0
24 232929 -24871.3 27.1304 0.0111577 0
25 0.879889 0.546797 0 0 0
26 2772.27 -315.933 0.502764 0 0
27 68599.2 -7689.13 10.4236 0.000111022 0
28 3509.99 -363.854 0.412004 0 0
29 -1.21283 0.396878 5.55112e-05 0 0
30 82592.9 -8895.66 12.3896 0 0
31 956.512 -102.761 0.136335 0 0
32 1.48223 0.51061 0 0 0
33 -0.220691 0.573013 5.55112e-05 0 0
34 48954.4 -4678.02 6.96987 0.00155431 0
35 15889.8 -1501.13 1.58568 5.55112e-05 0
36 -0.939509 0.630671 0 0 0
37 100787 -9358.84 6.4726 0.00888178 0
38 2.72425 0.458494 0 0 0
39 -65.6498 -1.82996 0.0728306 0 0
40 -0.420871 0.530675 0 0 0
41 4.23062 0.412989 0 0 0
42 1.18933 0.504524 0 0 0
43 -1.01566e+06 -2.37007e+07 5324.19 8.75466 0
44 3.1059 0.330177 0.000111022 0 0
45 -1.32387 0.724235 0 0 0
46 1453.75 -136.931 0.152267 0 0
47 766.425 -72.7559 0.0992539 0 0
48 186.939 -14.8472 0.0112688 0 0
49 1643.23 -138.564 0.00521805 0.000222045 0
50 39526.5 -4555.08 7.42073 0.000111022 0
51 2360.38 -218.713 0.20739 0 0
52 2.78779 0.432117 0 0 0
53 63396.8 -9727.2 25.5991 0.0187628 0
54 55148.1 -5861.43 8.03746 0 0
55 74883 -7288.8 6.57036 0.0180411 0
56 88.1801 -7.06593 0.000721645 0 0
57 4.99686 0.381943 0 0 0
58 113424 -11925.7 8.09353 0.000222045 0
59 12384.8 -1210.79 1.03062 0.000610623 0
60 15.9252 -0.567673 0 0 0
61 3488.62 -343.065 0.401623 0 0
62 2.67177 0.51533 0 0 0
63 4.85998 0.346054 0 0 0
64 1264.78 -141.507 0.20528 0 0
65 5.11202 0.32102 0 0 0
66 4.89155 0.373453 0 0 0
67 3.63755 0.391636 0 0 0
68 6.7283 0.227328 5.55112e-05 0 0
69 58972.4 -9132.45 24.4497 0.0152656 0
70 5.83789 0.238036 0.000222045 0 0
71 67657.7 -6791.28 10.1176 0.00538458 0
72 -8.58652 1.5806 0 0 0
73 22697.6 -2318.03 2.67913 0.000111022 0
74 3.44214 0.464575 0 0 0
75 -41.2742 3.42079 0.00882627 0 0
76 130304 -13093.6 16.7037 0.0029976 0
77 1.06069 0.537602 0 0 0
78 11878.3 -1060.23 0.890732 0.000277556 0
79 4.51275 0.405889 0 0 0
80 0.707962 0.568085 0 0 0
81 2.93047 0.413773 0 0 0
82 1.16649 0.508474 0 0 0
83 3.64162 0.425587 0 0 0
84 9817.31 -987.76 1.02046 0 0
85 54844.3 -5806.43 6.91047 0.000555112 0
86 8.06132 0.0902396 0.000277556 0 0
87 5.87378 -0.0206139 0.000721645 0 0
88 3.50838 0.419083 0 0 0
89 81467.5 -7573.11 6.81827 0.0192069 0
90 -2.45002 0.775681 0 0 0
91 90990.4 -8128.34 0.0854872 0.00849321 0
92 4.03455 0.24412 0.000888178 0 0
93 -32.4749 4.38589 0.00460743 0 0
94 54045 -5492.6 4.36662 0.000166533 0
95 -68.6694 5.64856 0.00860423 0 0
