0 -9.64485 1.37307 0 0 0
1 -10.7477 1.45924 0.000277556 0 0
2 -17.3105 1.29664 0.0004996 0 0
3 55183.6 -5750.25 7.31198 0.00416334 0
4 192.951 -17.1326 0.0179856 0 0
5 58611.8 -6365.69 8.27988 0.00438538 0
6 -8.86738 1.14375 0 0 0
7 -12.5377 1.40412 5.55112e-05 0 0
8 -6.64681 1.04733 0 0 0
9 11123.5 -1039.81 1.04389 0 0
10 -108.436 6.97287 0.00183187 0 0
11 -10.4918 1.21834 5.55112e-05 0 0
12 233490 -24886.6 32.4161 0.00183187 0
13 28.0773 0.334946 0 0 0
14 268981 -25904.6 30.2995 0.000721645 0
15 -5.74177 0.810181 0.000610623 0 0
16 -9.3208 1.10658 0 0 0
17 4.40426e+06 -397114 343.545 0.0107137 0
18 -9.41981 1.21473 0 0 0
19 3.64602e+06 -335489 232.246 0 0
20 4.39596 0.447498 0.000111022 0 0
21 281792 -26576.2 28.2108 0.000610623 0
22 -10.4792 1.26874 0 0 0
23 23439.4 -2236.24 2.60564 0 0
24 -7.75933 1.1232 0 0 0
25 88021.2 -10393.7 8.73562 0.0293099 0
26 74475 -9092.61 11.6191 0.0199285 0
27 69996.3 -7834.08 10.5851 0.0135447 0
28 203975 -21872.3 33.0735 0.000388578 0
29 1689.56 -167.344 0.191791 0 0
30 1.55459e+06 -124118 1.50469 0.162648 0
31 -8.60953 1.07994 0 0 0
32 27.2125 -6.32982 0.0366374 0 0
33 155611 -14164 14.9629 5.55112e-05 0
34 -9.6844 1.1866 0 0 0
35 -10.6228 1.1177 0 0 0
36 -9.4114 1.10026 0 0 0
37 -9.76021 1.13127 0 0 0
38 76.109 -5.96183 0.0059952 0 0
39 666982 -54226.4 1.48154 0.122347 0
40 -9.94633 1.15612 0 0 0
41 -18.8004 1.80068 0.000166533 0 0
42 785.543 -70.9244 0.0703881 0 0
43 14420.1 -1356.06 1.35392 0 0
44 3693.7 -345.554 0.370814 0 0
45 -9.80264 1.13446 0 0 0
46 56701.4 -4318.76 3.76849 0.000444089 0
47 71995.4 -6243.46 4.95598 0 0
48 -9.9085 1.08426 0 0 0
49 -11.3291 1.15866 0 0 0
50 -13.5545 1.39751 0 0 0
51 -9.78225 0.993099 0.00183187 0 0
52 -12.0747 1.19133 0 0 0
53 -26.5603 1.64454 0.00183187 0 0
54 530.388 -54.0376 0.0651146 0 0
55 -15.7155 1.63689 0 0 0
56 -9.31224 1.05015 0 0 0
57 47486 -5446.87 8.43187 0.00205391 0
58 -8.91206 1.10853 0 0 0
59 -12.404 1.32752 0 0 0
60 35005.6 -3166.05 3.28931 5.55112e-05 0
61 7823.54 -399.971 0.438372 0 0
62 24258.1 -2045.11 1.7667 5.55112e-05 0
63 59.3367 -1.92347 0.00965894 0 0
64 -4.50867 1.9493 0.00310862 0 0
65 -3.58975 0.965439 0 0 0
66 -6.71211 1.16582 0 0 0
67 51250 -7562.48 13.1991 0.00460743 0
68 -3.37211 1.02284 0 0 0
69 1182.34 -117.262 0.129285 0 0
70 -1.49901 0.94154 0 0 0
71 0.0799615 0.86477 0 0 0
72 -3.62527 0.994876 0 0 0
73 -6.92321 1.16386 5.55112e-05 0 0
74 306330 -28193.5 27.1094 0.00205391 0
75 -2.2148 0.991894 0 0 0
76 80752 -8882.34 6.85213 0.0188738 0
77 -4.78122 1.04565 0 0 0
78 -164.681 20.638 0.0154876 0 0
79 -5.60358 1.13375 0 0 0
80 -1.37109e+06 -2.40376e+07 3471.67 8.34671 0
81 76041.8 -9591.45 12.9897 0.0197065 0
82 -6.13754 1.08924 0 0 0
83 2292.45 -246.767 0.309808 0 0
84 7.79538 -0.837661 0.00704992 0 0
85 -4.23989 0.987707 0 0 0
86 17.0683 0.158383 0 0 0
87 73054.7 -8507.8 9.76075 0.0164313 0
88 -2.0767 0.852018 0 0 0
89 1587.03 -176.219 0.213829 0 0
90 -19.0252 1.97041 0.000333067 0 0
91 -15.1177 1.05946 0.00416334 0 0
92 -4.8219 1.16923 0 0 0
93 -1.99868 0.959363 0 0 0
94 -3.37115 1.01688 0.000111022 0 0
95 -16695.5 -174473 303.58 12.8169 0
