0 -13.3831 1.48635 0 0 0
1 -7.72667 1.03705 0.000111022 0 0
2 227592 -21527.8 23.4503 0.000222045 0
3 30.0076 -1.99886 0.002498 0 0
4 -6.01877 1.03054 0 0 0
5 -8.13647 1.16489 0 0 0
6 -6.29571 1.06954 0 0 0
7 -15.7772 0.828658 0.000444089 0 0
8 -9.16448 1.16863 0 0 0
9 -7.81802 1.17933 0 0 0
10 96134.9 -9361.54 8.84437 5.55112e-05 0
11 85116.3 -9531.11 7.60286 0.0230926 0
12 -29.0982 1.3167 0.00510703 0 0
13 -6.621 1.02795 0 0 0
14 1.39166 0.940802 5.55112e-05 0 0
15 28.93 -1.90959 5.55112e-05 0 0
16 233.891 -23.827 0.0575651 0 0
17 -12.7231 1.57594 0 0 0
18 -12.7927 1.33951 0 0 0
19 -6.32876 1.00777 0.000111022 0 0
20 -14.0932 1.58265 0 0 0
21 136.503 -29.9825 0.0586198 0 0
22 -28.1197 1.34453 0.00421885 0 0
23 588.452 -92.0148 0.137723 0 0
24 -6.72067 0.999296 0 0 0
25 -0.996398 0.727883 0.000111022 0 0
26 1.82549 0.353647 0.000166533 0 0
27 48.9557 -7.4147 0.0132117 0 0
28 -1.04515 0.533138 0.000555112 0 0
29 -11.1098 1.27179 0.000111022 0 0
30 24130.7 -2271.35 2.40474 0.000444089 0
31 71311.6 -7986.52 7.63511 0.0134337 0
32 -4.91268 1.06191 0.000111022 0 0
33 -4.68403 1.03072 0 0 0
34 3174.48 -288.154 0.367428 0 0
35 -11.578 1.55152 0 0 0
36 260.096 -26.0415 0.0315303 0 0
37 1685.78 -195.337 0.19762 0 0
38 -265378 -1.71375e+07 49.7906 15.0279 0
39 333.934 -18.1803 0.0100475 0 0
40 -7.3427 1.11996 0 0 0
41 59.7001 -3.51516 0 0 0
42 -8.89468 1.15957 0 0 0
43 605.463 -63.2784 0.0846545 0 0
44 -7.31179 1.05954 0 0 0
45 -3.35015 0.919913 5.55112e-05 0 0
46 24389.2 -2696.25 3.5526 0.000277556 0
47 -15.1728 1.54212 0.000222045 0 0
48 -9.50635 1.50946 0 0 0
49 -5.77032 1.00431 0 0 0
50 -5.16331 0.989613 0 0 0
51 331.822 -29.1751 0.0364153 0 0
52 20.6516 -2.21639 0.00416334 0 0
53 50.5857 3.73496 0.00188738 5.55112e-05 0
54 154.357 -11.5029 0.0121569 0 0
55 -3.75186 0.93732 0 0 0
56 86.4705 -5.70335 0.00571765 0 0
57 4.96201e+06 -518233 469.995 0.0600076 0
58 -20.7963 1.92829 0 0 0
59 65557.7 -6505.7 6.33121 0.00754952 0
60 56.2899 -2.86639 0.000333067 0 0
61 -5.35775 0.895872 0 0 0
62 -7.64088 1.11561 0 0 0
63 46290.4 -5515.12 7.24543 0.00116573 0
64 -4.76546 0.916469 0 0 0
65 41809.4 -4160.69 4.90968 0.0004996 0
66 -729897 -1.94789e+07 1513.06 1.69553 0
67 -7.23566 1.06339 0 0 0
68 7340.93 -629.853 0.560163 0 0
69 -12.03 1.28217 0 0 0
70 2752.71 -448.228 0.541456 0.000111022 0
71 -4.39669 0.961692 0 0 0
72 33473.9 -2773.61 1.85596 5.55112e-05 0
73 -10.3345 1.19767 0 0 0
74 51656 -5570.06 8.12733 0.00277556 0
75 70116 -6497.89 6.71613 5.55112e-05 0
76 824.869 -70.6895 0.102862 0 0
77 71051.2 -7432.91 8.5526 0.0101585 0
78 1.09133e+08 -8.26434e+06 601.303 3.40106 0
79 -4.83083 0.945497 0 0 0
80 -178.994 8.84781 0.022371 0 0
81 -6.30922 0.963526 0 0 0
82 -4.30613 0.950427 0 0 0
83 34375.1 -3375.58 3.69954 5.55112e-05 0
84 -6.89479 1.02681 0 0 0
85 -7.85652 1.06297 0 0 0
86 26475.8 -5044.2 2.39858 0.00222045 0
87 95.5096 -7.68134 0.0304756 0 0
88 2520.93 -242.717 0.343947 0 0
89 -10.8708 1.52171 0 0 0
90 -2.52874 0.819925 0 0 0
91 -6.57626 1.0006 0 0 0
92 65688.3 -6884.72 8.06344 0.00899281 0
93 -1.94234 0.647891 0.000388578 0 0
94 43382.7 -6394.26 9.23472 0.00466294 0
95 0 0 0 0 0
