0 -18.462 2.05126 0 0 0
1 -10.3947 1.18366 0 0 0
2 -10.7713 1.22013 0 0 0
3 73168.9 -8594.91 9.68758 0.0156541 0
4 1032.93 -87.8741 0.0630607 0 0
5 -8.81539 1.09755 0 0 0
6 -7.99089 1.03467 0 0 0
7 11.2263 -0.696272 0.0019984 0 0
8 -9.99607 1.2099 0 0 0
9 52998.4 -5407.39 6.74732 0.00216493 0
10 -8.6391 1.03946 0 0 0
11 -15.2234 1.56906 0 0 0
12 14685.9 -1361.99 1.24489 0 0
13 -9.06533 1.11239 0 0 0
14 19760.1 -1671.67 1.55198 0 0
15 174.445 -12.7856 0.0143774 0 0
16 -5015.05 -7422.53 11.7673 0.00177636 0
17 -8.7212 1.01889 5.55112e-05 0 0
18 1369.31 -134.099 0.197675 0 0
19 54859.8 -5255.53 6.14653 0.000166533 0
20 -199.342 -6938.78 10.9114 0.002498 0
21 52899.5 -6557.67 11.1675 0.00294209 0
22 -9.04055 1.09181 0 0 0
23 86.5513 -7.05051 0.0064948 0 0
24 67714.5 -7381.8 9.24888 0.0112688 0
25 90581.8 -10634 9.36484 0.029754 0
26 -5.51099 0.973602 0 0 0
27 24002.9 -2239.09 2.64178 0 0
28 57792.8 -6493.36 9.43245 0.0059952 0
29 6459.91 -601.61 0.547784 0 0
30 105414 -12659.7 7.91683 0.0450195 0
31 -7.85444 0.964842 0 0 0
32 -9.6467 1.1694 0 0 0
33 -8.89646 1.11089 0 0 0
34 73568.2 -8631.85 10.2993 0.0169864 0
35 21875.9 -2009.72 2.2955 0.000166533 0
36 233141 -20882 24.2149 0.000666134 0
37 -2.98329 0.734486 0.000166533 0 0
38 -9.46625 1.11286 0 0 0
39 182.456 -16.0492 0.0155431 0 0
40 -9.23439 1.17994 0 0 0
41 -9.28444 1.11646 0 0 0
42 -9.09755 1.12352 0 0 0
43 -6.98145 1.03894 0 0 0
44 -1.37809 0.575414 0 0 0
45 153100 -15358.4 18.1541 0.000222045 0
46 -6.98334 1.08222 0 0 0
47 -8.5815 0.429948 0 0 0
48 -11.1902 1.18373 0 0 0
49 -12.7706 1.27332 0 0 0
50 -9.34537 1.12138 0 0 0
51 479207 -48325.8 62.1129 0.00094369 0
52 -9.13905 1.08261 5.55112e-05 0 0
53 -3334.85 -6063 10.1568 0.00105471 0
54 87.1436 -7.88974 0.00910383 0 0
55 27725.3 -2596.18 2.36017 0.00127676 0
56 -13.6172 1.34691 0 0 0
57 -7.5728 0.650077 0.00133227 0 0
58 3058.79 -8023.93 11.0155 0.00338618 0
59 234442 -24298.3 30.728 0.000777156 0
60 -9.79716 1.13219 0 0 0
61 -10.6837 1.19606 0 0 0
62 -9.95573 1.12752 0 0 0
63 125359 -11701 12.3145 0.00144329 0
64 5.78332e+06 -498401 312.954 5.55112e-05 0
65 -5.52743 1.34261 0 0 0
66 232.531 -21.507 0.0314748 0 0
67 364003 -29760.6 8.63126 0.0270339 0
68 -865455 -1.35214e+07 19.7086 13.4627 0
69 66162.2 -7409.98 7.91905 0.0102141 0
70 3.39321 0.727182 0 0 0
71 14265.9 -1040.96 0.343892 0.000666134 0
72 561.333 -58.0762 0.0878186 0 0
73 7.44678 0.550704 0 0 0
74 1.15537 0.833248 0 0 0
75 36128.2 -3159.23 2.71433 0 0
76 5.4595 0.601013 0 0 0
77 4611.09 -518.682 0.706046 0 0
78 1970.44 -177.485 0.226985 0 0
79 0.380278 0.91608 0 0 0
80 8.56537 0.0681423 0.000721645 0 0
81 65093.3 -6785.8 7.76817 0.00860423 0
82 5.28551 0.572585 0 0 0
83 29424.4 -2889.39 3.5828 5.55112e-05 0
84 -90.6663 4.71961 0.000111022 0 0
85 107.778 -9.76058 0.0121569 0 0
86 1.41122 0.729233 0 0 0
87 95235.1 -11166.6 7.64905 0.0332512 0
88 5326.34 -526.367 0.601463 0 0
89 -1.77754 0.945913 0 0 0
90 -9.48569 1.56998 0 0 0
91 427149 -40295.5 44.923 0.000610623 0
92 2070.31 -193.853 0.268841 0 0
93 -2626.43 -4647.7 5.04241 0.000388578 0
94 6068.66 -587.065 0.588252 0 0
95 0 0 0 0 0
