0 93274.1 -12119.1 14.2753 0.0411893 0
1 -9.16969 1.1229 0 0 0
2 -13.3257 0.434513 0.0034972 0 0
3 -11.6276 1.2204 0 0 0
4 2.0298e+06 -189012 166.199 0.00210942 0
5 -11.0332 1.20026 5.55112e-05 0 0
6 -9.81113 1.13497 0 0 0
7 -15.4862 1.44923 0 0 0
8 -11.055 1.02597 0.000277556 0 0
9 514.878 -40.6017 0.0476841 0 0
10 59837.4 -5763.6 6.13115 0.00383027 0
11 -9.74376 1.1564 0 0 0
12 -10.5438 1.09302 0 0 0
13 1714.47 -157.51 0.185241 0 0
14 -0.0288784 -0.0147871 0.00133227 0 0
15 -104.883 7.06237 0.0059952 0 0
16 20.4711 -1.05671 0 0 0
17 -13.628 1.18974 0 0 0
18 -13.5935 1.26818 0 0 0
19 55382.2 -4496.31 3.61172 5.55112e-05 0
20 58933.7 -9137.26 21.9053 0.0059952 0
21 -13.0248 1.28111 0 0 0
22 -9.39164 1.08776 0 0 0
23 3376.42 -319.15 0.369649 0 0
24 113409 -10177.8 10.4819 0.000999201 0
25 58924.1 -5714.09 6.24562 0.00344169 0
26 -20.4162 5.30275 0.0309197 0 0
27 113530 -14050.2 8.08587 0.0513478 0
28 102198 -8416.5 6.49342 0.000444089 0
29 1715.16 -151.946 0.118461 0 0
30 -12.6414 1.20205 0 0 0
31 -12.4227 1.17171 0 0 0
32 -12.8756 1.22691 0 0 0
33 -10.4626 1.06909 0 0 0
34 30.9419 -2.82553 0.00927036 0 0
35 -16.6291 1.33863 0 0 0
36 -8.7233 0.661455 0 0 0
37 -13.0055 1.22603 0 0 0
38 -14.3539 1.24662 0 0 0
39 -1.30802 0.238896 0.000721645 0 0
40 -10.9855 1.14279 0 0 0
41 -13.5936 1.30514 0 0 0
42 334945 -31862.6 35.2349 0.00222045 0
43 -17.1805 1.40592 0 0 0
44 -30.4905 2.81202 0 0 0
45 6580.09 -585.807 0.661582 0 0
46 -16.2054 1.315 0 0 0
47 -12.3548 1.25926 0 0 0
48 8.43766e+06 -729616 613.155 0.0269784 0
49 4092.31 -337.211 0.348888 0 0
50 -5346.66 -10561.8 17.8314 0.00577316 0
51 -10.9011 1.06036 5.55112e-05 0 0
52 6.44558e+07 -5.92845e+06 906.562 4.16495 0
53 -11.5554 1.01852 0.000166533 0 0
54 -25.0094 1.87544 5.55112e-05 0 0
55 -12.2378 1.1708 0 0 0
56 27.2705 -1.95776 0.0004996 0 0
57 -14.5053 1.27328 0 0 0
58 -17.0012 1.54561 0 0 0
59 257800 -22954.9 20.5481 0.000999201 0
60 -14.2905 1.23618 0 0 0
61 69873.4 -6276.22 5.72076 0.000222045 0
62 -13.8667 1.23172 0 0 0
63 -7.59971 0.568087 0.000555112 0 0
64 -26.4997 3.21086 5.55112e-05 0 0
65 -9.37661 1.07056 0 0 0
66 -9.94023 1.16921 0 0 0
67 -12.1864 1.1691 0 0 0
68 -9.56144 1.10636 0 0 0
69 -34.4328 3.91591 0.000277556 0 0
70 -13.1135 1.35024 5.55112e-05 0 0
71 -102.962 -0.565396 0.0428546 0 0
72 47666.2 -6009.95 11.7188 0.000277556 0
73 3843.89 -403.107 0.546008 0 0
74 -12.4315 1.29586 0 0 0
75 81695.9 -9557.16 9.55169 0.0230926 0
76 2897.54 -308.002 0.399458 0 0
77 -10.4484 1.14276 0 0 0
78 -1.08662 0.759266 5.55112e-05 0 0
79 13899 -1451.14 1.84519 5.55112e-05 0
80 77420.4 -8416.17 10.3951 0.0165978 0
81 -13.5349 1.31923 5.55112e-05 0 0
82 76193.7 -8135.09 8.08598 0.017486 0
83 87.9913 -7.4463 0.00593969 0 0
84 -13.2939 1.36177 0 0 0
85 -9.18227 1.05474 0 0 0
86 -10.1521 1.12763 0 0 0
87 -9.0074 1.05274 0 0 0
88 -11.6122 1.16783 0 0 0
89 77.5051 -6.5183 0.0109912 0 0
90 -11.9525 1.18262 0 0 0
91 112437 -13696.3 9.6454 0.0491274 0
92 -17.7388 1.57521 0 0 0
93 1.37792e+06 -109616 0.261235 0.13739 0
94 121415 -15048 11.1728 0.07222 0
