0 63210.9 -5805.72 7.00467 0.000111022 0
1 87302.7 -10666.2 10.3811 0.0295874 0
2 -2.4337 0.89956 0 0 0
3 27402.9 -2510.56 2.30882 0 0
4 -69.2036 5.41593 0.00105471 0 0
5 5.25309 0.323409 0.0059952 0 0
6 -6.61776 0.995983 0 0 0
7 -6.40671 1.01713 0 0 0
8 -3.80916 1.1101 0 0 0
9 1.67389 0.686298 5.55112e-05 0 0
10 -6.40296 0.963775 0.000111022 0 0
11 37899.7 -4266.3 6.35325 0.00111022 0
12 -15.7212 1.86162 0 0 0
13 2143.37 -206.039 0.273503 0 0
14 452226 -44656.3 50.1189 0 0
15 -0.758271 0.742157 0 0 0
16 -5.955 0.987926 0 0 0
17 -2.81611 0.897468 0 0 0
18 -7.38392 1.02119 0 0 0
19 -6.2366 1.01155 0 0 0
20 -1.94216 0.83719 0 0 0
21 57.8837 -6.5746 0.0128786 0 0
22 -6.04491 0.977844 0 0 0
23 -7.07033 1.01316 0 0 0
24 1.50319e+06 -114837 19.9898 0.0957567 0
25 -5.33649 0.928093 0 0 0
26 -8.28317 1.08608 0 0 0
27 -7.76841 1.33498 0 0 0
28 25517.8 -2742.23 2.3106 0.000166533 0
29 1.78957e+06 -144285 1.15208 0.168254 0
30 -22.143 2.5488 0 0 0
31 -19.7425 1.71249 5.55112e-05 0 0
32 -1.47462 0.947482 0 0 0
33 -61.9592 2.61094 0.0241474 0 0
34 -1.97703 0.902448 0 0 0
35 -0.156171 0.830069 0 0 0
36 696.61 -77.8148 0.0991429 0 0
37 -0.785309 0.87004 0 0 0
38 648953 -53268.5 39.1735 0.0114908 0
39 -2.66921 1.0189 0 0 0
40 -3.6755 1.25937 0 0 0
41 119.13 -10.3635 0.0121014 0 0
42 -5.84749 1.01633 0 0 0
43 841324 -70641.6 19.3279 0.0771605 0
44 -57.5648 2.02181 0.00738298 0 0
45 1510.08 -197.518 0.391187 0 0
46 58935.4 -6282.33 8.0721 0.00538458 0
47 30.2675 -1.64333 0 0 0
48 -8.34552 1.22559 5.55112e-05 0 0
49 82538.6 -8788.17 9.55686 5.55112e-05 0
50 -37.7974 2.23198 0 0 0
51 -22.0286 3.07182 0 0 0
52 -10.8677 1.38633 0.000277556 0 0
53 -243.006 5.98232 0.0358602 0 0
54 -1.04877 0.811322 0 0 0
55 3059.98 -290.274 0.308475 0 0
56 1.05566e+06 -123969 84.9872 0.0695555 0
57 157.287 -14.8062 0.0158762 0 0
58 0.653171 0.788759 0 0 0
59 -2.93747 0.872526 0 0 0
60 -0.921602 0.834197 0 0 0
61 -5.21517 1.10678 5.55112e-05 0 0
62 849.039 -75.2168 0.0928702 0 0
63 97.3618 -3.13086 0.00743849 0 0
64 20727 -2209.91 2.85705 5.55112e-05 0
65 22664.2 -2489.09 3.79102 0.000777156 0
66 352057 -34279.1 35.0094 0.00344169 0
67 13.1006 -0.181666 0.00116573 0 0
68 2.65591 0.716868 0 0 0
69 1.00604 0.748278 0 0 0
70 -0.0320176 0.807601 0 0 0
71 2.97028 0.691944 0 0 0
72 0.831593 0.747139 0 0 0
73 4.59447 0.513005 0 0 0
74 -4761.47 -9391.72 15.2328 0.00421885 0
75 0.906776 0.799307 0 0 0
76 -0.312624 0.954676 0 0 0
77 -1.06819 0.816343 0 0 0
78 0.306168 0.799913 0 0 0
79 66300.5 -6793.48 7.72882 0.00816014 0
80 11777.5 -1262.85 1.17845 0 0
81 0.223018 0.833238 0 0 0
82 -0.816548 0.811679 0 0 0
83 10878 -1268.64 1.49314 0 0
84 -0.316053 0.900312 0 0 0
85 -4.85974 0.453598 0.000111022 0 0
86 -0.296352 0.807976 0 0 0
87 0.104963 0.834855 0 0 0
88 2.47556 0.720319 0 0 0
89 -4.74605 0.907194 5.55112e-05 0 0
90 -1026.18 -6905.22 9.32632 0.00222045 0
91 27071.2 -2546.78 3.03235 5.55112e-05 0
92 257.298 -25.7285 0.0540679 0 0
93 -0.192784 0.812151 0 0 0
94 -25.2397 2.68189 0.000111022 0 0
