0 -21.0478 0.149006
1 -39.5839 0.1547
2 -13.0797 0.125495
3 13.8938 0.149878
4 -39.3283 0.180159
5 -26.5687 0.149465
6 -63.0802 0.239088
7 6631.88 -12.6667
8 9.14585 0.12752
9 -54.1215 0.208312
10 -3.57436 0.108043
11 -40.2443 0.179803
12 -40.2443 0.179803
13 -0.194049 0.119993
14 -0.194049 0.119993
15 -14.0891 0.14314
16 14.2738 0.118545
17 -58.0411 0.213117
18 -57.8915 0.213307
19 -1.3714 0.139271
20 -1.3714 0.139271
21 -27.2683 0.0992663
22 -18.2813 0.159067
23 -21.0231 0.154235
24 2.6871 0.124999
25 7.56906 0.0774038
26 7.56906 0.0774038
27 7.56906 0.0774038
28 7.56906 0.0774038
29 -2440.87 3.3125
30 -14.225 0.159295
31 -61.1703 0.190171
32 -37.1364 0.230951
33 -11.9701 0.137305
34 -11.9701 0.137305
35 2.21857 0.160899
36 2.21857 0.160899
37 2.21857 0.160899
38 -6.40367 0.155693
39 5.90503 0.129496
40 -21.7716 0.181373
41 -21.7716 0.181373
42 -25.3443 0.176806
43 -25.3443 0.176806
44 -10.0373 0.206975
45 101.781 -0.0555556
46 -4.89409 0.161315
47 -63.5742 0.25641
48 -24.4556 0.153899
49 -24.4556 0.153899
50 -16.7407 0.168556
51 -16.7407 0.168556
52 -16.7407 0.168556
53 38.2441 0.145301
54 -15.6981 0.18956
55 -15.6981 0.18956
56 -245.503 0.375
57 -174.27 0.511625
58 -174.27 0.511625
59 -237.115 0.436925
60 -212.766 0.473687
61 -158.014 0.421053
62 -158.014 0.421053
63 -158.014 0.421053
64 -404.783 0.293723
65 -404.783 0.293723
66 -357.786 0.3277
67 -205.559 0.614721
68 -221.676 0.58907
69 -277.336 0.653846
70 -277.336 0.653846
71 -297.216 0.619052
72 -317.89 0.591968
73 -317.89 0.591968
74 -261.571 0.699781
75 23.7991 0.164308
76 52.4921 0.134497
77 52.4921 0.134497
78 52.4921 0.134497
79 52.4921 0.134497
80 47.232 0.162639
81 29.1079 0.138975
82 53.5941 0.170807
83 33.9669 0.139219
84 33.9669 0.139219
85 38.5672 0.13446
86 34.545 0.126502
87 34.545 0.126502
88 34.545 0.126502
89 -63.7482 0.29632
90 -63.7482 0.29632
91 -62.9094 0.317457
92 13.8308 0.168367
93 13.8308 0.168367
94 70.1458 0.0911579
