0 -44.0477 0.156696
1 -49.5295 0.1516
2 1.47654 0.136909
3 -10.7504 0.144403
4 -54.1681 0.151293
5 17.3643 0.132519
6 -23.4799 0.137048
7 47.7439 0.0878541
8 133.378 -0.124324
9 -52.3375 0.160063
10 -20.7959 0.222599
11 -20.7959 0.222599
12 -19.5593 0.136752
13 8.80244 0.111354
14 26.4061 0.0475204
15 -44.0204 0.150377
16 -48.117 0.142697
17 -18.1649 0.139546
18 -41.1366 0.107522
19 -1108.59 2.21399
20 -1304.95 1.94402
21 -40.0102 0.162379
22 -20.9521 0.19972
23 -42.641 0.160455
24 -40.8567 0.16283
25 -39.4855 0.164105
26 -39.4855 0.164105
27 31.9183 0.0340909
28 15.1213 0.00638912
29 48.2083 0.0471718
30 48.2083 0.0471718
31 63.2658 0.0617729
32 352.493 -0.564815
33 666.583 -0.341447
34 -6.40173 0.17259
35 -22.8827 0.159574
36 -22.8827 0.159574
37 -51.0593 0.183168
38 -30.6361 0.219421
39 -30.6361 0.219421
40 -31.6356 0.217998
41 -46.7735 0.202711
42 143.079 -0.136364
43 -4.94145 0.142202
44 -2.55963 0.136779
45 19.0387 0.174253
46 -16.4111 0.161713
47 28.308 0.147572
48 17.7636 0.134413
49 17.7636 0.134413
50 18.6079 0.135831
51 -1.61138 0.0970504
52 10.5755 0.119274
53 -48.0909 0.199405
54 -48.0909 0.199405
55 -48.0909 0.199405
56 51.1807 0.0681818
57 68.2901 0.092201
58 68.2901 0.092201
59 68.2901 0.092201
60 69.7065 0.0943298
61 50.8992 0.060465
62 64.4448 0.0770183
63 64.4448 0.0770183
64 50.3077 0.137778
65 50.3077 0.137778
66 50.3077 0.137778
67 54.9747 0.18254
68 50.4718 0.174066
69 40.0929 0.155
70 40.0929 0.155
71 48.8058 0.166801
72 48.8058 0.166801
73 48.8058 0.166801
74 41.8212 0.15373
75 41.8212 0.15373
76 50.9616 0.167325
77 47.232 0.16302
78 44.866 0.159464
79 402.336 -0.535354
80 63.6588 0.165493
81 66.0832 0.150465
82 64.801 0.148412
83 68.6172 0.154046
84 65.4429 0.147752
85 30.9353 0.14273
86 94.7569 0.118557
87 42.9705 0.164254
88 57.1642 0.140927
89 80.1692 0.138754
90 55.7704 0.140987
91 73.0767 0.135173
92 60.2834 0.173217
93 55.6337 0.133186
94 60.7051 0.135453
