0 35.557 0.147221
1 9.2444 0.147238
2 -3.69638 0.192926
3 46.0766 0.119802
4 20.3934 0.131011
5 22.6862 0.142522
6 35.1482 0.134965
7 -9.09293 0.178201
8 -178.255 0.474229
9 29.1325 0.136989
10 7.8332 0.153747
11 5.75798 0.153367
12 47.775 0.112211
13 -14.2982 0.151212
14 1.23875 0.137539
15 -6.40406 0.135843
16 -4.13251 0.132337
17 47.6931 0.131599
18 38.0821 0.14345
19 21.4809 0.143383
20 907.31 -1.32051
21 3.69494 0.143297
22 15.5704 0.141034
23 45.4574 0.0952869
24 27.6449 0.115081
25 44.9103 0.133424
26 -6.42596 0.152155
27 -6.32 0.157391
28 18.6219 0.143814
29 37.3827 0.133527
30 14.409 0.128901
31 37.5516 0.112154
32 16.3674 0.159537
33 -18.8771 0.181575
34 6.65763 0.141031
35 -1.01622 0.146654
36 -0.0965226 0.159096
37 7.30411 0.159763
38 -1.95632 0.161652
39 -6.35545 0.154187
40 -53.9046 0.216962
41 -30.2539 0.164335
42 15.7457 0.167014
43 -55.2877 0.237019
44 -21.8646 0.171138
45 7.0332 0.155128
46 13.8683 0.165807
47 -20.6173 0.156092
48 -8.41052 0.172654
49 -7.41808 0.149254
50 17.6536 0.141887
51 -0.180186 0.15564
52 16.9993 0.145639
53 29.3165 0.133862
54 6.49952 0.157501
55 -1.51988 0.162079
56 -6.62275 0.164402
57 9.74213 0.136223
58 -29.1056 0.160197
59 15.1707 0.130166
60 -27.8548 0.15738
61 -9.36537 0.172163
62 -1.53072 0.156662
63 -32.4587 0.164369
64 79.3619 0.148932
65 56.5436 0.158258
66 68.0952 0.171368
67 69.6996 0.145469
68 112.013 0.100931
69 96.7008 0.142285
70 58.5736 0.151839
71 56.7368 0.146813
72 54.856 0.189525
73 64.3505 0.168518
74 34.7105 0.146085
75 40.8936 0.178581
76 78.1066 0.158731
77 43.9049 0.15197
78 19.1526 0.185039
79 30.7807 0.171673
80 57.0582 0.139466
81 52.2627 0.147987
82 45.058 0.168545
83 39.4184 0.164721
84 65.6421 0.152963
85 57.3244 0.187308
86 74.2423 0.123105
87 83.1441 0.15021
88 67.8365 0.152788
89 55.5923 0.147177
90 47.5111 0.164372
91 86.6317 0.136627
92 72.2903 0.146484
93 52.1942 0.156895
94 51.293 0.180027
