0 38.1469 0.141187
1 26.3816 0.156914
2 44.1124 0.140416
3 33.1355 0.140111
4 46.1927 0.142643
5 6.14942 0.162357
6 25.7953 0.144857
7 30.8726 0.150765
8 20.6619 0.145765
9 46.9787 0.139466
10 13.6153 0.205624
11 39.6573 0.138311
12 23.1613 0.149712
13 26.3808 0.177889
14 26.6494 0.137758
15 36.8733 0.145264
16 47.9687 0.134145
17 -22.161 0.217701
18 -2.02322 0.170239
19 18.6069 0.148427
20 8.61335 0.1799
21 63.7849 0.133311
22 14.0962 0.145967
23 71.8543 0.08543
24 16.0839 0.144198
25 15.4335 0.132312
26 25.5936 0.190606
27 18.9954 0.140377
28 33.7787 0.145008
29 28.1822 0.153524
30 77.5823 0.0516624
31 53.1154 0.098238
32 42.8115 0.0826576
33 42.8115 0.0826576
34 49.8357 0.0869565
35 -30.9077 0.165272
36 -30.9077 0.165272
37 -30.9077 0.165272
38 -30.9077 0.165272
39 -39.2153 0.157789
40 -35.847 0.161642
41 1.85141 0.129802
42 -9.87914 0.106591
43 -9.87914 0.106591
44 -9.87914 0.106591
45 -0.342807 0.121368
46 1.74943 0.125358
47 8.13082 0.133053
48 8.13082 0.133053
49 14.5294 0.136223
50 2.92663 0.113534
51 0.691458 0.109601
52 0.691458 0.109601
53 0.691458 0.109601
54 1.01282 0.130662
55 -97.8511 0.25
56 -97.8511 0.25
57 -102.6 0.244587
58 -70.5312 0.299654
59 -103.425 0.261418
60 -90.6882 0.280362
61 -78.8493 0.303334
62 -78.8493 0.303334
63 -78.8493 0.303334
64 -78.2428 0.30452
65 15.8722 0.148713
66 47.8284 0.148835
67 61.2994 0.131902
68 15.8575 0.148515
69 16.3896 0.149568
70 31.005 0.144785
71 3.2721 0.0932722
72 -413.422 0.954545
73 -413.422 0.954545
74 14.7428 0.131325
75 -75.9239 0.334749
76 -74.4803 0.337583
77 31.7863 0.10852
78 33.6236 0.11143
79 47.1657 0.138503
80 41.448 0.117857
81 49.5805 0.128842
82 -21.7208 0.162616
83 31.7946 0.142912
84 30.5946 0.152629
85 -14.7784 0.187119
86 -12.4618 0.19053
87 -6.32716 0.150078
88 7.25676 0.143437
89 -29.1327 0.187437
90 26.2337 0.163722
91 7.36722 0.16796
92 13.0613 0.191073
93 1.26523 0.151345
94 44.2443 0.11603
