0 13.5453 0.147139
1 -28.3755 0.157389
2 -60.8534 0.128397
3 -14.1533 0.21866
4 -42.6456 0.165241
5 253.771 -0.333333
6 21.4041 0.142496
7 35.9049 0.124416
8 22.1496 0.100341
9 2.09493 0.0683738
10 -15.5549 0.167157
11 -47.667 0.180721
12 -7.8935 0.158055
13 -23.4547 0.156837
14 -6.45446 0.16594
15 -25.5443 0.173379
16 -11.5053 0.165096
17 3.32795 0.149934
18 -8.00225 0.161017
19 -0.363818 0.162118
20 20.7678 0.1058
21 -3.74218 0.145769
22 -23.7554 0.147798
23 -22.4577 0.150812
24 4.20638 0.125301
25 22.7388 0.148541
26 -19.8129 0.152931
27 -16.9378 0.209995
28 3.416 0.148152
29 -33.4655 0.154105
30 -25.5479 0.162803
31 -5.24754 0.143766
32 0.197972 0.170206
33 -18.3656 0.179642
34 20.0978 0.18389
35 91.9775 1.92979e-09
36 21.9337 0.113821
37 28.0948 0.124101
38 -24.8232 0.235772
39 19.2064 0.149713
40 -15.4839 0.156864
41 -23.522 0.277778
42 -34.6159 0.229268
43 28.1151 0.149812
44 44.2522 0.115607
45 11.3859 0.157151
46 13.8676 0.129136
47 28.6308 0.124483
48 7.57442 0.135593
49 1.38177 0.162207
50 8.59656 0.176626
51 -5.25297 0.157415
52 16.5767 0.161538
53 22.928 0.156137
54 15.2213 0.15
55 20.8158 0.164696
56 28.1178 0.17892
57 31.1429 0.18456
58 -14.3865 0.22
59 50.7218 0.123494
60 14.1112 0.142873
61 8.87213 0.133671
62 -148.214 0.5
63 -18.8417 0.24043
64 36.908 0.183605
65 36.908 0.183605
66 37.7481 0.185189
67 42.0072 0.142647
68 307.312 -0.387387
69 -6.34937 0.164959
70 12.0042 0.198007
71 18.6686 0.209671
72 1.47101 0.177245
73 1.47101 0.177245
74 -366.083 0.739496
75 -399.4 0.696018
76 -420.744 0.672098
77 -420.744 0.672098
78 -420.744 0.672098
79 70.2936 0.121035
80 70.2936 0.121035
81 58.6209 0.0994733
82 32.4491 0.136147
83 32.4491 0.136147
84 25.5859 0.123033
85 25.5859 0.123033
86 25.4205 0.195258
87 25.4205 0.195258
88 18.4668 0.181607
89 18.4668 0.181607
90 18.4668 0.181607
91 45.5802 0.135993
92 34.8091 0.116315
93 42.2265 0.130735
94 42.2265 0.130735
95 17.854 0.161103
