0 42.3252 0.0979907
1 171.597 -0.125115
2 39.6483 0.115551
3 39.6483 0.115551
4 25.0365 0.0891929
5 21.3534 0.101104
6 30.5452 0.124125
7 -15.3223 0.173913
8 -15.3223 0.173913
9 -131.543 0.373016
10 18.8515 0.15639
11 18.8515 0.15639
12 306.987 -0.375
13 14.734 0.129339
14 45.2372 0.107112
15 45.2372 0.107112
16 -9.27517 0.140244
17 -9.27517 0.140244
18 -9.27517 0.140244
19 34.4073 0.0916451
20 34.4073 0.0916451
21 -52.5568 0.245194
22 20.8137 0.150579
23 20.8137 0.150579
24 3.40285 0.124489
25 3.40285 0.124489
26 -38.5639 0.187206
27 -11.1409 0.128287
28 -3.80966 0.142765
29 -53.591 0.243088
30 -57.8526 0.284889
31 -23.1638 0.16646
32 42.927 0.125
33 39.8028 0.119708
34 -5.98966 0.20312
35 49.7971 0.118421
36 -8.87122 0.159905
37 39.3801 0.133012
38 31.7868 0.119198
39 31.7868 0.119198
40 34.559 0.122565
41 -44.0063 0.238636
42 27.6881 0.140392
43 24.7195 0.135414
44 6.11606 0.20091
45 5.02417 0.109419
46 -11.0165 0.192308
47 32.9994 0.164179
48 -77.856 0.321429
49 19.5574 0.171244
50 -36.5309 0.227701
51 -12.3006 0.173012
52 29.2407 0.152058
53 20.4364 0.134636
54 35.5559 0.157058
55 31.7248 0.139611
56 23.3019 0.157158
57 7.55174 0.126478
58 30.0108 0.166486
59 -129.57 0.359375
60 -171.997 0.310568
61 30.4386 0.127451
62 -121.97 0.4
63 1.45189 0.1537
64 165.056 -0.048495
65 170.099 -0.039967
66 428.331 -0.593023
67 170.139 -0.0453587
68 159.307 -0.0635533
69 182.6 -0.0323433
70 17.6024 0.198556
71 84.3702 0.131634
72 84.3702 0.131634
73 84.3702 0.131634
74 42.7175 0.156388
75 -16.5815 0.224833
76 40.8581 0.134425
77 44.8906 0.142219
78 44.8906 0.142219
79 41.247 0.135108
80 81.3907 0.0699604
81 56.2766 0.13354
82 51.8631 0.124876
83 1611.43 -2.89583
84 79.7305 0.1
85 37.6695 0.149276
86 32.63 0.144223
87 65.532 0.128623
88 56.028 0.111632
89 112.856 -0.0208041
90 112.856 -0.0208041
91 33.1355 0.137704
92 14.7809 0.189655
93 27.3236 0.180075
94 9.96182 0.152434
95 56.0389 0.136025
