0 15.9265 0.147751
1 -22.935 0.131328
2 -0.912474 0.159462
3 36.8452 0.133159
4 -31.0226 0.178214
5 5.52375 0.131264
6 -18.4041 0.0872283
7 -11.8989 0.14968
8 -14.6356 0.14616
9 -23.0062 0.150227
10 -18.3443 0.15526
11 -40.5755 0.133837
12 -21.3254 0.162132
13 -22.06 0.16121
14 -29.1679 0.135714
15 -17.0851 0.158978
16 -17.0851 0.158978
17 -17.0851 0.158978
18 -17.0851 0.158978
19 -27.1823 0.148572
20 -27.1823 0.148572
21 -27.1823 0.148572
22 -27.1823 0.148572
23 -15.0375 0.155678
24 -15.0375 0.155678
25 -15.0375 0.155678
26 -36.5488 0.144769
27 -36.5488 0.144769
28 -40.8144 0.137291
29 -40.8144 0.137291
30 -40.8144 0.137291
31 -14.5708 0.183303
32 -7.00732 0.137216
33 -39.3037 0.0942292
34 -39.3037 0.0942292
35 -39.3037 0.0942292
36 -39.3037 0.0942292
37 -39.3037 0.0942292
38 -39.3037 0.0942292
39 -39.3037 0.0942292
40 -39.3037 0.0942292
41 -39.3037 0.0942292
42 -39.3037 0.0942292
43 -39.3037 0.0942292
44 -39.3037 0.0942292
45 -18.6319 0.132841
46 -28.0374 0.11813
47 -28.0374 0.11813
48 -28.0374 0.11813
49 -28.0374 0.11813
50 -28.0374 0.11813
51 -28.0374 0.11813
52 -28.0374 0.11813
53 -28.0374 0.11813
54 -28.0374 0.11813
55 -38.5704 0.105699
56 101.559 -0.0555556
57 101.559 -0.0555556
58 101.559 -0.0555556
59 141.327 -0.0147369
60 141.327 -0.0147369
61 141.327 -0.0147369
62 141.327 -0.0147369
63 141.327 -0.0147369
64 172.886 0.0152844
65 -395.175 0.391499
66 -395.175 0.391499
67 -395.175 0.391499
68 -247.578 0.642789
69 55.5845 0.140482
70 65.9941 0.148742
71 45.0824 0.115932
72 45.0824 0.115932
73 45.0824 0.115932
74 55.5091 0.126723
75 55.5091 0.126723
76 26.687 0.0852717
77 26.687 0.0852717
78 64.9742 0.127565
79 64.9742 0.127565
80 64.9742 0.127565
81 124.367 -0.00347222
82 117.6 -0.0161129
83 117.6 -0.0161129
84 117.6 -0.0161129
85 115.866 -0.0191633
86 -76.7747 0.326087
87 -4.44572 0.177305
88 13.7998 0.211385
89 83.639 0.0881935
90 83.639 0.0881935
91 95.2195 0.102671
92 41.2616 0.149244
93 44.5031 0.139579
94 26.5568 0.185713
