0 -20.5243 0.139567
1 -57.4379 0.134848
2 -53.9207 0.160169
3 -33.8895 0.12438
4 -36.6183 0.119264
5 -31.5113 0.130994
6 -52.6507 0.19038
7 -51.1867 0.193161
8 -36.5399 0.132832
9 -67.2669 0.233333
10 -41.7304 0.158146
11 -415.309 0.820513
12 -415.309 0.820513
13 -415.309 0.820513
14 -415.309 0.820513
15 -460.919 0.752471
16 -23.3188 0.144488
17 -66.1476 0.181962
18 -64.6575 0.183135
19 -64.6575 0.183135
20 -64.6575 0.183135
21 -64.6575 0.183135
22 -64.6575 0.183135
23 -64.6575 0.183135
24 -68.9386 0.174986
25 -68.9386 0.174986
26 -90.3437 0.149634
27 -90.3437 0.149634
28 -90.3437 0.149634
29 -75.6193 0.174703
30 -75.6193 0.174703
31 -75.6193 0.174703
32 -25.2977 0.313725
33 -115.173 0.258759
34 -115.173 0.258759
35 -115.173 0.258759
36 -115.173 0.258759
37 -81.8256 0.313217
38 -81.8256 0.313217
39 -81.8256 0.313217
40 51.0306 0.159836
41 51.0306 0.159836
42 51.0306 0.159836
43 51.0306 0.159836
44 59.5305 0.175832
45 59.5305 0.175832
46 59.5305 0.175832
47 59.5305 0.175832
48 59.5305 0.175832
49 59.5305 0.175832
50 59.5305 0.175832
51 58.6983 0.174317
52 58.6983 0.174317
53 57.9782 0.173039
54 57.9782 0.173039
55 57.9782 0.173039
56 62.63 0.182065
57 62.63 0.182065
58 62.63 0.182065
59 59.9649 0.177384
60 59.9649 0.177384
61 59.9649 0.177384
62 59.9649 0.177384
63 59.9649 0.177384
64 59.9649 0.177384
65 71.8593 0.094697
66 71.8593 0.094697
67 131.02 -0.00793651
68 156.287 0.0184591
69 156.287 0.0184591
70 156.287 0.0184591
71 109.039 -0.0561417
72 109.039 -0.0561417
73 109.039 -0.0561417
74 109.039 -0.0561417
75 109.039 -0.0561417
76 109.039 -0.0561417
77 109.039 -0.0561417
78 125.164 -0.0241717
79 125.164 -0.0241717
80 125.164 -0.0241717
81 125.164 -0.0241717
82 125.164 -0.0241717
83 125.164 -0.0241717
84 125.164 -0.0241717
85 125.164 -0.0241717
86 114.581 0.00645878
87 115.885 0.00821985
88 110.921 -0.000815648
89 -20.7546 0.272217
90 -34.3101 0.252467
91 -0.839044 0.156383
92 -10.6773 0.198541
93 29.3859 0.148749
94 48.37 0.127067
