0 18.7756 0.149641
1 46.9787 0.126387
2 19.2753 0.168061
3 17.808 0.147821
4 45.9663 0.128962
5 37.3625 0.119801
6 -83.3546 0.321429
7 33.9517 0.112
8 6.07922 0.153543
9 6.07922 0.153543
10 30.8735 0.160194
11 30.8735 0.160194
12 40.1421 0.144876
13 15.8114 0.14801
14 -16.2797 0.155102
15 9.92156 0.152027
16 -2.54943 0.148339
17 29.5209 0.188362
18 24.6752 0.179014
19 30.6089 0.188138
20 30.6089 0.188138
21 6.98933 0.145454
22 6.98933 0.145454
23 6.98933 0.145454
24 6.98933 0.145454
25 6.98933 0.145454
26 21.9675 0.171854
27 15.8452 0.162842
28 15.8452 0.162842
29 15.8452 0.162842
30 18.8638 0.167853
31 18.8638 0.167853
32 -6.88644 0.139059
33 -6.88644 0.139059
34 -6.88644 0.139059
35 -6.88644 0.139059
36 -6.88644 0.139059
37 -5.42175 0.1397
38 -5.42175 0.1397
39 -12.8619 0.131199
40 -21.1903 0.118568
41 19.0641 0.113546
42 19.0641 0.113546
43 19.0641 0.113546
44 19.0641 0.113546
45 19.0641 0.113546
46 19.0641 0.113546
47 19.0641 0.113546
48 19.0641 0.113546
49 8.80263 0.0957419
50 8.80263 0.0957419
51 8.80263 0.0957419
52 7.61712 0.0943328
53 7.61712 0.0943328
54 7.61712 0.0943328
55 -14.3928 0.0518733
56 -14.3928 0.0518733
57 -37.1622 0.149464
58 -37.1622 0.149464
59 -37.1622 0.149464
60 -37.1622 0.149464
61 -8.64675 0.136425
62 -15.3511 0.125669
63 -50.3709 0.0980553
64 -1.87172 0.193456
65 -1.87172 0.193456
66 3.11071 0.203354
67 3.11071 0.203354
68 -0.100247 0.197062
69 0.553536 0.197895
70 0.553536 0.197895
71 0.553536 0.197895
72 0.553536 0.197895
73 0.553536 0.197895
74 0.553536 0.197895
75 9.37138 0.214873
76 -9.533 0.181959
77 -9.533 0.181959
78 -9.533 0.181959
79 -9.533 0.181959
80 -22.0477 0.174995
81 26.653 0.146552
82 4.88388 0.163507
83 4.88388 0.163507
84 4.09971 0.162474
85 4.09971 0.162474
86 8.70293 0.170016
87 8.70293 0.170016
88 10.6166 0.172707
89 25.8686 0.160815
90 60.5472 0.110722
91 65.6498 0.115943
92 39.105 0.156551
93 6.45662 0.138578
94 14.0697 0.138457
