0 18.3805 0.158651
1 -18.0605 0.170414
2 4.53588 0.153768
3 18.342 0.135983
4 -17.2449 0.169689
5 -19.6124 0.14682
6 -12.5865 0.141853
7 -5.1091 0.134773
8 11.136 0.142504
9 -5.02775 0.131352
10 0.283552 0.131845
11 3.22012 0.153985
12 -22.2267 0.103532
13 -14.2282 0.154124
14 -71.7178 0.235294
15 9.79957 0.13394
16 9.79957 0.13394
17 15.2216 0.141805
18 -1.46896 0.140834
19 -45.8638 0.178571
20 -29.3321 0.204632
21 -24.6038 0.156777
22 -30.7743 0.218182
23 -46.9385 0.187933
24 -24.9552 0.121873
25 -7.10994 0.138534
26 -7.10994 0.138534
27 -167.297 0.403172
28 -17.7284 0.166484
29 -25.7969 0.193116
30 -28.8111 0.181818
31 -0.0346235 0.129593
32 4.44422 0.135667
33 18.2055 0.123867
34 39.6499 0.0879267
35 -9.06959 0.164894
36 -82.998 0.287929
37 10.0134 0.0831327
38 8.66329 0.0805919
39 35.7225 0.127297
40 35.7225 0.127297
41 -69.5372 0.243327
42 -60.5458 0.264918
43 -721.753 1.42857
44 -37.4685 0.169643
45 47.7898 0.102419
46 41.2933 0.0897893
47 -7.41996 0.15179
48 29.1695 0.0555853
49 46.7472 0.0811964
50 46.7472 0.0811964
51 11.7902 0.138766
52 11.7902 0.138766
53 11.7902 0.138766
54 1.83515 0.124612
55 5.27582 0.12906
56 -8.04405 0.102756
57 -1.53999 0.145892
58 -4.77433 0.141333
59 7.60256 0.13272
60 9.33981 0.135798
61 -20.8709 0.146516
62 3.93595 0.154206
63 -17.9942 0.156337
64 -17.9942 0.156337
65 6.17032 0.199692
66 0.662971 0.193019
67 17.821 0.222331
68 21.713 0.148124
69 21.713 0.148124
70 32.0636 0.142857
71 31.7459 0.182295
72 49.1585 0.159091
73 13.1929 0.146895
74 56.7846 0.130904
75 31.1565 0.152418
76 36.2649 0.157694
77 23.0549 0.133648
78 47.7651 0.171182
79 53.1095 0.118687
80 42.3844 0.146798
81 25.2028 0.148931
82 -18.9529 0.215246
83 -10.7745 0.18739
84 22.3169 0.155398
85 39.7974 0.13844
86 39.7974 0.13844
87 -5.06211 0.169874
88 795.32 -1.21698
89 64.8567 0.136406
90 -12.9715 0.190746
91 34.5788 0.152536
92 34.5788 0.152536
93 2.30373 0.174391
94 38.0345 0.160694
