0 9.18086 0.139635
1 9.57585 0.123085
2 -3.11708 0.137235
3 -14.3697 0.154493
4 16.8057 0.150354
5 -4.14533 0.146341
6 -10.5809 0.135641
7 -1.68655 0.147324
8 -1.68655 0.147324
9 -1.68655 0.147324
10 -3.77665 0.143382
11 -13.4747 0.134987
12 -13.4747 0.134987
13 -13.4747 0.134987
14 -7.94341 0.14214
15 46.5144 0.119147
16 46.5144 0.119147
17 46.5144 0.119147
18 46.5144 0.119147
19 46.5144 0.119147
20 46.5144 0.119147
21 46.5144 0.119147
22 51.0064 0.125409
23 51.0064 0.125409
24 51.0064 0.125409
25 51.0064 0.125409
26 51.0064 0.125409
27 36.7363 0.115521
28 36.7363 0.115521
29 36.7363 0.115521
30 36.7363 0.115521
31 36.7363 0.115521
32 36.7363 0.115521
33 32.2607 0.107208
34 32.2607 0.107208
35 44.4815 0.122574
36 -5.73815 0.155352
37 -5.73815 0.155352
38 -5.73815 0.155352
39 -9.43373 0.15115
40 42.3358 0.14359
41 42.3358 0.14359
42 18.9697 0.111899
43 18.9697 0.111899
44 18.9697 0.111899
45 18.9697 0.111899
46 31.3578 0.135705
47 31.3578 0.135705
48 31.3578 0.135705
49 31.3578 0.135705
50 31.3578 0.135705
51 31.3578 0.135705
52 25.2054 0.146199
53 8.73397 0.0717506
54 8.73397 0.0717506
55 19.1398 0.0887438
56 34.3113 0.119004
57 -36.2379 0.217105
58 -36.2379 0.217105
59 -60.8404 0.195025
60 -33.3822 0.248097
61 -33.3822 0.248097
62 -33.3822 0.248097
63 4.62241 0.133041
64 6.21047 0.135358
65 6.21047 0.135358
66 6.21047 0.135358
67 -74.3498 0.177489
68 -81.0906 0.168839
69 -81.0906 0.168839
70 -56.8035 0.21026
71 -56.8035 0.21026
72 -56.8035 0.21026
73 -56.8035 0.21026
74 -56.8035 0.21026
75 -56.8035 0.21026
76 -51.2528 0.21658
77 -51.2528 0.21658
78 -51.2528 0.21658
79 -51.2528 0.21658
80 -51.2528 0.21658
81 -57.7768 0.210403
82 -71.1025 0.189229
83 -31.6892 0.150294
84 -25.5754 0.157738
85 -11.256 0.182582
86 -23.6111 0.162698
87 -53.9548 0.119121
88 -21.3664 0.171123
89 -8.34113 0.153049
90 26.4708 0.0861502
91 -40.8924 0.16801
92 -30.8058 0.178162
93 -3.11065 0.173237
94 9.05208 0.11992
