0 48.37 0.127067
1 48.37 0.127067
2 326.158 -0.425
3 372.809 -0.358577
4 324.238 -0.448963
5 -35.2414 0.166667
6 -35.2414 0.166667
7 -35.2414 0.166667
8 -161.557 0.423077
9 -161.557 0.423077
10 -179.341 0.399717
11 7.71156 0.151102
12 -23.0777 0.233333
13 -23.0777 0.233333
14 -23.0777 0.233333
15 -23.0777 0.233333
16 -23.0777 0.233333
17 -15.2011 0.14351
18 9.18483 0.171758
19 9.18483 0.171758
20 42.6668 0.0858209
21 11.3898 0.132168
22 11.3898 0.132168
23 11.3898 0.132168
24 20.2954 0.146831
25 20.2954 0.146831
26 7.83047 0.121969
27 7.83047 0.121969
28 6.06234 0.118636
29 17.6378 0.147482
30 17.6378 0.147482
31 17.6378 0.147482
32 9.26392 0.136751
33 9.26392 0.136751
34 -240.108 0.533333
35 -240.108 0.533333
36 -240.108 0.533333
37 -79.5292 0.203497
38 -79.5292 0.203497
39 -79.5292 0.203497
40 -79.5292 0.203497
41 -79.5292 0.203497
42 -63.5939 0.231783
43 -67.3856 0.22654
44 -85.6311 0.201316
45 -186.392 0.375
46 -186.392 0.375
47 -164.585 0.41264
48 -164.585 0.41264
49 -164.585 0.41264
50 -164.585 0.41264
51 -164.585 0.41264
52 -164.585 0.41264
53 -12.7187 0.138498
54 -21.909 0.123538
55 10.8803 0.0851064
56 15.7993 0.0913306
57 13.019 0.0858398
58 13.019 0.0858398
59 13.019 0.0858398
60 13.019 0.0858398
61 13.019 0.0858398
62 26.2344 0.105732
63 26.2344 0.105732
