0 -4.3451 0.15478
1 -24.9577 0.156546
2 -36.3939 0.142196
3 -7.16538 0.144313
4 -20.7725 0.146596
5 -23.31 0.138614
6 -29.6224 0.154586
7 -31.0307 0.152615
8 -21.1963 0.15838
9 -53.1326 0.171942
10 -57.7311 0.14934
11 -5.57485 0.158121
12 -69.8777 0.217664
13 -14.9098 0.158361
14 -22.4381 0.144133
15 -2.44436 0.139115
16 278.707 -0.298319
17 -46.8339 0.185437
18 -14.0348 0.158807
19 -137.216 0.342105
20 270.222 -0.337607
21 270.222 -0.337607
22 -46.2861 0.215789
23 -58.7023 0.176819
24 -55.0029 0.163171
25 -44.9416 0.188376
26 -44.9416 0.188376
27 6.38436 0.131068
28 6.38436 0.131068
29 6.38436 0.131068
30 -5.76801 0.108284
31 8.11855 0.130244
32 8.11855 0.130244
33 -33.1738 0.0669455
34 -33.1738 0.0669455
35 -24.152 0.0819981
36 -42.462 0.0647932
37 81.7235 -0.0160819
38 145.56 0.0165708
39 -48.8023 0.134474
40 -48.8023 0.134474
41 -48.8023 0.134474
42 -48.8023 0.134474
43 -62.544 0.119362
44 -62.544 0.119362
45 -61.4747 0.120627
46 -61.4747 0.120627
47 -55.0768 0.147569
48 -55.0768 0.147569
49 -71.5374 0.13093
50 -86.5689 0.116521
51 -67.2866 0.151515
52 -67.2866 0.151515
53 -74.603 0.142385
54 -74.603 0.142385
55 -78.4067 0.138024
56 -76.0464 0.141342
57 -68.6761 0.147722
58 -79.0152 0.136225
59 -70.7824 0.148344
60 -87.3518 0.129128
61 4404.5 -3.92308
62 4404.5 -3.92308
63 4404.5 -3.92308
64 4082.31 -4.27242
65 4082.31 -4.27242
66 3185.23 -6.00969
67 -23.0286 0.0684932
68 -41.7839 0.137255
69 -37.432 0.144715
70 -40.8333 0.138128
71 -40.8333 0.138128
72 -26.8671 0.145943
73 -48.0479 0.152318
74 -32.0534 0.183534
75 -32.0534 0.183534
76 -32.0534 0.183534
77 -11.9881 0.0939214
78 219.895 -0.367647
79 52.0827 0.00699582
80 52.0827 0.00699582
81 -45.4106 0.146845
82 -46.6827 0.164699
83 -37.6743 0.138885
84 58.9056 0.0428266
85 13.6687 0.0688073
86 -38.1074 0.149275
87 -47.7404 0.157821
88 -23.4527 0.134815
89 -36.3503 0.154799
90 -5.2708 0.160268
91 -24.0378 0.140308
92 15.4402 0.131708
93 -28.1923 0.155551
94 -52.0575 0.180839
