0 14.0238 0.184109
1 39.0838 0.143227
2 -3.22037 0.169164
3 38.0676 0.164212
4 2.44483 0.177433
5 21.3735 0.152452
6 27.1484 0.142916
7 42.8869 0.135408
8 48.4486 0.107114
9 5.77464 0.166639
10 13.2692 0.166727
11 48.2998 0.134874
12 4.18295 0.155811
13 43.8154 0.12727
14 43.8154 0.12727
15 36.0506 0.114631
16 7.95226 0.221374
17 -6.24466 0.194144
18 -6.24466 0.194144
19 201.669 -0.1875
20 214.385 -0.167735
21 24.2441 0.148649
22 -110.499 0.358974
23 -110.499 0.358974
24 23.8712 0.152413
25 44.2564 0.143131
26 -1.64764 0.157834
27 -29.1556 0.194576
28 -29.1556 0.194576
29 -15.8586 0.217567
30 40.3675 0.149365
31 32.463 0.137948
32 102.928 0.03125
33 36.9455 0.155012
34 32.8622 0.147538
35 -19.9836 0.223077
36 -19.9836 0.223077
37 -19.6644 0.223361
38 -29.5513 0.211482
39 -4.4515 0.261644
40 29.5195 0.139385
41 -826.979 1.63333
42 -826.979 1.63333
43 -808.451 1.66724
44 16.3138 0.140891
45 17.7264 0.142279
46 17.7264 0.142279
47 23.3232 0.151375
48 23.3718 0.14212
49 24.7705 0.189394
50 8.35402 0.157354
51 -48.2421 0.292308
52 -40.5862 0.305364
53 -40.5862 0.305364
54 -28.89 0.25069
55 -83.494 0.213243
56 -51.5948 0.269972
57 -37.4096 0.296079
58 -44.8658 0.274648
59 34.1252 0.147798
60 47.8581 0.143238
61 35.3031 0.123843
62 38.013 0.145626
63 27.5955 0.125872
64 27.5955 0.125872
65 -52.8243 0.162263
66 -52.8243 0.162263
67 -1.56451 0.140352
68 26.9443 0.0446429
69 -18.1707 0.136647
70 -18.1707 0.136647
71 -18.1707 0.136647
72 -18.1707 0.136647
73 -22.2378 0.129065
74 -17.9401 0.137453
75 -61.8781 0.204317
76 -62.006 0.2041
77 416.539 -0.65625
78 432.832 -0.629156
79 -37.8513 0.166228
80 -47.9564 0.153211
81 -18.7969 0.146072
82 -21.9229 0.139955
83 7.85737 0.1436
84 0.10651 0.140072
85 -23.9449 0.125562
86 -42.1718 0.199778
87 -34.8583 0.151136
88 -24.7826 0.136858
89 -49.5928 0.16356
90 -62.0221 0.170585
91 -43.5448 0.148328
92 -56.7174 0.152328
93 -11.1947 0.118783
94 -37.5605 0.173262
