0 13.6683 0.133884
1 18.961 0.139958
2 45.7952 0.134559
3 22.9371 0.132817
4 1.21007 0.150463
5 25.6755 0.140884
6 8.24932 0.131523
7 17.1057 0.138147
8 8.77215 0.152671
9 39.5766 0.135573
10 14.6579 0.14503
11 44.0584 0.139412
12 34.057 0.142612
13 26.9782 0.14563
14 10.1211 0.147414
15 2.47298 0.150728
16 17.7673 0.140035
17 10.2527 0.148091
18 18.0443 0.149516
19 15.2495 0.136271
20 36.0259 0.15353
21 21.0375 0.147096
22 38.0206 0.140061
23 -2.21473 0.146759
24 17.9591 0.146059
25 16.2686 0.14781
26 27.3199 0.146682
27 39.1369 0.145522
28 26.9693 0.147471
29 28.4986 0.14404
30 31.9737 0.141322
31 26.5341 0.14771
32 15.0493 0.136967
33 -3.08209 0.137213
34 15.365 0.134827
35 24.0068 0.122559
36 9.19805 0.132993
37 4.24203 0.130653
38 17.7524 0.137944
39 2.06772 0.138797
40 25.1936 0.13749
41 23.1851 0.141354
42 8.32042 0.142153
43 11.4186 0.139372
44 -22.6356 0.136879
45 25.5263 0.14094
46 1.90104 0.135034
47 17.9555 0.144714
48 12.0095 0.140129
49 12.2278 0.143803
50 4.71163 0.147452
51 40.8752 0.137582
52 20.5984 0.137631
53 -9.50589 0.132967
54 7.73031 0.137133
55 1.06886 0.141435
56 14.977 0.132421
57 -1.13392 0.139686
58 29.6792 0.141725
59 -7.28101 0.142759
60 -29.1117 0.136707
61 -8.86741 0.144297
62 7.95454 0.140284
63 -30.9212 0.135596
64 66.9013 0.166208
65 43.93 0.139337
66 74.6959 0.135905
67 37.0374 0.140626
68 38.368 0.152155
69 37.2112 0.148399
70 61.2409 0.147127
71 52.899 0.147582
72 27.8926 0.155006
73 65.3163 0.148289
74 58.4451 0.140085
75 12.0132 0.145969
76 49.1522 0.147585
77 33.6338 0.140043
78 18.1055 0.149487
79 41.9761 0.140774
80 28.0728 0.144325
81 63.2409 0.140824
82 45.8561 0.142386
83 27.6328 0.16374
84 54.6555 0.137424
85 52.2598 0.14955
86 50.005 0.144858
87 36.4841 0.149026
88 12.4627 0.154335
89 65.2904 0.146919
90 61.1277 0.147928
91 30.8245 0.144132
92 23.736 0.16742
93 52.8621 0.145703
94 60.8845 0.144464
