0 -23.4612 0.157183
1 -10.3858 0.154343
2 -29.4306 0.155169
3 6.56197 0.157651
4 2.5559 0.134959
5 -29.9486 0.160495
6 -17.4449 0.157469
7 26.5864 0.141857
8 -4.21402 0.132861
9 5.31687 0.164638
10 -43.0056 0.18977
11 -11.2255 0.140795
12 11.3542 0.138126
13 -49.269 0.20947
14 -0.909177 0.145123
15 -22.5623 0.145792
16 -14.3095 0.170885
17 15.5517 0.0802764
18 -15.1986 0.145734
19 -3.1468 0.139074
20 23.0272 0.142564
21 21.4855 0.139033
22 -15.2309 0.14405
23 -51.9432 0.1781
24 -39.1748 0.159468
25 -32.713 0.161836
26 -36.4461 0.217803
27 -36.4461 0.217803
28 -46.8994 0.197715
29 -22.5433 0.175463
30 -22.5433 0.175463
31 -24.2022 0.146707
32 -24.2022 0.146707
33 7.76008 0.206632
34 27.0487 0.24266
35 27.0487 0.24266
36 27.0487 0.24266
37 61.9895 0.168712
38 61.9895 0.168712
39 53.6265 0.157118
40 53.6265 0.157118
41 99.9773 0.0777027
42 90.1672 0.0582141
43 33.6105 0.1375
44 36.3861 0.143333
45 36.3861 0.143333
46 66.8075 0.106557
47 66.8075 0.106557
48 66.8075 0.106557
49 64.9223 0.121348
50 17.4919 0.0551344
51 12.7907 0.152597
52 12.7907 0.152597
53 22.2446 0.1618
54 26.2783 0.167301
55 26.2783 0.167301
56 26.2783 0.167301
57 26.2783 0.167301
58 16.2978 0.15261
59 16.2978 0.15261
60 21.9921 0.163366
61 14.0535 0.15863
62 18.0225 0.149701
63 15.363 0.146261
64 34.3343 0.166567
65 41.9876 0.17748
66 69.481 0.118367
67 69.481 0.118367
68 253.606 -0.17341
69 71.7669 0.152709
70 88.3226 0.184282
71 66.0503 0.144887
72 73.8451 0.152089
73 73.8451 0.152089
74 24.3853 0.188406
75 29.8079 0.192208
76 -10.7291 0.243902
77 -30.8951 0.265779
78 -22.1133 0.280432
79 -0.397224 0.223214
80 21.0127 0.264757
81 88.757 0.0762383
82 40.818 0.162338
83 41.5065 0.138095
84 41.5065 0.138095
85 53.9844 0.160767
86 21.3862 0.0973928
87 60.6333 0.14607
88 64.2355 0.103387
89 68.4677 0.144025
90 70.5204 0.124294
91 46.3403 0.142905
92 24.8471 0.165967
93 44.8871 0.146561
94 58.0735 0.124949
