0 6.23705 0.158412
1 12.3194 0.138837
2 47.2217 0.141314
3 -97.388 0.352941
4 19.8854 0.138989
5 2.30281 0.156271
6 -89.015 0.342593
7 19.451 0.143563
8 -17.2967 0.171946
9 14.8611 0.156295
10 -2.4298 0.143137
11 13.53 0.17932
12 13.53 0.17932
13 16.6619 0.139437
14 -3.8486 0.141928
15 24.1631 0.172898
16 173.308 -0.175862
17 82.1388 0.046577
18 6.17014 0.142416
19 27.9083 0.121878
20 -0.110401 0.15703
21 17.7764 0.157733
22 26.556 0.121918
23 4.21083 0.152088
24 -35.6777 0.218591
25 -17.2616 0.234108
26 44.8543 0.113738
27 -12.1695 0.159269
28 -12.7071 0.158275
29 -15.5316 0.205347
30 0.327208 0.149807
31 26.2062 0.155908
32 0.872424 0.105878
33 -73.1202 0.253209
34 -40.5563 0.211576
35 -18.5326 0.202359
36 14.7531 0.135051
37 7.65709 0.139922
38 3.40349 0.133408
39 3.73289 0.130691
40 20.8129 0.152685
41 13.6762 0.134764
42 -0.0551824 0.143051
43 -44.0628 0.196959
44 -45.0265 0.195233
45 28.7489 0.133681
46 7.77538 0.198047
47 -19.7864 0.193935
48 -5.63205 0.154494
49 -553.115 1.16667
50 6.56361 0.147826
51 -29.129 0.175438
52 -24.5442 0.181145
53 -25.8201 0.174936
54 -52.5953 0.217417
55 -32.0804 0.161387
56 -84.178 0.250572
57 -54.1158 0.18877
58 -3.61797 0.14171
59 -21.7246 0.146606
60 -18.974 0.162638
61 1.50033 0.199637
62 -12.6382 0.175969
63 -12.6382 0.175969
