0 6.16791 0.145015
1 -1.19187 0.181746
2 39.0547 0.133978
3 -3.94164 0.165542
4 22.82 0.149432
5 33.8949 0.185345
6 18.5117 0.14744
7 0.99312 0.165876
8 -9.81812 0.222307
9 26.5551 0.133673
10 25.7227 0.16072
11 19.1268 0.16733
12 29.9162 0.148245
13 28.7631 0.137337
14 75.979 0.0754431
15 62.4703 0.121387
16 19.4666 0.150956
17 43.3533 0.142934
18 13.7698 0.203152
19 18.7224 0.212233
20 18.7224 0.212233
21 41.8327 0.130476
22 21.6496 0.15493
23 51.9762 0.0875564
24 67.8701 0.106699
25 33.5759 0.122727
26 6.99467 0.172972
27 13.8557 0.164894
28 13.8557 0.164894
29 56.813 0.115385
30 -10.6575 0.179191
31 25.6248 0.143392
32 39.2069 0.170374
33 56.6877 0.15525
34 -179.894 0.625
35 54.546 0.188291
36 54.546 0.188291
37 54.546 0.188291
38 44.7921 0.176806
39 28.2344 0.144741
40 11.384 0.23026
41 59.7012 0.162109
42 37.6223 0.169776
43 37.6223 0.169776
44 55.5488 0.141486
45 38.93 0.13528
46 36.6629 0.137406
47 98.2699 0.117619
48 70.0531 0.140496
49 65.5034 0.110305
50 76.5708 0.130711
51 78.9871 0.134783
52 78.9871 0.134783
53 78.9871 0.134783
54 78.9871 0.134783
55 26.0903 0.218497
56 65.1625 0.14022
57 72.3045 0.149803
58 72.3045 0.149803
59 128.219 0.0714286
60 128.219 0.0714286
61 123.077 0.0622531
62 137.34 0.0741173
63 52.9124 0.15509
64 56.9049 0.163021
65 33.1236 0.140945
66 59.2079 0.146104
67 240.776 -0.205313
68 247.16 -0.194023
69 242.705 -0.202116
70 242.705 -0.202116
71 242.705 -0.202116
72 292.617 -0.140443
73 246.997 -0.225975
74 305.73 -0.15978
75 305.73 -0.15978
76 22.8382 0.1875
77 85.753 0.109589
78 -406.908 0.924242
79 -1002.05 0.643115
80 -607.476 1.41471
81 31.2663 0.165472
82 51.456 0.142384
83 31.7954 0.152482
84 97.925 0.0795455
85 -174.967 0.459473
86 -174.54 0.460293
87 35.8162 0.180162
88 23.6375 0.176519
89 51.4337 0.142226
90 61.8628 0.124344
91 75.5065 0.138976
92 85.6283 0.0539519
93 59.9608 0.14041
94 59.9608 0.14041
