-487 -487
-474 -474
-462 -462
-437 -437
-424 -424
-412 -412
-387 -387
-374 -374
-362 -362
-337 -337
-324 -324
-312 -312
-287 -287
-274 -274
-262 -262
-237 -237
-224 -224
-212 -212
-187 -187
-174 -174
-162 -162
-137 -137
-124 -124
-112 -112
-87 -87
-74 -74
-62 -62
-37 -37
-24 -24
-12 -12
12 12
25 25
37 37
62 62
75 75
87 87
112 112
125 125
137 137
162 162
175 175
187 187
212 212
225 225
237 237
262 262
275 275
287 287
312 312
325 325
337 337
362 362
375 375
387 387
412 412
425 425
437 437
462 462
475 475
487 487
