8 11 8 17
9 11 9 19
10 11 10 11
11 11 11 21  
12 11 14 11
13 11 15 12
15 11 16 16
16 11 17 20
17 11 18 18
18 11 20 02 
21 11 20 20
22 11 22 03
23 11 23 04
24 11 24 03 
25 11 25 03
27 11 28 07
28 11 29 10
29 11 30 11
30 12 01 13
31 12 02 14
32 12 03 11
33 12 04 17
34 12 06 10
35 12 07 10 
36 12 08 12
37 12 09 11
38 12 10 11
39 12 12 05 
40 12 12 15
41 12 13 16
42 12 14 14
43 12 15 14
49 12 16 13
52 12 18 13
53 12 18 15
54 12 18 16

1 29 18 92
1 30 15 93
1 31 14 95
2 1 23 96
2 2 18 97
2 3 21 98
2 4 14 99
2 6 00 100
2 6 11 101
2 7 15 102
2 8 15 103
2 9 11 104
2 10 16 105
2 11 22 106
