0 -52.8342 0.105903
1 -35.426 0.112282
2 -31.372 0.12212
3 -49.3398 0.10878
4 -81.2087 0.110042
5 -28.4051 0.114844
6 -60.8467 0.104179
7 -72.3678 0.234617
8 -52.0657 0.116598
9 -37.1112 0.113657
10 -41.7993 0.118378
11 -46.303 0.120336
12 -31.3131 0.109494
13 -26.6378 0.117486
14 -37.1164 0.116712
15 -59.9357 0.111288
16 -57.8586 0.1145
17 -64.1533 0.11015
18 -31.6624 0.115315
19 -53.5373 0.116376
20 -46.9024 0.114662
21 -43.0197 0.114591
22 -58.1376 0.121601
23 -42.4782 0.115693
24 -63.538 0.107779
25 -44.8569 0.117783
26 -59.9162 0.110364
27 -48.6489 0.106933
28 -60.9433 0.115597
29 -45.4742 0.113547
30 -51.2305 0.115051
31 -57.7014 0.113815
32 -13.3805 0.119614
33 -31.8453 0.105636
34 -43.8545 0.103207
35 -37.3893 0.109216
36 -25.3844 0.113573
37 -32.8136 0.107463
38 -27.1514 0.113239
39 -32.4068 0.11164
40 -36.061 0.128134
41 -39.0753 0.117507
42 -16.0886 0.115304
43 -51.7212 0.113205
44 -17.9969 0.112372
45 -45.7205 0.11311
46 -30.3245 0.113703
47 -47.3778 0.237036
48 -55.3069 0.116455
49 -46.6923 0.116602
50 -36.5588 0.126317
51 -41.9658 0.116754
52 -25.3702 0.123703
53 -46.9383 0.120241
54 -49.0875 0.10934
55 -33.2469 0.121479
56 -43.0464 0.114951
57 -41.4154 0.118962
58 -42.4713 0.118315
59 -47.092 0.119851
60 -29.426 0.118377
61 -39.7996 0.126756
62 -52.8675 0.120681
63 -50.9097 0.12042
64 14.8019 0.112614
65 20.283 0.114026
66 31.8415 0.104604
67 21.1777 0.112551
68 32.2999 0.112612
69 14.2275 0.115516
70 33.1401 0.111735
71 27.9296 0.109176
72 22.7494 0.11287
73 14.4586 0.110143
74 35.8149 0.116415
75 11.5259 0.111133
76 36.7601 0.109606
77 22.0039 0.114519
78 22.5971 0.108083
79 22.3969 0.11281
80 28.5557 0.116018
81 28.2837 0.11466
82 13.6794 0.112209
83 35.4329 0.112755
84 15.1392 0.127247
85 19.0747 0.119712
86 11.1271 0.117434
87 22.0667 0.115284
88 40.0847 0.117291
89 6.7884 0.115153
90 10.8951 0.120464
91 19.9129 0.113648
92 22.5414 0.107861
93 13.006 0.114531
94 -16.5841 0.114985
95 -16.5841 0.114985
