0 -27.6989 0.115802
1 -9.45301 0.119386
2 -21.4154 0.114144
3 -48.7072 0.115087
4 -7.12815 0.108579
5 -18.8484 0.118036
6 -11.0372 0.119154
7 -0.329084 0.116297
8 -23.9486 0.115109
9 -12.2742 0.119415
10 -42.3051 0.117206
11 -25.5909 0.11713
12 3.32697 0.120896
13 -33.2626 0.115825
14 -20.0861 0.117928
15 -22.3524 0.118584
16 -22.0567 0.114675
17 -11.9919 0.11887
18 -8.32522 0.115152
19 -20.8602 0.115578
20 4.54665 0.117015
21 -9.39662 0.120477
22 -0.476772 0.114791
23 -34.0725 0.117961
24 -3.07473 0.118841
25 -34.0677 0.117996
26 -30.1522 0.120085
27 -20.1567 0.121509
28 -28.1837 0.119681
29 -35.1109 0.115925
30 -28.857 0.119216
31 -6.55606 0.114657
32 36.9344 0.112474
33 25.0418 0.113172
34 25.5452 0.116805
35 39.7011 0.11129
36 45.3604 0.111856
37 5.07546 0.108792
38 18.4409 0.116754
39 8.10527 0.114685
40 23.5556 0.11873
41 24.1362 0.103898
42 65.0823 0.114996
43 19.8499 0.113231
44 40.2341 0.106745
45 22.3401 0.117997
46 22.5085 0.115468
47 13.848 0.112759
48 27.4415 0.122055
49 -3.74697 0.118999
50 4.65713 0.115579
51 5.71433 0.114191
52 8.39343 0.123801
53 17.8281 0.115604
54 53.3716 0.124943
55 36.3059 0.116753
56 31.1973 0.111984
57 33.0291 0.115229
58 -7.62691 0.114934
59 18.4337 0.116279
60 20.0826 0.117783
61 32.5986 0.109614
62 10.6564 0.112953
63 -12.0821 0.114776
64 43.8447 0.112665
65 68.1682 0.114005
66 39.038 0.111238
67 37.6792 0.114427
68 78.7206 0.115933
69 81.9425 0.113061
70 53.8922 0.114825
71 66.1312 0.111483
72 26.7726 0.11616
73 39.7086 0.110766
74 54.6022 0.114499
75 66.1529 0.112906
76 46.238 0.1136
77 32.529 0.114098
78 38.7795 0.113066
79 53.9867 0.116479
80 63.2587 0.114814
81 37.8174 0.118643
82 36.7583 0.118483
83 48.5111 0.115837
84 61.2518 0.113379
85 54.5509 0.116073
86 34.6689 0.116604
87 62.7939 0.109702
88 62.1738 0.118687
89 31.054 0.112649
90 39.8265 0.113733
91 33.4877 0.115342
92 9.15864 0.121429
93 15.6938 0.114211
94 58.7281 0.114021
95 58.7281 0.114021
