0 34.4099 0.118343
1 24.2362 0.111158
2 15.9794 0.110214
3 24.2489 0.114632
4 47.8993 0.112236
5 30.1382 0.116604
6 16.8226 0.11508
7 38.4892 0.113486
8 36.7417 0.106346
9 11.9386 0.115367
10 8.20936 0.11289
11 21.2607 0.113879
12 30.9494 0.120645
13 8.09867 0.114749
14 0.432604 0.113712
15 23.5213 0.114261
16 11.6695 0.116662
17 20.4071 0.116764
18 21.22 0.118294
19 29.5351 0.112143
20 18.8633 0.11705
21 -3.503 0.112416
22 12.6251 0.117129
23 20.2437 0.113865
24 12.4465 0.118072
25 34.3769 0.115388
26 12.9434 0.115046
27 30.7603 0.123613
28 8.42999 0.117044
29 -3.69887 0.116213
30 0.879237 0.115108
31 32.2788 0.114347
32 -36.1622 0.116819
33 -31.5948 0.110736
34 -47.0559 0.106505
35 -15.0223 0.11339
36 -10.596 0.112987
37 -29.6646 0.110545
38 -53.8157 0.109402
39 -44.636 0.105214
40 -8.70902 0.113769
41 -53.4297 0.109517
42 -43.449 0.107022
43 -9.29446 0.112497
44 -49.0852 0.111561
45 -38.1146 0.112618
46 -27.9192 0.116511
47 -33.8877 0.112986
48 -28.68 0.108552
49 -38.6839 0.113401
50 -15.7835 0.11241
51 -28.0629 0.112434
52 -33.4734 0.118519
53 -56.4476 0.117039
54 -21.0041 0.112038
55 -33.1171 0.113141
56 -6.30356 0.110446
57 -35.5893 0.109885
58 -42.916 0.112855
59 -43.341 0.112921
60 -27.7873 0.106537
61 -29.5864 0.110383
62 -16.7542 0.104421
63 -40.0573 0.110548
64 -2.04151 0.117996
65 26.1654 0.11994
66 18.2412 0.111174
67 24.1473 0.113785
68 7.12222 0.119221
69 19.4154 0.119047
70 13.6087 0.111275
71 0.532795 0.116068
72 30.1328 0.112792
73 -1.38953 0.109699
74 21.9117 0.109123
75 10.5078 0.114501
76 14.4724 0.115625
77 14.6061 0.111735
78 -1.91283 0.112215
79 33.2497 0.115448
80 30.6227 0.115582
81 10.377 0.114907
82 34.2212 0.115812
83 1.99577 0.112644
84 3.16784 0.112197
85 18.4097 0.113889
86 13.0741 0.117355
87 8.24434 0.112667
88 4.37333 0.114509
89 15.8227 0.111966
90 43.2128 0.116246
91 26.9589 0.116509
92 8.2324 0.117127
93 11.4049 0.1186
94 23.6754 0.118803
95 23.6754 0.118803
