0 -29.4469 0.115043
1 -40.4633 0.10869
2 -31.6984 0.115544
3 -2.50647 0.116433
4 -14.4673 0.114172
5 -44.3688 0.115076
6 -44.1578 0.114362
7 -43.1496 0.114757
8 -34.3173 0.115864
9 -44.6289 0.111557
10 -15.9172 0.111933
11 -57.292 0.113378
12 -15.2992 0.115793
13 -38.2763 0.111369
14 -23.2439 0.119289
15 -15.6905 0.119555
16 -31.4301 0.117193
17 -22.5886 0.119306
18 -52.3935 0.111643
19 -48.2614 0.115043
20 -15.3339 0.115642
21 -56.4573 0.11429
22 -36.3509 0.118002
23 -44.9601 0.112299
24 -43.8323 0.117465
25 -26.8462 0.118311
26 -36.1253 0.119161
27 -43.8212 0.117508
28 -40.6659 0.116037
29 -26.8568 0.119209
30 -22.0195 0.122608
31 -48.0599 0.113878
32 0.606822 0.118759
33 -1.14949 0.106871
34 5.17617 0.109846
35 13.1489 0.111235
36 2.36509 0.109044
37 18.2216 0.107505
38 -30.6962 0.107654
39 41.0244 0.107572
40 -18.9304 0.112613
41 7.69942 0.111093
42 2.17128 0.113921
43 -26.7436 0.109653
44 -10.2573 0.107993
45 -0.412112 0.109922
46 3.09818 0.112929
47 -41.1586 0.114058
48 0.15595 0.111439
49 14.9891 0.115491
50 -6.60063 0.112991
51 -15.1538 0.111942
52 -4.88192 0.108487
53 -0.046816 0.110864
54 7.21083 0.109048
55 -9.36783 0.115722
56 3.23712 0.113404
57 25.9888 0.106913
58 -48.2801 0.109313
59 -14.8051 0.112096
60 -18.2541 0.117317
61 1.12333 0.116819
62 7.83456 0.112667
63 -12.0294 0.112125
64 -44.3387 0.120128
65 -17.357 0.115977
66 -25.4701 0.117696
67 -6.68775 0.117829
68 -14.0224 0.119543
69 10.7738 0.114337
70 -31.6731 0.115807
71 -2.57583 0.112401
72 -41.2294 0.118218
73 6.54686 0.118273
74 -10.422 0.12004
75 -29.0005 0.119178
76 13.2119 0.119526
77 -12.7569 0.112434
78 -14.8691 0.120229
79 -18.4432 0.123787
80 -21.0515 0.117124
81 -9.27695 0.117162
82 -12.6643 0.118637
83 -18.7502 0.114233
84 -15.4527 0.121244
85 -18.0874 0.118902
86 -8.81803 0.120952
87 -27.4496 0.121084
88 -1.4068 0.119179
89 -25.6976 0.114601
90 -13.007 0.119549
91 -40.5565 0.121908
92 -21.8283 0.119131
93 8.28515 0.114737
94 -20.1755 0.121979
95 -20.1755 0.121979
