0 19.5795 0.100803
1 -8.61127 0.115839
2 5.93733 0.103802
3 -13.8131 0.118457
4 24.2324 0.111361
5 2.32483 0.109267
6 -14.0461 0.111723
7 11.9831 0.11166
8 19.8875 0.116624
9 16.2334 0.110394
10 3.90011 0.109224
11 -15.4153 0.109149
12 19.7513 0.114298
13 -2.66513 0.112923
14 -3.04813 0.113188
15 21.8615 0.117914
16 9.62997 0.111159
17 3.30052 0.114994
18 -8.36673 0.114839
19 2.2885 0.115224
20 0.316215 0.111294
21 -17.4686 0.115331
22 37.6478 0.114951
23 18.5159 0.115561
24 -13.8152 0.122015
25 -7.95005 0.124289
26 -8.81046 0.122096
27 6.52441 0.115985
28 -2.82383 0.119834
29 -12.1632 0.11768
30 5.16542 0.117569
31 -13.2247 0.11746
32 46.9571 0.112021
33 24.8854 0.113231
34 -8.34547 0.113029
35 22.8422 0.11729
36 7.62134 0.112582
37 21.0243 0.112284
38 1.77933 0.110616
39 -6.14119 0.11727
40 44.2218 0.111059
41 20.1548 0.117411
42 -1.05575 0.113722
43 8.8118 0.115293
44 4.27319 0.113799
45 42.5028 0.114827
46 19.6919 0.125396
47 8.40396 0.116757
48 24.7492 0.108863
49 0.801762 0.119891
50 30.6301 0.11472
51 -1.43084 0.114339
52 23.687 0.120252
53 12.5891 0.118278
54 -23.7883 0.126685
55 1.43862 0.113856
56 25.1794 0.11204
57 5.13593 0.119607
58 -12.2442 0.11772
59 -12.7129 0.129665
60 9.59136 0.127571
61 -21.3371 0.126391
62 -1.33068 0.127299
63 -9.14518 0.120122
64 -4.63356 0.125014
65 -0.307062 0.11776
66 -15.3459 0.116644
67 -20.4581 0.119154
68 -19.4724 0.117973
69 -6.39527 0.119672
70 -4.94844 0.112862
71 -7.97145 0.12458
72 -7.22521 0.124015
73 -6.42397 0.120955
74 -26.1345 0.120921
75 -13.4768 0.121224
76 -2.20217 0.129046
77 -37.5928 0.11792
78 -14.8658 0.118837
79 -43.7358 0.115249
80 -22.9099 0.122276
81 8.6378 0.124636
82 -40.3617 0.118244
83 -19.3175 0.116163
84 -24.484 0.125454
85 3.93319 0.124126
86 -16.1847 0.123756
87 -45.4177 0.115517
88 -15.0892 0.129668
89 -5.66969 0.123038
90 -22.7142 0.130046
91 -22.7558 0.118121
92 -22.5081 0.130795
93 7.85716 0.128202
94 -11.537 0.130611
95 -11.537 0.130611
