0 40.3727 0.111003
1 60.3289 0.10905
2 38.6736 0.109774
3 50.8027 0.1118
4 51.0501 0.109784
5 58.7397 0.111074
6 85.9098 0.110129
7 70.0807 0.110823
8 82.9924 0.109289
9 72.5222 0.108543
10 46.8147 0.11344
11 72.935 0.110449
12 61.3823 0.110456
13 95.3209 0.112086
14 55.5595 0.113265
15 52.5381 0.114224
16 60.216 0.11481
17 75.6415 0.113512
18 47.7345 0.113099
19 36.2143 0.109628
20 50.9809 0.11247
21 50.1689 0.116856
22 47.8694 0.114539
23 34.7006 0.113903
24 73.87 0.114327
25 54.5116 0.116087
26 45.3968 0.110165
27 62.8953 0.111881
28 30.4214 0.111449
29 52.5944 0.113624
30 58.6732 0.11658
31 39.2396 0.115646
32 45.8314 0.116877
33 67.5343 0.105301
34 47.3277 0.109093
35 29.6501 0.111995
36 56.1072 0.111227
37 35.2007 0.106378
38 25.5534 0.110924
39 57.2941 0.111539
40 49.126 0.111732
41 30.3554 0.116711
42 51.2804 0.110498
43 44.0119 0.11485
44 58.8146 0.114074
45 35.2413 0.111382
46 64.5234 0.118295
47 57.7991 0.115473
48 40.571 0.117163
49 26.3384 0.114552
50 44.9095 0.109561
51 28.9883 0.124078
52 29.4913 0.119114
53 29.7799 0.111917
54 38.3898 0.117325
55 53.3056 0.114472
56 34.6444 0.117845
57 47.3577 0.113048
58 48.2537 0.118841
59 51.4061 0.118876
60 24.0499 0.115279
61 44.7534 0.116078
62 37.3856 0.112647
63 35.8433 0.11535
64 4.54464 0.11532
65 3.64864 0.10928
66 11.1886 0.110038
67 6.29771 0.115323
68 -4.77166 0.109245
69 1.06962 0.114162
70 -4.54786 0.113737
71 -6.04266 0.112035
72 -13.6596 0.115784
73 4.02561 0.1204
74 26.2934 0.114556
75 -0.007831 0.122033
76 11.7897 0.113212
77 -3.39029 0.115602
78 -19.7694 0.112146
79 -10.9866 0.117621
80 -6.47792 0.121631
81 18.5234 0.114227
82 -12.8634 0.118185
83 1.00899 0.114038
84 11.1873 0.11406
85 -21.2941 0.121159
86 -11.8581 0.120471
87 -4.33125 0.12854
88 -19.9986 0.125305
89 -2.66962 0.12937
90 11.2969 0.126226
91 -0.919458 0.121226
92 -0.741995 0.122815
93 -8.53943 0.113718
94 -14.3684 0.122986
95 -14.3684 0.122986
