0 18.5377 0.113082
1 26.7124 0.110242
2 27.0487 0.114166
3 30.8577 0.106599
4 6.94136 0.106715
5 2.31143 0.107903
6 19.412 0.110221
7 3.32645 0.114667
8 25.0647 0.114832
9 -6.03494 0.113483
10 26.8337 0.11481
11 -4.85081 0.106557
12 25.9106 0.119623
13 -3.55808 0.117004
14 17.2958 0.126832
15 4.71762 0.112761
16 -19.893 0.123859
17 -2.47987 0.12033
18 17.8096 0.110449
19 -6.68412 0.121552
20 -3.54003 0.117312
21 -6.87496 0.133008
22 16.3149 0.126082
23 17.8928 0.119585
24 -19.3787 0.126964
25 9.08569 0.116127
26 -6.79435 0.116431
27 -28.0771 0.121971
28 -25.6638 0.14503
29 -8.51311 0.132541
30 14.8362 0.120594
31 -12.7992 0.120896
32 24.6951 0.115403
33 23.9005 0.113424
34 21.6631 0.124518
35 37.8211 0.115494
36 6.31657 0.115759
37 34.8578 0.110004
38 19.8027 0.11206
39 27.9105 0.104261
40 26.8721 0.111833
41 9.93468 0.120527
42 15.7084 0.125557
43 26.8093 0.113222
44 39.8216 0.113658
45 -9.23866 0.113645
46 16.5112 0.121456
47 36.3672 0.128013
48 30.14 0.121048
49 30.1938 0.121034
50 12.6664 0.117488
51 3.37421 0.117939
52 30.0024 0.118182
53 14.709 0.116495
54 37.5999 0.118902
55 30.8798 0.117006
56 26.4849 0.12034
57 -6.09838 0.13273
58 41.9447 0.12016
59 3.24849 0.119453
60 -31.5084 0.123538
61 18.2179 0.119974
62 33.4821 0.114435
63 11.9521 0.116464
64 71.2898 0.107818
65 62.1608 0.110427
66 31.9506 0.107307
67 66.1978 0.108516
68 28.6482 0.115483
69 61.6398 0.104442
70 47.4393 0.110156
71 72.5856 0.112988
72 82.4288 0.106959
73 45.6268 0.115666
74 50.2067 0.11513
75 35.3098 0.111399
76 37.2009 0.110003
77 42.9073 0.110698
78 30.1866 0.110461
79 43.2658 0.114195
80 41.3162 0.11518
81 52.3122 0.109616
82 49.5369 0.119193
83 55.4324 0.116691
84 52.1154 0.112876
85 40.9359 0.118134
86 35.6937 0.115481
87 50.761 0.121253
88 45.5528 0.112299
89 17.6552 0.11522
90 39.3929 0.119774
91 26.8384 0.124306
92 51.8348 0.111162
93 43.579 0.124209
94 13.1247 0.121024
95 52.2582 0.111733
