0 37.3553 0.119478
1 40.1378 0.114733
2 44.7951 0.114221
3 32.7675 0.116204
4 51.241 0.113844
5 27.377 0.108351
6 31.1147 0.117035
7 44.5787 0.111892
8 27.3461 0.115214
9 48.3494 0.117475
10 52.2297 0.119835
11 39.9397 0.116031
12 32.9116 0.117562
13 41.9934 0.12351
14 24.3995 0.1149
15 37.61 0.118381
16 43.043 0.117806
17 23.5102 0.118172
18 18.9355 0.116046
19 29.5788 0.11292
20 28.6042 0.11816
21 63.6907 0.119229
22 18.9105 0.116033
23 41.7974 0.119635
24 19.7267 0.119447
25 8.63744 0.119445
26 50.374 0.123697
27 15.8675 0.119413
28 32.0685 0.12144
29 28.6655 0.124085
30 19.6055 0.129062
31 33.2623 0.117061
32 3.9575 0.108617
33 -18.7265 0.106646
34 20.4905 0.111246
35 -11.4315 0.108837
36 -4.86148 0.11084
37 -15.1635 0.107306
38 0.527712 0.111403
39 -12.8917 0.108415
40 -15.972 0.11227
41 -6.98584 0.111599
42 -22.1148 0.112441
43 -15.362 0.114999
44 -4.2674 0.111124
45 -19.3046 0.11188
46 -5.13488 0.113375
47 3.13971 0.112818
48 -19.3975 0.120216
49 9.30891 0.111366
50 -8.18973 0.115369
51 -23.1884 0.118649
52 -14.494 0.114633
53 3.10778 0.120702
54 -1.77888 0.109003
55 -42.9555 0.124788
56 5.18882 0.112744
57 -23.0202 0.128418
58 16.3553 0.113821
59 -1.71261 0.11167
60 -0.217044 0.116619
61 -0.448201 0.115088
62 -4.33872 0.12046
63 2.45485 0.111456
64 13.6553 0.112152
65 26.5518 0.111935
66 52.3574 0.113705
67 63.1929 0.105245
68 28.9255 0.1088
69 25.553 0.114726
70 44.1112 0.110557
71 37.0784 0.107887
72 21.4972 0.112884
73 27.5329 0.115262
74 8.5656 0.113481
75 29.3003 0.114104
76 23.6079 0.116562
77 12.5616 0.114872
78 18.3378 0.109032
79 40.0461 0.11591
80 28.5899 0.110185
81 39.4148 0.117991
82 -5.97632 0.114953
83 40.1338 0.113495
84 41.8605 0.11401
85 10.622 0.120172
86 22.3055 0.117133
87 2.54171 0.116462
88 10.2868 0.113538
89 -2.18662 0.116973
90 37.9787 0.11686
91 19.9145 0.118362
92 35.0518 0.123011
93 -2.64928 0.124041
94 16.9166 0.120076
95 16.9166 0.120076
