0 -17.5035 0.112711
1 -18.4744 0.114756
2 6.34767 0.108691
3 -13.6217 0.115507
4 -3.6627 0.113354
5 -11.3017 0.119551
6 -5.82887 0.118807
7 -7.21168 0.11549
8 -16.763 0.111684
9 -5.77163 0.118575
10 -13.3531 0.115889
11 16.8725 0.114618
12 -26.0203 0.117671
13 -13.5947 0.122084
14 -16.9467 0.11909
15 -4.10405 0.128217
16 -32.2046 0.113725
17 -1.50622 0.115495
18 -21.8903 0.117263
19 -16.7885 0.125218
20 -26.2094 0.118216
21 -8.0295 0.119828
22 15.1977 0.119112
23 13.775 0.124708
24 -18.354 0.116396
25 -0.907964 0.122331
26 -20.9408 0.12163
27 -17.4219 0.117001
28 -20.6577 0.123793
29 -14.7275 0.119244
30 6.11462 0.126117
31 -24.8832 0.117422
32 22.1874 0.108929
33 17.6053 0.106532
34 28.3112 0.109884
35 -14.366 0.110102
36 -16.792 0.115249
37 19.9435 0.101912
38 -5.17404 0.110861
39 15.7045 0.113406
40 -1.93127 0.1133
41 3.11444 0.111907
42 -22.3847 0.114961
43 -39.7067 0.113142
44 -5.06286 0.109886
45 14.9716 0.114239
46 -5.93925 0.11677
47 -20.7271 0.109885
48 -7.22226 0.113853
49 -11.7078 0.116187
50 -2.55528 0.11362
51 36.8033 0.118743
52 -28.8938 0.112377
53 -16.7427 0.121332
54 12.9357 0.114195
55 4.35933 0.117605
56 -18.1981 0.112285
57 -19.362 0.117592
58 -31.1284 0.109554
59 34.4127 0.111204
60 18.6356 0.118558
61 -32.6462 0.117675
62 -12.7083 0.115441
63 -17.1935 0.113646
64 4.82819 0.11113
65 -11.9457 0.109468
66 13.7405 0.111901
67 -4.26979 0.112668
68 6.85309 0.106937
69 -24.4884 0.108134
70 -8.01232 0.112145
71 16.8252 0.112329
72 -21.6838 0.11939
73 -17.3099 0.110717
74 -0.57065 0.111675
75 17.5276 0.111123
76 -14.4171 0.105226
77 8.1761 0.112095
78 -7.63713 0.108218
79 13.7714 0.10796
80 -15.9626 0.115352
81 0.999735 0.111513
82 14.5124 0.1125
83 1.28945 0.112575
84 -8.37853 0.114804
85 -8.31689 0.112391
86 -0.819357 0.117852
87 -21.1401 0.116265
88 -19.614 0.115432
89 10.2693 0.11614
90 13.8598 0.11023
91 -12.5776 0.114566
92 2.24269 0.114345
93 8.07849 0.112463
94 2.21037 0.117436
95 2.21037 0.117436
