0 -72.792 0.104008
1 -69.8752 0.113533
2 -56.6887 0.113683
3 -102.764 0.12062
4 -81.3611 0.114426
5 -115.092 0.130401
6 -95.2158 0.117533
7 -73.4706 0.112617
8 -70.6712 0.115247
9 -58.4537 0.108241
10 -62.2061 0.109746
11 -59.4656 0.123182
12 -102.58 0.120914
13 -82.6352 0.114552
14 -95.2867 0.121122
15 -75.3867 0.1088
16 -81.5396 0.123884
17 -74.3239 0.116777
18 -55.0403 0.119388
19 -74.814 0.106753
20 -94.5971 0.115007
21 -74.8671 0.117307
22 -54.9957 0.112758
23 -76.4202 0.118382
24 -80.6129 0.120049
25 -71.3982 0.113811
26 -79.1953 0.110983
27 -66.2486 0.112258
28 -100.797 0.109615
29 -76.7009 0.116
30 -55.4709 0.117869
31 -99.617 0.113375
32 -40.5241 0.116541
33 -20.9395 0.115813
34 -65.0741 0.112785
35 -36.8044 0.113515
36 -44.4524 0.116887
37 -47.8548 0.114898
38 -23.9605 0.120421
39 -10.129 0.120665
40 -65.361 0.120891
41 -37.2981 0.117842
42 -33.4067 0.109441
43 -37.1388 0.116615
44 -41.4313 0.118759
45 -73.6495 0.117795
46 -37.406 0.117151
47 -32.8528 0.114862
48 -58.1989 0.119842
49 -47.2435 0.120827
50 -54.6794 0.11808
51 -60.5922 0.118962
52 -18.7784 0.108876
53 -55.246 0.118975
54 -24.2079 0.122097
55 -31.202 0.116451
56 -41.8915 0.117395
57 -41.8932 0.118713
58 -47.7335 0.117203
59 -59.8701 0.114855
60 -52.5504 0.115693
61 -48.6365 0.111524
62 -63.5552 0.119298
63 -41.7571 0.117113
64 37.4397 0.118357
65 25.3776 0.109386
66 71.1672 0.113293
67 25.7732 0.1097
68 40.2076 0.114386
69 63.3966 0.105684
70 21.88 0.115421
71 38.1041 0.113971
72 28.8229 0.10968
73 54.6484 0.109728
74 42.8601 0.116687
75 63.0832 0.114139
76 52.7142 0.116693
77 34.567 0.112495
78 51.1929 0.118114
79 35.3129 0.111479
80 33.2666 0.121869
81 58.0468 0.115989
82 17.2499 0.115058
83 16.2243 0.115316
84 42.3252 0.117002
85 49.4388 0.114936
86 60.6933 0.117095
87 56.3154 0.11408
88 43.9692 0.110928
89 22.3479 0.115727
90 34.2276 0.115517
91 39.5781 0.11359
92 35.5962 0.114935
93 10.1919 0.121658
94 28.2385 0.11736
95 28.2385 0.11736
