0 28.5189 0.112376
1 36.3281 0.120623
2 33.0638 0.115071
3 27.656 0.107422
4 37.2759 0.11333
5 30.3779 0.107614
6 17.3081 0.111968
7 12.6867 0.113232
8 16.9157 0.111362
9 20.7175 0.119046
10 44.4299 0.112075
11 35.9673 0.109012
12 43.5343 0.114152
13 19.7427 0.117863
14 -1.23977 0.113638
15 10.6052 0.121404
16 -1.98823 0.229773
17 58.1512 0.120762
18 42.2926 0.117827
19 58.6888 0.111841
20 7.15778 0.116803
21 -3.5018 0.127351
22 35.9425 0.122639
23 2.64876 0.11646
24 26.8255 0.120995
25 19.2323 0.122097
26 39.1513 0.115229
27 25.4156 0.117545
28 17.3852 0.11904
29 14.058 0.125125
30 36.2318 0.117297
31 16.0922 0.119756
32 -3.55605 0.10687
33 14.435 0.110749
34 -24.2259 0.11795
35 -1.86955 0.13601
36 -3.21897 0.11089
37 3.37578 0.108617
38 -11.6488 0.115956
39 -23.8908 0.112643
40 -33.6704 0.10889
41 -9.2646 0.116575
42 -22.5349 0.115246
43 -30.3109 0.115082
44 -20.6856 0.11664
45 -35.1781 0.112915
46 -6.10323 0.128788
47 15.4577 0.113447
48 -27.7567 0.119887
49 -22.3339 0.122429
50 -43.7109 0.113896
51 -12.6661 0.118493
52 -36.9325 0.119351
53 -31.23 0.124782
54 -7.09517 0.117831
55 -46.4233 0.110666
56 -18.6835 0.127574
57 -36.5423 0.128173
58 -25.3752 0.113626
59 -17.8818 0.120302
60 -46.3116 0.128983
61 -19.6365 0.123348
62 -24.4837 0.119911
63 -26.2574 0.112779
64 31.8543 0.113765
65 40.5022 0.108604
66 42.279 0.110758
67 28.0112 0.10626
68 41.1231 0.107611
69 43.8906 0.114192
70 57.0469 0.109084
71 56.6119 0.120858
72 40.7444 0.115754
73 9.17846 0.116627
74 45.7867 0.107787
75 47.0647 0.117778
76 13.3038 0.119474
77 46.4719 0.111946
78 65.2527 0.11547
79 57.0307 0.112526
80 32.9124 0.119519
81 22.2613 0.128097
82 12.6702 0.12116
83 54.2518 0.108719
84 20.2155 0.119689
85 29.3366 0.114569
86 26.9232 0.114598
87 45.1599 0.117095
88 26.0612 0.122369
89 40.6075 0.115877
90 33.9014 0.125775
91 27.6002 0.124811
92 46.5858 0.118595
93 1.98744 0.12138
94 14.2337 0.116601
95 14.2337 0.116601
