0 -22.2618 0.111446
1 -49.4438 0.0994611
2 -48.006 0.119011
3 -41.4024 0.10744
4 -44.7482 0.108747
5 -36.9599 0.116055
6 -26.1054 0.119827
7 -24.8328 0.117755
8 -43.646 0.107426
9 -23.3085 0.119304
10 -37.3018 0.122564
11 -13.1841 0.112341
12 -40.6297 0.114792
13 -18.7972 0.121621
14 -14.7657 0.121104
15 -50.395 0.110335
16 -33.1806 0.126253
17 -43.3535 0.119884
18 -20.699 0.118576
19 -11.9816 0.1117
20 -41.8308 0.120774
21 -31.0313 0.119708
22 -35.4777 0.119066
23 -31.9053 0.118942
24 -24.9112 0.118925
25 -52.379 0.119003
26 -49.9238 0.109568
27 -25.8135 0.115955
28 -36.3902 0.120855
29 -26.4288 0.126923
30 -11.6009 0.117289
31 -34.0403 0.121395
32 78.3817 0.115363
33 87.7667 0.109794
34 95.0853 0.113815
35 96.8366 0.114869
36 89.0817 0.114546
37 104.006 0.12865
38 87.195 0.113461
39 73.6034 0.113616
40 64.0836 0.115591
41 71.8544 0.117887
42 72.0988 0.115749
43 84.9448 0.112624
44 72.5613 0.12402
45 94.7396 0.117907
46 81.4313 0.125922
47 71.8755 0.117886
48 86.3708 0.119298
49 100.858 0.120027
50 54.456 0.120439
51 74.507 0.114203
52 91.2971 0.111028
53 72.6257 0.11704
54 83.2623 0.11745
55 46.5 0.121904
56 78.8378 0.121615
57 71.3747 0.115334
58 51.0377 0.125447
59 74.5943 0.114574
60 79.4477 0.121321
61 47.9269 0.126828
62 47.5062 0.122556
63 72.6894 0.114957
64 49.3522 0.115529
65 31.6339 0.108329
66 16.0196 0.107752
67 52.3081 0.105224
68 43.0106 0.10867
69 54.6245 0.109872
70 37.7912 0.112401
71 60.5226 0.1123
72 38.4853 0.116862
73 35.1298 0.111497
74 29.1052 0.116662
75 44.1566 0.108552
76 31.4652 0.112152
77 34.7452 0.114071
78 42.119 0.117045
79 45.8756 0.109662
80 33.9675 0.111195
81 14.2341 0.113575
82 9.14132 0.116916
83 32.0841 0.114835
84 30.5759 0.114026
85 34.7304 0.116142
86 32.3479 0.110756
87 13.296 0.116802
88 33.2841 0.111139
89 46.5519 0.115375
90 40.1873 0.11212
91 -6.48465 0.129471
92 22.0821 0.112011
93 28.6095 0.11897
94 37.1481 0.117926
