0 27.6194 0.110803
1 48.5433 0.119159
2 50.9665 0.116763
3 37.7907 0.113131
4 37.0908 0.119803
5 38.2094 0.113321
6 21.6495 0.111109
7 21.7103 0.111535
8 25.1163 0.113015
9 32.3278 0.113163
10 8.57917 0.112874
11 28.6112 0.11246
12 41.9285 0.116285
13 4.56741 0.110791
14 8.88229 0.121983
15 43.9051 0.117515
16 -5.45255 0.122176
17 -1.97018 0.115706
18 17.7791 0.112916
19 16.7896 0.116155
20 -0.926134 0.118966
21 16.9834 0.113144
22 55.0664 0.117008
23 12.1784 0.118951
24 37.5248 0.117926
25 20.2547 0.11648
26 6.3058 0.118178
27 12.2662 0.119967
28 21.9188 0.116274
29 27.9325 0.117228
30 23.8421 0.113042
31 28.8237 0.120175
32 14.7869 0.112896
33 15.6802 0.110278
34 22.0714 0.106004
35 16.8123 0.107847
36 17.326 0.107041
37 23.5006 0.108035
38 22.4336 0.11422
39 8.4475 0.113874
40 2.44723 0.112951
41 27.0147 0.114317
42 12.4946 0.110344
43 28.2334 0.110948
44 25.6292 0.113062
45 7.64368 0.116496
46 15.4851 0.113445
47 6.4792 0.111922
48 10.5672 0.116218
49 6.43302 0.113074
50 15.6424 0.116228
51 7.63222 0.114881
52 42.1947 0.117562
53 9.89293 0.11573
54 11.6186 0.11806
55 6.12138 0.114405
56 23.31 0.116934
57 11.3695 0.122653
58 19.7622 0.115159
59 1.50278 0.115306
60 11.567 0.115962
61 1.15676 0.124398
62 -5.95242 0.119344
63 14.7964 0.11623
