0 9.23063 0.116086
1 21.6969 0.11831
2 19.5763 0.114253
3 14.3956 0.126976
4 -1.87983 0.118066
5 -16.3442 0.118675
6 5.43186 0.115756
7 21.7362 0.124543
8 -10.8017 0.117083
9 -0.334664 0.121462
10 2.70957 0.138132
11 3.68225 0.121498
12 32.2291 0.120423
13 14.4623 0.137819
14 16.4633 0.124427
15 1.26394 0.123268
16 -1.17284 0.128702
17 -18.9803 0.126059
18 26.6388 0.125528
19 19.4229 0.119293
20 -11.8056 0.122602
21 -2.83008 0.121598
22 22.0571 0.125377
23 23.3663 0.112133
24 14.7499 0.128476
25 3.57061 0.129846
26 -1.84788 0.121054
27 0.768804 0.116709
28 -13.7665 0.125833
29 9.92631 0.133698
30 6.83705 0.134873
31 6.1782 0.121222
32 -2.5361 0.118919
33 -37.8399 0.11416
34 -22.2462 0.113195
35 27.6054 0.112083
36 7.81141 0.1133
37 7.17681 0.11012
38 7.36993 0.131119
39 -6.58954 0.108396
40 -12.0273 0.108434
41 4.41017 0.11572
42 -17.3957 0.116187
43 -8.67938 0.110417
44 17.7501 0.112448
45 -2.43329 0.11625
46 -38.475 0.120554
47 -5.6292 0.116774
48 -23.6668 0.116932
49 -3.45878 0.122053
50 -24.8797 0.149631
51 -17.3165 0.132204
52 -23.5903 0.117551
53 -27.2024 0.125272
54 -38.5188 0.1231
55 -41.2642 0.135242
56 -17.5354 0.114992
57 -21.889 0.121221
58 -32.138 0.122604
59 -6.51255 0.130803
60 -25.7619 0.129647
61 -31.7719 0.122493
62 -4.30903 0.117253
63 -33.2862 0.117415
