0 22.9189 0.113367
1 -24.813 0.110869
2 8.13183 0.117505
3 39.4038 0.109812
4 1.01865 0.114671
5 3.36532 0.109188
6 -43.8631 0.113009
7 -11.2397 0.117972
8 -17.8374 0.117992
9 -12.9492 0.112029
10 -3.85686 0.111556
11 -46.6833 0.115556
12 -15.9429 0.122289
13 -16.6138 0.122373
14 -37.2885 0.121378
15 -3.29799 0.114425
16 -29.2391 0.123485
17 -22.1702 0.114324
18 -10.2308 0.114548
19 -18.5398 0.116063
20 -11.8657 0.117418
21 -6.82535 0.116924
22 -23.4538 0.122758
23 -12.9821 0.12337
24 -17.5435 0.122002
25 -45.127 0.123771
26 -37.515 0.11382
27 -25.809 0.122028
28 -36.5289 0.114777
29 -32.2911 0.121393
30 -20.9306 0.126158
31 -0.0611189 0.122844
32 -9.94832 0.114478
33 -44.8595 0.111832
34 12.2566 0.101031
35 -19.9779 0.111289
36 -22.9436 0.111083
37 2.38233 0.114563
38 -37.751 0.109376
39 -1.73729 0.111539
40 -1.97579 0.11027
41 -33.0236 0.114376
42 6.72986 0.114111
43 -35.7237 0.110225
44 -8.04917 0.116276
45 -20.8867 0.112628
46 -48.6938 0.113905
47 3.66517 0.117521
48 -10.8706 0.120255
49 -24.4066 0.117147
50 -12.9766 0.122944
51 -29.3267 0.115533
52 -2.50905 0.119403
53 -5.80627 0.118966
54 -23.1017 0.119849
55 -24.6076 0.116264
56 -21.4232 0.12556
57 -12.668 0.11457
58 -27.501 0.111839
59 -18.4734 0.121239
60 -40.5558 0.115978
61 -2.32148 0.114076
62 -37.0862 0.125231
63 -21.9861 0.123616
64 44.7438 0.111626
65 37.8774 0.111348
66 63.4168 0.10821
67 25.4064 0.115501
68 42.3102 0.116014
69 56.814 0.109118
70 72.7982 0.116568
71 26.504 0.108978
72 48.8846 0.116002
73 37.9003 0.117184
74 35.4296 0.118329
75 50.148 0.114112
76 60.2877 0.118872
77 49.0178 0.11129
78 44.303 0.111125
79 31.5993 0.109765
80 22.5206 0.112995
81 41.2919 0.117284
82 20.8909 0.123612
83 38.3895 0.119148
84 52.3358 0.113612
85 24.1822 0.118836
86 20.2057 0.113824
87 15.5345 0.117387
88 47.7709 0.115639
89 43.9662 0.11598
90 29.8784 0.114749
91 63.6483 0.122217
92 40.1875 0.114873
93 36.5551 0.1169
94 51.9472 0.11736
95 51.9472 0.11736
