0 10.9632 0.110056
1 26.4257 0.114561
2 29.7731 0.117927
3 8.3472 0.119359
4 28.3025 0.114873
5 61.2577 0.114947
6 26.1732 0.111151
7 18.1933 0.115878
8 38.9017 0.112881
9 22.3037 0.117675
10 43.1428 0.114199
11 35.7541 0.114337
12 35.3263 0.11321
13 27.3466 0.114191
14 49.2241 0.112281
15 46.9765 0.11538
16 29.0611 0.112824
17 34.532 0.120699
18 52.4472 0.113545
19 51.5524 0.117082
20 5.88475 0.119734
21 32.5627 0.117686
22 24.6348 0.125907
23 4.14353 0.122456
24 28.3175 0.118611
25 21.8331 0.117198
26 28.3977 0.118398
27 22.8625 0.122332
28 35.3842 0.117069
29 33.8293 0.119605
30 11.5596 0.121976
31 29.614 0.118546
32 52.1197 0.116568
33 67.3074 0.112189
34 75.9178 0.111943
35 88.7987 0.108776
36 65.637 0.113862
37 100.667 0.110366
38 70.8116 0.11478
39 30.5325 0.115321
40 52.7394 0.115585
41 74.2641 0.113917
42 60.3732 0.111588
43 86.4993 0.115637
44 55.7644 0.111249
45 42.6733 0.108895
46 37.3147 0.113201
47 72.3695 0.118867
48 72.581 0.111655
49 47.5684 0.117382
50 74.523 0.116662
51 75.9102 0.113481
52 63.4067 0.111751
53 69.2276 0.112686
54 75.2958 0.112043
55 64.9804 0.117773
56 65.5897 0.117556
57 76.4414 0.115489
58 63.9473 0.112671
59 79.6487 0.115346
60 56.3915 0.117006
61 82.617 0.115632
62 50.1572 0.123381
63 56.7664 0.119879
64 70.5883 0.110697
65 32.8016 0.113595
66 61.7814 0.113471
67 63.142 0.104532
68 49.6781 0.112494
69 49.7058 0.119176
70 70.7092 0.109978
71 68.8289 0.110378
72 69.4607 0.104267
73 50.508 0.108934
74 37.0366 0.110917
75 54.3226 0.111004
76 55.5622 0.11279
77 69.045 0.113377
78 39.7141 0.110603
79 64.5885 0.110617
80 43.4726 0.114492
81 50.4943 0.112696
82 57.9614 0.11072
83 49.6542 0.109428
84 56.7575 0.122576
85 48.0769 0.116775
86 49.6128 0.112274
87 53.8557 0.119022
88 42.2411 0.116764
89 48.4093 0.116599
90 50.2637 0.115458
91 75.3997 0.112719
92 34.8385 0.115609
93 55.7162 0.116181
94 27.3538 0.125903
95 27.3538 0.125903
