0 9.09419 0.116316
1 -6.94035 0.116305
2 42.9425 0.108514
3 9.11375 0.118318
4 10.2742 0.117332
5 5.21907 0.109829
6 21.2451 0.11588
7 8.99148 0.116414
8 9.76471 0.118764
9 0.199322 0.119643
10 7.68971 0.119969
11 21.1199 0.120835
12 3.36857 0.121316
13 7.63984 0.118084
14 20.1114 0.116809
15 -12.5428 0.118845
16 -11.1107 0.120898
17 26.7701 0.122274
18 -14.9768 0.12004
19 6.5359 0.118006
20 17.4725 0.117788
21 9.84212 0.11887
22 4.38072 0.123234
23 12.1519 0.119927
24 13.7859 0.124515
25 -3.28697 0.116028
26 4.72449 0.123461
27 -7.864 0.119602
28 -1.0951 0.125112
29 17.4254 0.121381
30 -15.5941 0.12421
31 -1.30894 0.121019
32 43.4459 0.118701
33 27.3649 0.116731
34 23.8925 0.119704
35 13.2004 0.116718
36 33.434 0.12015
37 31.7492 0.115956
38 0.442991 0.117418
39 30.7358 0.118626
40 13.8361 0.118859
41 49.8434 0.122905
42 39.938 0.11884
43 33.5784 0.121162
44 15.0013 0.11733
45 9.50517 0.120228
46 41.3831 0.119826
47 50.9688 0.116215
48 17.3887 0.121385
49 38.1382 0.120181
50 22.9117 0.11864
51 19.544 0.122158
52 48.8902 0.116888
53 24.6187 0.123253
54 27.8879 0.12301
55 18.4642 0.124397
56 14.7074 0.122433
57 3.15798 0.120194
58 -7.78469 0.12079
59 17.463 0.125606
60 8.04324 0.125458
61 -1.74655 0.125262
62 56.7263 0.118671
63 0.38639 0.11933
64 38.5015 0.118453
65 -5.59061 0.117538
66 4.40713 0.114973
67 6.00436 0.118086
68 21.2763 0.116142
69 30.2417 0.116177
70 41.5589 0.11335
71 -9.70506 0.107724
72 -15.0437 0.115037
73 15.1409 0.112041
74 -4.90931 0.114208
75 34.2434 0.118787
76 -21.3508 0.113943
77 -14.9275 0.12287
78 -13.6677 0.112049
79 29.0381 0.119884
80 -1.92286 0.117563
81 22.5694 0.110416
82 22.859 0.117003
83 4.75612 0.119332
84 -3.75193 0.112597
85 13.7236 0.113338
86 19.5736 0.120487
87 13.9323 0.117439
88 3.82154 0.114283
89 13.2473 0.115762
90 -10.991 0.11755
91 15.9259 0.1165
92 27.256 0.118291
93 -10.4934 0.122172
94 -0.284988 0.11973
95 -0.284988 0.11973
