0 22.6688 0.113195
1 -6.93768 0.117747
2 43.3983 0.11225
3 -8.97249 0.119694
4 30.7179 0.115615
5 31.0305 0.113684
6 24.2861 0.113281
7 8.46559 0.115123
8 20.2635 0.115464
9 10.4583 0.109529
10 6.48122 0.118781
11 -7.24638 0.114782
12 22.9143 0.113641
13 18.5548 0.114317
14 2.47997 0.114551
15 22.7806 0.11415
16 -2.60914 0.117678
17 4.65447 0.116721
18 21.6298 0.122342
19 -8.50388 0.11864
20 4.41005 0.119697
21 6.71541 0.119422
22 -11.5957 0.1187
23 -11.7789 0.119677
24 37.9902 0.116684
25 21.0553 0.115572
26 -24.4853 0.111708
27 -10.0291 0.12352
28 20.0522 0.123319
29 8.40993 0.122075
30 5.72648 0.117454
31 -23.5582 0.11748
32 -8.26987 0.11203
33 -3.94844 0.113921
34 -34.3018 0.110316
35 -6.44361 0.113908
36 -21.3398 0.115222
37 -14.5118 0.102831
38 -17.6797 0.109898
39 18.1867 0.11067
40 -14.676 0.11031
41 -10.5242 0.1169
42 10.911 0.114385
43 -20.6233 0.11388
44 -16.933 0.110937
45 -16.2696 0.10812
46 7.29445 0.106808
47 -34.6759 0.109262
48 6.45324 0.114225
49 -25.8529 0.124597
50 -0.938477 0.116854
51 -27.3037 0.109875
52 -43.075 0.108886
53 -21.3108 0.113066
54 -22.2416 0.113815
55 -34.3076 0.114909
56 2.51724 0.107593
57 -34.4774 0.111673
58 -38.1019 0.114614
59 -24.9129 0.120074
60 -32.0636 0.117073
61 -35.0976 0.117813
62 -30.235 0.118437
63 -25.1219 0.120218
64 40.1721 0.113899
65 38.5959 0.117478
66 45.7329 0.110802
67 51.8682 0.117751
68 48.6516 0.109663
69 37.9414 0.111696
70 62.1184 0.108632
71 27.4672 0.109916
72 30.0161 0.11314
73 36.1125 0.114139
74 37.5165 0.121203
75 62.5082 0.110609
76 30.3175 0.113579
77 19.9844 0.110536
78 29.6915 0.113234
79 49.9349 0.118393
80 40.6315 0.122341
81 22.928 0.11576
82 21.7429 0.120001
83 50.2304 0.11954
84 25.4217 0.123302
85 33.1574 0.120393
86 9.39742 0.117283
87 37.5712 0.122003
88 54.8246 0.115507
89 48.2609 0.120186
90 13.8681 0.121037
91 22.1396 0.115129
92 54.6153 0.113986
93 43.5871 0.119855
94 33.8841 0.115614
