0 -19.9775 0.111978
1 -21.8043 0.112825
2 33.8585 0.110336
3 -6.63551 0.112144
4 9.43777 0.11206
5 0.107346 0.109119
6 -7.41402 0.110584
7 3.97867 0.107579
8 34.1822 0.113438
9 38.2851 0.111648
10 -3.04367 0.110876
11 -6.17457 0.116605
12 25.1547 0.115699
13 -17.2684 0.115397
14 -3.86377 0.109286
15 7.18059 0.121035
16 -11.0036 0.118762
17 23.3633 0.114661
18 -18.6828 0.116335
19 -12.4071 0.120272
20 27.1517 0.111959
21 -15.7733 0.114653
22 -10.0202 0.120025
23 -25.9472 0.121334
24 0.600439 0.126305
25 -7.17298 0.116833
26 -32.6792 0.130644
27 20.3153 0.125194
28 -9.26314 0.121046
29 -0.185362 0.114362
30 -20.3814 0.1175
31 -1.93804 0.114346
32 23.5798 0.117938
33 48.6891 0.110466
34 34.669 0.108462
35 40.0409 0.113627
36 63.2404 0.112321
37 41.8115 0.111937
38 -5.05518 0.119041
39 38.6976 0.113496
40 38.4411 0.116245
41 54.7999 0.109577
42 -4.3344 0.115285
43 20.608 0.115477
44 35.8693 0.114747
45 15.4977 0.116802
46 37.6518 0.113032
47 47.6968 0.113915
48 10.328 0.123847
49 38.1365 0.22031
50 21.3972 0.1253
51 13.8923 0.232189
52 8.84257 0.115382
53 33.2127 0.114462
54 27.0132 0.111554
55 -1.76011 0.116755
56 30.7482 0.116666
57 -4.08307 0.121536
58 34.5737 0.122676
59 2.37021 0.121104
60 23.4783 0.119575
61 25.2192 0.117366
62 3.81157 0.122577
63 34.5663 0.118701
64 29.9113 0.109742
65 48.6542 0.114911
66 26.5869 0.105469
67 61.2041 0.105662
68 54.3054 0.117558
69 48.5721 0.112264
70 44.2781 0.112919
71 62.1803 0.112977
72 42.9264 0.113124
73 59.2679 0.108235
74 41.2266 0.112511
75 49.1404 0.112207
76 50.5189 0.117531
77 38.3889 0.110606
78 53.5049 0.108076
79 11.1731 0.107966
80 28.8994 0.122377
81 45.2697 0.1166
82 26.1943 0.117914
83 43.4032 0.110748
84 49.5677 0.112798
85 30.2783 0.116985
86 37.7437 0.114012
87 45.2912 0.117675
88 56.9056 0.114241
89 35.1042 0.117302
90 23.8062 0.11511
91 33.9265 0.11379
92 33.4743 0.121864
93 32.6609 0.116517
94 59.6154 0.121277
