0 44.3362 0.109499
1 43.2299 0.113215
2 16.4787 0.114662
3 46.7495 0.123991
4 25.1386 0.111459
5 36.8514 0.114661
6 34.32 0.111601
7 37.9158 0.1144
8 36.9569 0.108411
9 21.4304 0.114465
10 38.7039 0.11068
11 49.679 0.111833
12 18.6561 0.114048
13 36.7473 0.111359
14 28.3101 0.120962
15 17.8413 0.113997
16 57.3619 0.11615
17 20.1576 0.115848
18 62.9662 0.111654
19 22.0114 0.117455
20 30.0676 0.111002
21 30.501 0.116052
22 33.3606 0.11589
23 34.7322 0.113362
24 39.0714 0.112941
25 45.4582 0.116765
26 9.371 0.114788
27 5.20531 0.119523
28 24.052 0.118436
29 15.482 0.119264
30 49.0361 0.118423
31 27.1284 0.116952
32 47.2203 0.113135
33 52.3833 0.107331
34 37.8422 0.117009
35 36.6733 0.108932
36 54.1293 0.110792
37 52.2736 0.116999
38 27.074 0.112029
39 55.5307 0.113922
40 29.2243 0.109652
41 32.3694 0.113273
42 22.1367 0.12116
43 28.0751 0.114656
44 17.2494 0.119366
45 15.8291 0.114799
46 53.7207 0.119875
47 30.2404 0.116561
48 20.2243 0.119324
49 51.4795 0.119357
50 13.0073 0.119658
51 43.5317 0.113316
52 54.6438 0.115353
53 31.4723 0.122253
54 27.2545 0.116998
55 20.7441 0.117781
56 27.5807 0.112443
57 45.1844 0.11699
58 25.1037 0.122225
59 36.2699 0.116129
60 46.0107 0.116649
61 6.67965 0.130714
62 28.7669 0.124721
63 25.3001 0.11694
64 -44.5453 0.116484
65 -37.3706 0.113408
66 -11.4365 0.114076
67 -8.5776 0.122994
68 -23.0257 0.111993
69 -24.7269 0.112398
70 -42.2362 0.115421
71 -45.7487 0.116479
72 -62.3053 0.108704
73 -26.7336 0.114892
74 -17.521 0.119135
75 -25.2229 0.117204
76 -40.7888 0.126725
77 -37.8476 0.115344
78 -35.3102 0.119005
79 -25.18 0.117774
80 -46.3095 0.119111
81 -21.9965 0.121193
82 -22.8779 0.11592
83 11.5351 0.115477
84 -15.5067 0.128353
85 -28.3801 0.115004
86 -11.4753 0.120023
87 -30.3767 0.118031
88 -28.2511 0.1193
89 -35.4293 0.119795
90 -46.5142 0.118698
91 -44.4344 0.119516
92 -50.7347 0.121267
93 -36.0208 0.122291
94 -22.8101 0.120729
95 -22.8101 0.120729
