0 13.1094 0.116265
1 17.2943 0.115829
2 -3.17534 0.11464
3 -24.7346 0.116438
4 19.8968 0.116922
5 12.7951 0.110951
6 -8.91003 0.111109
7 8.04394 0.116693
8 -6.38654 0.114446
9 -30.9046 0.113058
10 9.03181 0.118462
11 12.4017 0.117917
12 0.722188 0.119598
13 -6.2679 0.115072
14 3.9027 0.123899
15 11.3472 0.116083
16 13.5845 0.125627
17 23.7128 0.118263
18 -8.23024 0.120157
19 -42.7271 0.115072
20 -2.73466 0.11524
21 -12.1787 0.120704
22 -9.14883 0.12117
23 -6.07784 0.117208
24 -19.1431 0.118362
25 -0.0927764 0.1156
26 1.59373 0.116275
27 21.889 0.113424
28 10.9545 0.123058
29 -24.58 0.12015
30 -27.9849 0.118517
31 -2.76768 0.119871
32 4.99418 0.11038
33 35.7493 0.111541
34 19.1148 0.107501
35 3.13431 0.110908
36 36.9423 0.115597
37 26.5899 0.108885
38 7.15091 0.106213
39 23.361 0.112534
40 -3.95671 0.107413
41 38.2967 0.11095
42 24.4319 0.108104
43 27.4594 0.107135
44 53.6313 0.110385
45 -29.039 0.114548
46 24.4021 0.110518
47 2.83853 0.11413
48 5.80008 0.112546
49 3.21154 0.109401
50 30.692 0.112091
51 7.55227 0.10796
52 8.17217 0.107031
53 17.5563 0.110295
54 19.5605 0.108391
55 5.212 0.112648
56 12.0005 0.112626
57 12.6471 0.115563
58 -13.2626 0.112963
59 28.3747 0.113544
60 13.3769 0.107889
61 5.02393 0.120677
62 12.905 0.110125
63 11.4881 0.112825
64 29.7261 0.115676
65 50.4781 0.110847
66 40.0931 0.114758
67 66.3174 0.109722
68 40.2349 0.112402
69 32.065 0.111454
70 32.2422 0.113358
71 71.2417 0.11696
72 53.2349 0.113647
73 45.5859 0.111918
74 53.0701 0.118156
75 35.5384 0.115597
76 60.079 0.116705
77 44.5194 0.114407
78 84.4632 0.107245
79 34.3357 0.11089
80 13.3763 0.114006
81 38.2112 0.114323
82 32.11 0.117387
83 47.5564 0.119767
84 30.0889 0.120144
85 45.3093 0.115224
86 56.2294 0.112953
87 41.7723 0.112582
88 10.9313 0.114485
89 46.1902 0.116554
90 55.84 0.113872
91 43.564 0.11979
92 44.1852 0.115592
93 35.3536 0.118343
94 38.8616 0.117038
95 38.8616 0.117038
