0 34.41 0.1122
1 44.1893 0.115652
2 45.2277 0.116582
3 25.1962 0.11475
4 59.2893 0.11357
5 68.7201 0.111601
6 16.2988 0.110972
7 39.7991 0.118711
8 28.7256 0.119604
9 20.9985 0.121476
10 43.1008 0.12045
11 53.0313 0.116102
12 27.6407 0.121756
13 47.591 0.118872
14 28.6119 0.129565
15 27.3391 0.124664
16 22.9523 0.120765
17 23.0158 0.119951
18 34.7099 0.125594
19 17.7363 0.132183
20 26.0513 0.118675
21 25.6353 0.121681
22 21.3134 0.115003
23 12.0572 0.118516
24 23.6362 0.125303
25 53.4115 0.118712
26 33.3483 0.118569
27 21.938 0.118599
28 42.0355 0.120316
29 25.5167 0.117746
30 32.8883 0.119266
31 18.6174 0.120839
32 49.6162 0.109598
33 23.0996 0.112322
34 -2.46109 0.119489
35 2.49537 0.113437
36 34.2471 0.117411
37 69.8865 0.106072
38 31.9192 0.113105
39 39.8087 0.115316
40 31.4298 0.11146
41 26.8629 0.1125
42 25.8288 0.109015
43 15.2748 0.111555
44 14.5047 0.115739
45 26.0827 0.0927104
46 18.9508 0.11896
47 21.0271 0.128023
48 8.94248 0.114577
49 -11.2999 0.121541
50 11.0876 0.122854
51 20.2986 0.122719
52 -1.59282 0.118959
53 40.3467 0.124876
54 23.8978 0.122454
55 11.5406 0.123076
56 49.723 0.110238
57 -5.11757 0.122852
58 11.0487 0.117385
59 22.1475 0.122128
60 28.0061 0.142421
61 12.8897 0.121372
62 15.338 0.117635
63 23.7997 0.120315
