0 -15.7501 0.110807
1 -25.9776 0.107343
2 -27.6344 0.118636
3 17.7141 0.115455
4 -18.3367 0.120366
5 -17.8203 0.113678
6 -1.43295 0.112723
7 4.13041 0.113996
8 6.92739 0.111991
9 -8.45786 0.115318
10 -28.3604 0.121171
11 -12.5506 0.114627
12 -42.9725 0.114657
13 -17.5957 0.113104
14 -31.4386 0.112361
15 -10.517 0.11518
16 3.1553 0.114151
17 -11.6559 0.112028
18 -6.41357 0.119151
19 -5.00467 0.119346
20 -15.8815 0.119525
21 -48.7715 0.111687
22 -8.47523 0.115863
23 -15.8967 0.117437
24 -3.54067 0.115895
25 -30.3422 0.117144
26 -29.7182 0.119546
27 -24.4273 0.119268
28 -22.1247 0.116474
29 -15.1384 0.123287
30 -6.49188 0.119525
31 -32.0783 0.111806
32 31.341 0.110363
33 -12.8934 0.114403
34 -4.3069 0.112728
35 14.8278 0.106232
36 23.7541 0.116095
37 -20.2239 0.111311
38 24.8918 0.114392
39 2.78084 0.107686
40 5.33146 0.1109
41 6.60386 0.112478
42 -1.098 0.113429
43 18.8871 0.110272
44 21.9783 0.117371
45 -8.9214 0.116092
46 8.4614 0.114499
47 1.98741 0.11137
48 -14.8875 0.113553
49 2.18773 0.121629
50 2.36375 0.118204
51 17.9773 0.118493
52 13.3195 0.111021
53 35.2021 0.119261
54 9.55299 0.116463
55 -4.22721 0.114139
56 -4.22122 0.113631
57 16.3996 0.11385
58 0.167771 0.111834
59 8.85925 0.112223
60 -0.968101 0.119317
61 0.804455 0.125592
62 -6.08501 0.117693
63 15.9471 0.115555
64 53.5888 0.112211
65 48.0056 0.104879
66 8.77006 0.110202
67 53.3831 0.106214
68 54.9908 0.114696
69 28.3061 0.107571
70 41.8915 0.113922
71 39.1024 0.109454
72 35.8555 0.101894
73 55.5102 0.115773
74 35.6055 0.106211
75 39.9442 0.110507
76 51.4063 0.115221
77 40.1193 0.106418
78 38.1368 0.108255
79 39.2586 0.110815
80 58.5864 0.114738
81 31.3202 0.223706
82 60.6989 0.125391
83 28.9775 0.117242
84 42.7689 0.110627
85 22.3058 0.124831
86 25.3689 0.116098
87 27.0807 0.112135
88 55.6344 0.113084
89 26.92 0.113032
90 26.6861 0.112772
91 40.8736 0.111094
92 26.7667 0.113848
93 21.651 0.124992
94 38.0281 0.121465
95 38.0281 0.121465
