0 -54.306 0.103563
1 -28.8451 0.106453
2 -59.403 0.110721
3 -36.7172 0.104213
4 -46.2616 0.106301
5 -25.4488 0.114722
6 -66.1513 0.115459
7 -44.7234 0.11361
8 -44.8471 0.112356
9 -73.8134 0.108853
10 -81.3413 0.109688
11 -78.1745 0.114555
12 -105.364 0.117276
13 -36.5903 0.114458
14 -69.9337 0.113713
15 -87.7483 0.109265
16 -68.5816 0.101568
17 -25.173 0.108199
18 -51.7983 0.110246
19 -95.5464 0.119254
20 -41.8327 0.111496
21 -38.2029 0.11264
22 -64.2797 0.111854
23 -30.3202 0.114956
24 -41.3691 0.112783
25 -56.5864 0.116699
26 -74.5669 0.109007
27 -62.139 0.110913
28 -54.9733 0.108156
29 -46.7772 0.111695
30 -30.4999 0.105126
31 -43.2853 0.113975
32 15.1274 0.114385
33 29.6171 0.111753
34 1.44546 0.105727
35 37.6546 0.111889
36 37.5588 0.112029
37 5.67478 0.108197
38 19.3921 0.107329
39 31.0722 0.111527
40 46.3708 0.113884
41 62.0236 0.0984225
42 9.43989 0.108967
43 31.4857 0.111197
44 34.8512 0.114083
45 28.0276 0.112712
46 -0.466175 0.109566
47 12.2669 0.115707
48 16.825 0.113073
49 31.8303 0.110988
50 16.7912 0.116406
51 51.1007 0.11123
52 25.3763 0.108492
53 20.3214 0.117139
54 30.2757 0.114182
55 40.2233 0.112101
56 32.8419 0.111417
57 30.0981 0.120055
58 34.1386 0.117335
59 17.8987 0.116003
60 21.2262 0.109578
61 17.0582 0.120152
62 16.9069 0.118035
63 28.988 0.11864
64 45.6205 0.112204
65 31.8803 0.115327
66 0.607705 0.113936
67 10.3395 0.116488
68 32.4052 0.109976
69 48.8201 0.11166
70 27.9046 0.111204
71 12.5692 0.117583
72 31.3156 0.119799
73 24.3186 0.11562
74 22.0756 0.116397
75 47.7216 0.117252
76 32.4613 0.115112
77 21.9347 0.107351
78 16.617 0.120622
79 15.7654 0.117769
80 29.8673 0.117232
81 22.1979 0.122124
82 26.7836 0.11867
83 38.2236 0.116509
84 13.4864 0.119448
85 19.4603 0.130143
86 32.4986 0.124453
87 26.4168 0.119355
88 49.7223 0.124006
89 31.1324 0.115574
90 55.6123 0.126294
91 31.6442 0.120386
92 14.2298 0.115262
93 30.8103 0.11764
94 25.9679 0.11601
95 25.9679 0.11601
