0 30.6025 0.111541
1 35.4261 0.111165
2 22.2304 0.119853
3 41.7906 0.105591
4 9.3717 0.110821
5 35.2115 0.102527
6 37.9365 0.110741
7 41.5751 0.115614
8 30.7004 0.111448
9 14.3236 0.110595
10 36.7668 0.107781
11 28.6922 0.114567
12 33.6207 0.115175
13 20.3929 0.102434
14 47.4189 0.110045
15 40.9737 0.112572
16 38.301 0.116451
17 6.296 0.110912
18 11.6373 0.111069
19 28.1827 0.115683
20 30.0609 0.120896
21 40.377 0.11107
22 9.39603 0.112533
23 46 0.113516
24 49.1405 0.115075
25 24.3577 0.115718
26 32.0508 0.113567
27 26.6796 0.110753
28 35.0037 0.110507
29 9.33337 0.127391
30 34.4443 0.113489
31 20.3329 0.118632
32 26.9979 0.11465
33 -16.4917 0.112082
34 31.6198 0.111654
35 -4.21749 0.108828
36 8.926 0.115062
37 19.3459 0.108576
38 4.23521 0.115309
39 14.1944 0.114562
40 27.883 0.111002
41 11.7265 0.112149
42 15.5908 0.119099
43 9.32804 0.112191
44 -0.318876 0.111729
45 -2.55238 0.122832
46 24.1897 0.115182
47 22.4611 0.11603
48 9.01791 0.114129
49 2.5053 0.118283
50 13.4302 0.118354
51 14.952 0.116722
52 3.05227 0.116047
53 24.4845 0.119758
54 20.234 0.11776
55 -4.30538 0.123318
56 -7.56732 0.122665
57 -25.0235 0.118663
58 9.67632 0.125627
59 -7.7727 0.119513
60 -2.31575 0.123768
61 20.3987 0.12178
62 10.8359 0.124924
63 2.04063 0.120254
64 72.1818 0.105078
65 66.9839 0.109222
66 58.4768 0.113609
67 50.7153 0.116222
68 38.5904 0.109468
69 57.3246 0.118156
70 75.3993 0.116351
71 71.2497 0.112456
72 60.7393 0.117374
73 62.8885 0.111931
74 70.9125 0.116122
75 73.9494 0.107712
76 47.5596 0.119324
77 49.8981 0.121291
78 42.8343 0.111963
79 65.2541 0.110756
80 72.9342 0.121976
81 39.4866 0.117752
82 62.9977 0.118281
83 39.0074 0.118575
84 61.3688 0.114359
85 60.4068 0.109983
86 40.0956 0.121265
87 60.582 0.118445
88 49.3816 0.115048
89 35.4471 0.119598
90 66.0412 0.118279
91 49.9341 0.117713
92 61.8566 0.119961
93 42.003 0.119613
94 60.3022 0.122114
95 60.3022 0.122114
