0 39.3954 0.111014
1 1.21512 0.10759
2 34.2188 0.117416
3 15.8656 0.112632
4 -14.7728 0.12417
5 24.3589 0.112829
6 29.9419 0.110468
7 24.1625 0.10969
8 31.0414 0.115734
9 2.7855 0.113564
10 29.351 0.116209
11 30.0911 0.105646
12 30.6317 0.113267
13 40.9825 0.114316
14 10.7343 0.116636
15 30.7738 0.112741
16 23.9813 0.115244
17 39.0669 0.115209
18 20.3849 0.117472
19 5.50761 0.118126
20 21.8635 0.116449
21 -10.491 0.113543
22 21.0249 0.12208
23 21.2178 0.115048
24 -7.86101 0.116826
25 9.81604 0.11654
26 3.95186 0.118404
27 -5.14818 0.12212
28 -10.7696 0.11468
29 30.0293 0.120575
30 -11.5761 0.118413
31 -7.32685 0.120524
32 -46.5826 0.115772
33 -17.1804 0.235084
34 -56.8559 0.108351
35 -36.411 0.108732
36 -34.3763 0.115639
37 -31.6308 0.114137
38 -49.1373 0.118223
39 -60.5723 0.114097
40 -43.3225 0.11559
41 -62.0288 0.11555
42 -46.9865 0.110644
43 -19.5825 0.119228
44 -58.9322 0.109223
45 -21.8898 0.110111
46 -13.0766 0.113351
47 -37.6382 0.113446
48 -30.9927 0.111674
49 -48.9882 0.111743
50 -46.7708 0.1169
51 -36.1163 0.120037
52 -31.9836 0.120889
53 -47.7977 0.122914
54 -58.4585 0.119005
55 -38.5454 0.113973
56 -45.7103 0.119759
57 -43.5111 0.121708
58 -23.8834 0.11832
59 -40.5663 0.118458
60 -35.6115 0.117743
61 -35.6605 0.123929
62 -31.5415 0.116056
63 -18.353 0.118455
64 4.28808 0.113632
65 3.77209 0.108204
66 -12.0804 0.106547
67 5.38539 0.102581
68 -5.67183 0.115415
69 12.6718 0.103293
70 1.54174 0.107399
71 1.92285 0.111864
72 -4.82077 0.105943
73 -11.8154 0.118495
74 24.7695 0.111381
75 14.029 0.110332
76 13.8803 0.106628
77 4.60451 0.113615
78 1.87604 0.10715
79 13.5046 0.110675
80 10.2648 0.107273
81 12.6989 0.118379
82 -6.90016 0.113568
83 -15.806 0.110421
84 -9.05602 0.122201
85 6.25277 0.109202
86 -14.1762 0.106342
87 0.732873 0.114165
88 -0.244159 0.11338
89 -16.7835 0.112268
90 -16.468 0.108457
91 10.8831 0.114699
92 6.25793 0.114474
93 11.5282 0.122749
94 -9.64733 0.116445
95 -9.64733 0.116445
