0 4.02828 0.114736
1 -22.4276 0.115947
2 0.0515512 0.112671
3 -6.38693 0.113512
4 -16.6111 0.112512
5 -16.3215 0.113586
6 -22.807 0.118197
7 -2.64921 0.110369
8 -4.51541 0.109877
9 -1.11737 0.117385
10 -18.8044 0.115615
11 -22.9933 0.122751
12 -6.10899 0.118444
13 -48.9038 0.110854
14 -26.3088 0.120124
15 -27.0851 0.123262
16 -36.6231 0.116289
17 -46.2187 0.116739
18 -16.4759 0.115782
19 -5.30043 0.12052
20 -14.949 0.112605
21 -4.29226 0.117395
22 -29.2186 0.119779
23 -5.02575 0.117853
24 -18.5878 0.125891
25 -27.6788 0.122816
26 -13.7802 0.120038
27 -16.409 0.119149
28 -27.6153 0.119109
29 12.0906 0.113812
30 -0.536433 0.120986
31 -41.8277 0.128916
32 -27.771 0.107066
33 -37.6419 0.110523
34 -15.5604 0.110473
35 -46.576 0.109948
36 -37.7619 0.118035
37 -32.4314 0.114944
38 -25.344 0.102532
39 -55.7316 0.117234
40 -24.2378 0.110071
41 -12.4818 0.112231
42 -25.7831 0.104329
43 -36.6611 0.110621
44 -44.527 0.108847
45 -26.4221 0.109381
46 -31.7714 0.114065
47 -46.4599 0.110279
48 -47.9983 0.1168
49 -42.0589 0.109721
50 -33.7429 0.117519
51 -35.0589 0.114456
52 -54.9608 0.115924
53 -23.7674 0.116429
54 -53.1281 0.113547
55 -21.4892 0.1159
56 -42.6902 0.115116
57 -40.8627 0.112605
58 -22.0731 0.113004
59 -34.9344 0.114851
60 -46.4216 0.111982
61 -29.581 0.103832
62 -43.2044 0.113608
63 -37.8001 0.115495
64 32.5725 0.115759
65 14.9106 0.118285
66 5.13809 0.11666
67 16.8033 0.111802
68 31.1142 0.109636
69 19.6021 0.117233
70 34.682 0.118452
71 48.7115 0.112363
72 24.748 0.111331
73 9.81596 0.113654
74 34.3697 0.12064
75 32.8987 0.119142
76 28.2125 0.113064
77 22.4332 0.112894
78 33.8563 0.112064
79 16.8259 0.116387
80 49.5748 0.114568
81 20.6515 0.23049
82 -0.74859 0.119691
83 46.1909 0.117531
84 24.9894 0.115811
85 5.24522 0.120112
86 7.30841 0.119697
87 9.21688 0.122596
88 20.0615 0.119365
89 32.9513 0.116399
90 47.6796 0.121039
91 15.183 0.113407
92 52.0381 0.113102
93 20.1921 0.125424
94 37.5434 0.120064
95 37.5434 0.120064
