0 23.2166 0.122726
1 8.40226 0.117361
2 -3.2849 0.123311
3 0.430989 0.119243
4 4.93473 0.120019
5 11.2782 0.115232
6 -9.46972 0.121996
7 -3.69907 0.123505
8 25.5124 0.123942
9 4.27099 0.123762
10 19.1502 0.119933
11 5.32869 0.118322
12 27.7572 0.122309
13 7.32797 0.121674
14 -7.06722 0.127696
15 11.1449 0.123149
16 -6.67983 0.13481
17 2.3759 0.124757
18 -10.3853 0.127842
19 2.13544 0.123648
20 -10.3295 0.134109
21 13.3771 0.124073
22 -6.83187 0.130702
23 -36.5289 0.127875
24 -10.0831 0.123854
25 -8.73835 0.134449
26 -31.1502 0.12517
27 -1.09138 0.12764
28 7.52429 0.129531
29 -9.16474 0.129043
30 -16.8921 0.134102
31 -24.003 0.134104
32 -10.8958 0.112842
33 -3.41333 0.112527
34 -21.5881 0.115622
35 -14.835 0.114788
36 -22.1426 0.113235
37 -22.25 0.110791
38 -24.2219 0.110025
39 -7.06212 0.109073
40 -4.7062 0.110422
41 1.53409 0.111344
42 -19.8415 0.107237
43 -23.629 0.114302
44 -16.3749 0.111288
45 -21.4203 0.11371
46 -19.6626 0.110672
47 -0.624866 0.123595
48 -42.5954 0.107987
49 -14.6049 0.116971
50 8.3758 0.117588
51 -12.1473 0.120403
52 -12.415 0.109696
53 -20.8177 0.124189
54 -3.57257 0.118765
55 -10.8376 0.110414
56 -10.7094 0.120164
57 -21.9576 0.124513
58 -11.6083 0.116578
59 -16.6977 0.117552
60 -6.9847 0.118092
61 -32.306 0.125045
62 -25.9708 0.126283
63 -34.297 0.133122
