0 12.1348 0.113218
1 -13.9389 0.114927
2 0.827529 0.117408
3 22.9529 0.115655
4 14.3598 0.112272
5 2.97888 0.1132
6 26.2037 0.108497
7 21.0881 0.112874
8 -2.33391 0.113761
9 -0.129474 0.116728
10 -0.32273 0.115247
11 -17.9845 0.112109
12 6.53153 0.114187
13 -8.99627 0.114716
14 9.01344 0.112151
15 -3.90401 0.114285
16 -1.74182 0.119458
17 5.33899 0.115759
18 0.674995 0.117301
19 10.7529 0.11842
20 4.68063 0.114652
21 -3.85739 0.116213
22 -14.7938 0.113457
23 -16.3479 0.116014
24 -2.43851 0.113674
25 21.5067 0.119424
26 -20.3458 0.118142
27 19.659 0.122175
28 7.32691 0.117479
29 -21.346 0.113883
30 -16.8513 0.1186
31 -5.73906 0.118432
32 18.8232 0.114817
33 13.9347 0.108667
34 46.622 0.112121
35 13.3903 0.11671
36 12.0514 0.107649
37 26.4273 0.111397
38 35.0296 0.113262
39 23.7021 0.112743
40 4.16337 0.104356
41 44.0524 0.119122
42 16.8827 0.114583
43 34.7938 0.112008
44 22.4552 0.115072
45 20.3778 0.115324
46 7.09596 0.112288
47 20.2197 0.11855
48 5.60518 0.111439
49 2.1236 0.129813
50 21.1373 0.124381
51 10.4715 0.110981
52 24.1707 0.121305
53 26.4432 0.114714
54 18.1206 0.11803
55 32.3171 0.122836
56 45.0012 0.122889
57 45.7644 0.122129
58 21.1872 0.125269
59 31.0434 0.126209
60 0.383593 0.128232
61 -0.885679 0.130544
62 25.2315 0.132163
63 34.5477 0.125111
64 62.1263 0.108792
65 53.822 0.107575
66 59.8832 0.107834
67 48.6177 0.105513
68 47.8949 0.107552
69 20.3664 0.104934
70 54.1725 0.106728
71 57.0291 0.104051
72 105.518 0.10492
73 48.2873 0.111032
74 39.8496 0.128966
75 22.7113 0.10904
76 48.0625 0.112067
77 34.6203 0.108579
78 46.8756 0.112146
79 53.9283 0.113109
80 29.3996 0.112588
81 38.3057 0.108552
82 30.1711 0.110327
83 47.33 0.10945
84 7.01297 0.126065
85 28.2634 0.115153
86 48.1974 0.122769
87 25.3375 0.117052
88 38.2668 0.114993
89 51.4895 0.114909
90 16.5034 0.113126
91 41.0095 0.113167
92 20.2368 0.114638
93 38.1976 0.119411
94 21.1341 0.118354
95 22.6673 0.118862
