0 -1.24377 0.11326
1 7.13699 0.11514
2 14.7462 0.116543
3 -17.5122 0.115884
4 -3.37094 0.113991
5 4.59439 0.113075
6 -26.2017 0.124317
7 -7.23396 0.128112
8 0.204755 0.113935
9 16.3341 0.117908
10 22.2249 0.1174
11 -8.30064 0.121332
12 17.4502 0.116911
13 6.35443 0.113042
14 12.2875 0.117087
15 10.4861 0.116077
16 22.5975 0.115372
17 -3.96684 0.117261
18 9.71644 0.117616
19 0.352838 0.113512
20 6.78188 0.118821
21 -1.21076 0.119545
22 4.40437 0.118338
23 -29.0269 0.11529
24 -3.69385 0.115966
25 33.3533 0.123177
26 -0.789445 0.120476
27 11.0354 0.117501
28 -29.0513 0.118846
29 -0.297015 0.118681
30 -10.0215 0.116547
31 9.03513 0.114718
32 61.251 0.11387
33 18.0824 0.113145
34 65.6043 0.115116
35 40.2319 0.10516
36 34.425 0.116959
37 36.8145 0.116718
38 53.6771 0.112288
39 37.4481 0.122408
40 38.6873 0.11366
41 34.8866 0.106699
42 53.9179 0.118801
43 36.9219 0.119403
44 44.6921 0.117891
45 21.8072 0.115687
46 24.4402 0.116419
47 29.3772 0.115527
48 58.7009 0.113113
49 37.4945 0.109648
50 45.3774 0.120595
51 49.9421 0.116663
52 18.0338 0.122745
53 33.3737 0.112508
54 28.1574 0.122199
55 52.5914 0.113977
56 36.6876 0.1131
57 27.0685 0.113638
58 27.036 0.117106
59 29.0332 0.114751
60 35.2433 0.118544
61 33.0726 0.122408
62 11.0301 0.130768
63 24.4802 0.119308
64 -15.5495 0.113395
65 -4.56204 0.112402
66 -0.0546933 0.1173
67 -9.49938 0.115295
68 -12.8879 0.123065
69 -10.509 0.1123
70 -5.55316 0.104948
71 3.76543 0.111462
72 -11.5735 0.114571
73 -7.06667 0.116831
74 10.0219 0.118988
75 -4.09892 0.117783
76 -0.638361 0.124607
77 -22.1105 0.114604
78 -10.2712 0.119229
79 -9.65088 0.125769
80 -12.7037 0.111688
81 -31.0366 0.115028
82 -9.92798 0.112902
83 -6.62619 0.116217
84 -24.5753 0.116604
85 -12.7149 0.116803
86 -8.97063 0.123568
87 -9.80394 0.121844
88 -29.7333 0.126998
89 -0.154612 0.121898
90 -6.15064 0.118758
91 -30.6768 0.125431
92 -2.46739 0.129686
93 1.42382 0.126155
94 -1.56023 0.128009
95 -1.56023 0.128009
