0 -13.0461 0.11315
1 -1.27536 0.116333
2 -13.6183 0.1149
3 18.0217 0.116453
4 -1.00066 0.117791
5 -12.0149 0.114433
6 -1.97088 0.112759
7 25.8699 0.115202
8 -11.7389 0.121117
9 18.6783 0.119073
10 -14.3662 0.116816
11 -7.1274 0.11415
12 5.5346 0.117628
13 -7.55862 0.112136
14 2.65974 0.116703
15 -17.7252 0.115726
16 3.47907 0.116913
17 -13.8304 0.115509
18 -14.9932 0.119475
19 -6.78217 0.118188
20 20.8628 0.117665
21 15.6919 0.122668
22 -16.2908 0.122546
23 -30.7517 0.116411
24 -24.4587 0.116585
25 -20.8877 0.117645
26 4.18867 0.12098
27 10.0652 0.120408
28 -11.7463 0.116134
29 -0.328938 0.117131
30 -7.97494 0.118435
31 -22.2668 0.117931
32 20.8148 0.108758
33 43.2493 0.109395
34 92.577 0.105742
35 33.6961 0.112619
36 37.8712 0.112528
37 82.0661 0.111548
38 38.2752 0.102319
39 70.6452 0.106057
40 42.2212 0.107538
41 49.3917 0.113668
42 50.5295 0.110912
43 47.6155 0.103854
44 45.5267 0.104362
45 66.6876 0.10778
46 36.0814 0.112147
47 43.2946 0.108916
48 47.8386 0.110424
49 56.8907 0.113602
50 7.69826 0.115424
51 23.9645 0.112612
52 29.5473 0.113691
53 44.8946 0.111352
54 47.7044 0.111374
55 14.5171 0.107871
56 36.735 0.110882
57 32.1607 0.109853
58 17.2625 0.11989
59 29.3811 0.11237
60 33.5191 0.117168
61 51.6449 0.113356
62 27.6349 0.110373
63 24.3357 0.109994
64 49.7373 0.118456
65 80.5345 0.105388
66 49.6892 0.114199
67 65.8571 0.10896
68 87.5987 0.10822
69 83.0928 0.110552
70 106.783 0.115502
71 72.942 0.110032
72 80.8875 0.112472
73 53.0192 0.109836
74 54.4697 0.113955
75 113.134 0.108878
76 54.968 0.111522
77 52.4271 0.108008
78 54.6427 0.123147
79 47.7726 0.11125
80 91.6148 0.110454
81 55.9282 0.113136
82 55.418 0.112382
83 42.5573 0.112666
84 44.862 0.117115
85 63.6627 0.113501
86 68.5819 0.11149
87 65.4898 0.113575
88 41.9987 0.112408
89 73.2376 0.114734
90 61.6399 0.115225
91 54.5776 0.111245
92 43.3636 0.113114
93 43.1403 0.11556
94 50.581 0.114107
95 50.581 0.114107
