0 -39.2803 0.116806
1 -40.1321 0.122887
2 -31.0786 0.119594
3 -7.74558 0.119643
4 -6.17378 0.117457
5 -25.2056 0.117016
6 -32.2489 0.117992
7 -40.4746 0.11979
8 -13.398 0.111931
9 -30.9986 0.121791
10 -34.7382 0.116047
11 -32.241 0.120097
12 -29.7012 0.119245
13 -21.9218 0.115177
14 -40.6732 0.111416
15 -38.9106 0.119632
16 -23.6517 0.117005
17 -32.4151 0.118599
18 -38.9424 0.117402
19 -17.2703 0.116542
20 -2.02721 0.124913
21 -18.6147 0.118919
22 -19.613 0.115023
23 -37.9392 0.120334
24 -31.2533 0.121773
25 -34.9951 0.116508
26 -11.2075 0.129297
27 -36.7791 0.119588
28 -41.0893 0.129174
29 -33.2682 0.12734
30 -35.1839 0.125352
31 -36.8854 0.11996
32 -23.2083 0.115407
33 -12.6907 0.102212
34 -20.5617 0.105515
35 -30.3911 0.114885
36 -38.2575 0.108494
37 -6.20612 0.109263
38 -31.1884 0.111506
39 -19.0029 0.112218
40 -12.6362 0.114965
41 -31.1154 0.11228
42 -27.4708 0.115188
43 -11.3818 0.118391
44 -23.7465 0.111599
45 -9.41688 0.112776
46 2.48783 0.113097
47 -24.9247 0.115842
48 -47.3461 0.112399
49 -42.8263 0.112742
50 -27.5778 0.116924
51 -6.2292 0.112162
52 -23.7891 0.117683
53 -47.7454 0.118204
54 -15.3298 0.114438
55 -16.3869 0.120012
56 -39.3932 0.11517
57 -18.1218 0.119925
58 -44.3028 0.1188
59 -41.1444 0.119903
60 -37.7788 0.119002
61 -43.466 0.122278
62 -34.9841 0.114575
63 -19.5673 0.117348
64 59.7839 0.112982
65 53.7221 0.113289
66 62.6605 0.117481
67 95.5516 0.111107
68 106.329 0.10998
69 89.7525 0.117157
70 66.5471 0.113962
71 70.8573 0.109956
72 54.9329 0.109267
73 83.9175 0.120126
74 59.422 0.116719
75 79.7186 0.114498
76 68.6881 0.119659
77 75.3026 0.121119
78 54.1551 0.120201
79 66.9342 0.112982
80 46.3356 0.12021
81 68.5385 0.119557
82 47.9063 0.114106
83 60.1148 0.114253
84 61.2593 0.1157
85 63.7552 0.117249
86 36.3346 0.119959
87 73.8328 0.117165
88 44.9313 0.118688
89 33.9106 0.115646
90 36.5728 0.118368
91 44.069 0.118924
92 72.4607 0.114855
93 69.4008 0.11746
94 72.4466 0.120321
95 72.4466 0.120321
