0 14.2963 0.116359
1 17.0174 0.107497
2 49.2047 0.112299
3 19.7834 0.108925
4 23.7403 0.111086
5 14.5038 0.1126
6 24.7156 0.11329
7 18.5343 0.11877
8 9.27193 0.114124
9 26.3416 0.108205
10 -0.887916 0.110748
11 35.0001 0.113626
12 1.64709 0.116728
13 15.6436 0.116302
14 -4.32839 0.118312
15 39.2426 0.115569
16 1.15875 0.121221
17 14.3431 0.124254
18 3.84659 0.116073
19 16.1014 0.114015
20 6.62637 0.124299
21 25.7347 0.120129
22 13.6852 0.11764
23 10.0766 0.118341
24 -4.52876 0.120936
25 30.1189 0.120516
26 24.9105 0.124407
27 -6.03829 0.122891
28 -10.1816 0.123771
29 18.7568 0.121471
30 3.89792 0.116516
31 28.3409 0.124339
32 -17.0384 0.111564
33 -14.6811 0.114543
34 8.95998 0.108698
35 20.4501 0.112591
36 5.68926 0.113464
37 4.00299 0.116905
38 -2.3838 0.114412
39 -0.0438334 0.108764
40 25.0365 0.113395
41 5.81481 0.119745
42 -0.676633 0.112739
43 -15.1003 0.118881
44 -13.5702 0.113896
45 11.9901 0.124506
46 38.3747 0.115145
47 11.5595 0.11595
48 3.71636 0.114966
49 -2.35753 0.11879
50 8.98051 0.118152
51 -9.57636 0.115872
52 1.98527 0.115873
53 -5.08012 0.113482
54 -8.70679 0.117764
55 -17.5506 0.115406
56 23.5662 0.119372
57 -21.218 0.114927
58 -3.59546 0.116678
59 -22.4492 0.121471
60 1.78711 0.11453
61 32.9422 0.116357
62 12.7449 0.115982
63 -9.69369 0.120381
