0 -0.909268 0.120236
1 -12.973 0.113554
2 -35.7932 0.116625
3 -1.44881 0.112448
4 -18.9233 0.118025
5 -16.159 0.106864
6 -24.8707 0.117475
7 -23.4793 0.11921
8 -15.2336 0.121116
9 -36.3883 0.115523
10 -44.9429 0.110304
11 5.55369 0.115511
12 -25.6392 0.119168
13 -3.99358 0.113567
14 -30.1281 0.122152
15 -2.57163 0.11478
16 -1.30277 0.114263
17 -29.0169 0.122656
18 2.02154 0.114778
19 -28.5873 0.115382
20 13.8854 0.115695
21 -39.6175 0.117499
22 -10.7142 0.123585
23 -26.4994 0.117631
24 -43.0212 0.11832
25 -17.537 0.122476
26 -10.6734 0.115434
27 -3.49156 0.118254
28 -16.9503 0.121401
29 1.7197 0.124107
30 -32.5617 0.123789
31 -2.9016 0.120717
32 -59.5092 0.109322
33 -73.62 0.108232
34 -84.5157 0.116386
35 -62.8293 0.1203
36 -94.8785 0.118081
37 -102.416 0.116403
38 -107.873 0.125736
39 -52.8286 0.111736
40 -57.4825 0.111376
41 -83.5643 0.114292
42 -60.7153 0.114598
43 -87.419 0.114405
44 -86.3754 0.106299
45 -80.3488 0.117176
46 -79.4351 0.109594
47 -46.5554 0.233617
48 -77.1771 0.118202
49 -86.2313 0.116319
50 -110.463 0.112222
51 -64.2406 0.115889
52 -99.4355 0.107031
53 -76.864 0.114759
54 -64.9321 0.110648
55 -69.5526 0.108969
56 -84.5833 0.114059
57 -65.5347 0.116999
58 -74.9542 0.112171
59 -67.7742 0.116794
60 -97.9501 0.11711
61 -52.337 0.115073
62 -80.2854 0.11534
63 -95.6215 0.117916
64 11.4009 0.10627
65 -29.0639 0.11163
66 6.50615 0.110941
67 -49.1196 0.110793
68 -39.2745 0.109347
69 -3.45895 0.11922
70 -9.65262 0.111768
71 -42.8174 0.111439
72 -22.7427 0.116121
73 -34.8523 0.111618
74 -18.7695 0.112638
75 -30.2327 0.12174
76 -34.7738 0.113283
77 -38.5303 0.115123
78 -37.2606 0.109308
79 -24.3963 0.113538
80 -20.5349 0.113188
81 -44.612 0.116348
82 -39.951 0.118822
83 -40.3048 0.112855
84 -17.6891 0.117531
85 -36.1353 0.116376
86 -35.3207 0.117842
87 -34.8213 0.114005
88 -35.7067 0.118157
89 -29.3078 0.117456
90 3.22515 0.118482
91 -31.1501 0.116073
92 2.78948 0.116098
93 -24.4595 0.118079
94 -30.6071 0.115245
95 -30.6071 0.115245
