0 -30.8897 0.108039
1 -34.522 0.104032
2 -1.68562 0.114596
3 -5.27646 0.108253
4 -43.6986 0.110632
5 -1.42131 0.125927
6 -29.4595 0.112384
7 18.3784 0.110471
8 -34.93 0.116071
9 -38.4106 0.109405
10 14.7847 0.115112
11 4.02789 0.115108
12 -25.7009 0.115524
13 -14.537 0.11182
14 -24.3102 0.108692
15 -37.284 0.114857
16 -27.0791 0.117717
17 -22.8516 0.117807
18 -30.8454 0.116762
19 -38.5454 0.116678
20 0.103658 0.116125
21 -30.2255 0.118744
22 1.41611 0.119782
23 -33.866 0.115771
24 -27.4143 0.117008
25 -32.533 0.13048
26 -15.4038 0.121844
27 -33.2787 0.119468
28 -38.4114 0.113265
29 -33.1513 0.119588
30 -29.6676 0.113949
31 -32.4593 0.121324
32 -0.619693 0.114979
33 -4.96435 0.107244
34 24.5369 0.106014
35 -12.2619 0.109118
36 11.5084 0.109674
37 -12.3169 0.113386
38 13.5105 0.115439
39 20.3952 0.10724
40 13.0125 0.113305
41 21.0342 0.112003
42 -9.50492 0.111733
43 -5.93392 0.116338
44 -13.0822 0.117131
45 34.0033 0.112755
46 -5.62874 0.11603
47 31.9338 0.11312
48 3.78416 0.11619
49 12.2183 0.116721
50 22.5726 0.111853
51 26.8126 0.108821
52 -9.79221 0.12015
53 -5.27666 0.112251
54 -16.1788 0.122091
55 28.5069 0.12532
56 7.56566 0.117977
57 26.8401 0.116273
58 8.2709 0.125361
59 -3.8541 0.113565
60 33.6703 0.115494
61 12.3875 0.109131
62 13.0982 0.116766
63 -11.9591 0.115068
64 48.8544 0.108447
65 34.2813 0.112227
66 62.4228 0.10806
67 77.0325 0.109442
68 62.9972 0.11174
69 55.9667 0.109673
70 53.7366 0.106266
71 76.6004 0.100647
72 79.5668 0.109458
73 64.0265 0.112174
74 49.0075 0.114743
75 33.4202 0.116684
76 66.9733 0.110489
77 62.5997 0.112425
78 60.1628 0.108065
79 40.1281 0.116474
80 78.9795 0.107938
81 64.8336 0.115166
82 62.183 0.113816
83 81.3482 0.11077
84 71.9519 0.108733
85 34.5643 0.113561
86 74.2418 0.114375
87 61.6442 0.111216
88 49.5419 0.118404
89 72.5015 0.113341
90 51.8576 0.111642
91 65.4666 0.118873
92 68.3251 0.121546
93 48.9711 0.111261
94 45.5206 0.118095
95 45.5206 0.118095
