0 27.0937 0.111122
1 15.3473 0.107844
2 20.3263 0.113001
3 26.2156 0.109832
4 33.2549 0.118029
5 31.3513 0.112552
6 19.1679 0.117007
7 10.2977 0.116628
8 22.5106 0.126314
9 1.52673 0.114864
10 23.9469 0.1155
11 44.1948 0.112082
12 -6.74284 0.120645
13 7.08459 0.113487
14 36.758 0.119444
15 33.6153 0.115586
16 7.28786 0.122369
17 34.9725 0.11623
18 19.0099 0.121946
19 32.3876 0.117742
20 -15.6434 0.121223
21 8.54978 0.118219
22 12.4113 0.123282
23 6.17619 0.122082
24 16.8737 0.125311
25 1.80141 0.123496
26 -6.45777 0.131935
27 -1.12079 0.120238
28 -17.9998 0.133052
29 14.1273 0.122627
30 -21.5062 0.121818
31 -1.16239 0.128196
32 1.19181 0.103944
33 -0.48556 0.10982
34 -5.8195 0.107634
35 28.8439 0.102956
36 18.2546 0.118921
37 34.4753 0.107481
38 -20.347 0.105019
39 7.85243 0.115313
40 25.9164 0.107462
41 18.5148 0.109815
42 -3.11323 0.104469
43 -3.8756 0.115232
44 19.6127 0.11066
45 26.2277 0.122388
46 -20.2617 0.119876
47 28.4133 0.111549
48 17.2069 0.118122
49 17.26 0.122048
50 -9.96828 0.111177
51 -3.18575 0.109853
52 18.707 0.121074
53 9.51159 0.117201
54 15.1461 0.113096
55 0.743195 0.110719
56 5.90718 0.11537
57 33.3617 0.115087
58 -12.7272 0.114457
59 2.15476 0.123067
60 -15.3538 0.113345
61 -4.54503 0.115177
62 20.6024 0.115803
63 -4.0763 0.113171
