0 -26.8172 0.102168
1 -37.001 0.109595
2 -32.2293 0.11403
3 -38.0779 0.109414
4 -26.5813 0.118169
5 -15.2898 0.116617
6 -20.9065 0.119458
7 -28.8903 0.11456
8 -9.2616 0.113002
9 -28.1299 0.121611
10 -39.4403 0.106499
11 -24.9438 0.115856
12 -35.5475 0.11121
13 -19.7506 0.119221
14 -14.7015 0.114556
15 5.01007 0.112866
16 -17.5261 0.114847
17 -7.90329 0.121202
18 -29.5761 0.119905
19 -10.4978 0.120979
20 -18.7559 0.121847
21 -46.9605 0.120518
22 -27.0639 0.119472
23 -27.118 0.132002
24 -34.3602 0.115887
25 -12.1667 0.123293
26 -21.1609 0.113273
27 -43.999 0.121053
28 -49.2446 0.115496
29 -39.1898 0.116035
30 -18.6005 0.114485
31 -31.211 0.125832
32 -2.02684 0.11385
33 -24.8079 0.114101
34 -19.6459 0.106921
35 -12.4669 0.108274
36 -8.77845 0.109514
37 -27.9131 0.119547
38 -8.96002 0.106166
39 -12.2427 0.120394
40 -26.4049 0.114709
41 5.14177 0.111387
42 -20.9423 0.113474
43 4.55854 0.113837
44 -12.4506 0.112956
45 -44.6102 0.112199
46 -23.47 0.111636
47 -10.9554 0.115158
48 -23.8533 0.113667
49 -21.1263 0.115793
50 -25.567 0.119316
51 -14.5029 0.110629
52 -31.8365 0.117895
53 -26.6961 0.109089
54 -10.3293 0.112576
55 -6.06234 0.115428
56 5.97352 0.112239
57 -36.8086 0.114723
58 -7.11191 0.109031
59 -0.801321 0.118484
60 -27.3739 0.122432
61 -5.61197 0.111291
62 -16.3769 0.116154
63 -2.91269 0.119927
64 47.4646 0.11572
65 50.5276 0.114398
66 16.5235 0.11152
67 23.8063 0.113875
68 51.9605 0.11078
69 42.7169 0.11521
70 27.0754 0.119153
71 23.4605 0.107842
72 67.2771 0.10547
73 23.0202 0.10954
74 31.8532 0.112232
75 61.4302 0.112176
76 41.6223 0.117535
77 46.52 0.111229
78 3.76761 0.115147
79 27.1421 0.113502
80 24.0191 0.12429
81 23.8218 0.110541
82 40.8983 0.113979
83 39.439 0.115907
84 42.2716 0.118541
85 41.7025 0.117159
86 19.3113 0.126034
87 45.0289 0.117164
88 50.0887 0.118297
89 20.2098 0.128362
90 31.3608 0.112866
91 25.0497 0.123197
92 13.8984 0.11546
93 50.9373 0.121752
94 18.6346 0.120715
95 18.6346 0.120715
