0 48.0582 0.106619
1 65.3411 0.10717
2 55.0499 0.109952
3 80.4153 0.10603
4 52.0004 0.106002
5 68.4705 0.108909
6 53.4179 0.113003
7 74.8264 0.106917
8 70.3568 0.110986
9 43.6666 0.109449
10 59.319 0.110334
11 89.5806 0.108362
12 52.4262 0.107451
13 54.6152 0.113129
14 51.0554 0.11468
15 51.6421 0.11051
16 57.2259 0.113664
17 44.7523 0.110584
18 60.2795 0.107521
19 71.8382 0.111089
20 50.6372 0.113913
21 43.1338 0.114748
22 67.2311 0.114936
23 66.4789 0.110615
24 50.1167 0.117047
25 62.719 0.120004
26 58.4675 0.118277
27 50.4464 0.116459
28 30.2391 0.115098
29 35.7118 0.111545
30 32.7332 0.12008
31 51.4838 0.117982
32 73.8023 0.114715
33 67.743 0.110366
34 47.36 0.111034
35 72.9789 0.112583
36 42.1714 0.113566
37 36.1749 0.116321
38 44.0554 0.11216
39 56.7533 0.110272
40 64.9814 0.110237
41 37.6147 0.113757
42 57.861 0.114057
43 48.4265 0.105782
44 54.0317 0.111063
45 44.4267 0.113161
46 35.0285 0.109015
47 50.4836 0.113111
48 48.8915 0.118497
49 67.5646 0.117843
50 69.1148 0.115048
51 49.2456 0.120488
52 35.3119 0.11589
53 51.2692 0.110298
54 39.5526 0.118331
55 31.4656 0.124807
56 22.1567 0.122737
57 51.9903 0.121982
58 38.9097 0.114143
59 41.3743 0.115857
60 36.8262 0.120448
61 54.2176 0.120084
62 46.5135 0.120266
63 45.643 0.127046
64 54.211 0.117987
65 66.4004 0.116724
66 40.0222 0.108567
67 62.0589 0.110949
68 41.6875 0.105921
69 63.44 0.110315
70 77.7307 0.111448
71 44.1413 0.108594
72 50.3299 0.116389
73 41.3245 0.110554
74 56.9781 0.114314
75 74.0604 0.121326
76 39.8964 0.119883
77 46.1073 0.10909
78 30.6393 0.112727
79 70.3675 0.112373
80 53.6088 0.114165
81 45.0267 0.110713
82 28.2364 0.120874
83 96.0573 0.111295
84 47.0105 0.111968
85 50.3399 0.116593
86 66.5132 0.122636
87 52.5834 0.116768
88 48.1763 0.112255
89 45.8844 0.117278
90 50.6806 0.117803
91 18.5902 0.12395
92 43.8382 0.123707
93 17.4579 0.117059
94 43.7668 0.130787
95 43.7668 0.130787
