0 34.7692 0.107604
1 0.540639 0.115771
2 11.6192 0.114191
3 14.8255 0.111384
4 5.87539 0.107046
5 -13.3524 0.111845
6 -10.6482 0.112163
7 -9.4617 0.112519
8 12.1795 0.11433
9 -9.52852 0.114603
10 -1.25611 0.110471
11 10.8043 0.113738
12 -11.6711 0.121032
13 -4.35632 0.111343
14 -20.2298 0.11371
15 5.01648 0.115131
16 3.69347 0.120578
17 13.9555 0.110987
18 -1.47276 0.113377
19 -23.9896 0.111117
20 -3.55904 0.12213
21 -16.5674 0.11449
22 8.42219 0.120059
23 -12.8605 0.117079
24 -35.3467 0.115342
25 -11.903 0.118462
26 -25.3859 0.119272
27 6.32106 0.119017
28 -7.3904 0.12156
29 7.43207 0.118126
30 -13.9497 0.120695
31 -13.8396 0.118117
32 -3.14585 0.115807
33 9.67251 0.104644
34 3.45205 0.113747
35 26.8398 0.106828
36 15.0223 0.114418
37 -11.472 0.108436
38 -13.98 0.111279
39 31.6635 0.111164
40 14.8914 0.11578
41 -6.45152 0.1135
42 14.342 0.114832
43 0.232269 0.113797
44 -12.9873 0.109662
45 8.48358 0.118295
46 11.1878 0.129856
47 -10.657 0.116365
48 -24.1698 0.118573
49 8.64731 0.114396
50 12.9008 0.118294
51 11.7305 0.116646
52 -7.20817 0.125684
53 -24.7925 0.114835
54 -4.45982 0.113444
55 -13.6767 0.122659
56 -22.6926 0.119326
57 -1.73795 0.119372
58 -7.0042 0.116465
59 -0.295917 0.118083
60 11.909 0.11802
61 -21.7314 0.122196
62 15.3638 0.116494
63 -8.67925 0.121689
64 55.6732 0.110876
65 51.158 0.111045
66 46.9964 0.110368
67 71.2973 0.113951
68 30.7266 0.110502
69 55.7261 0.114675
70 38.8736 0.118666
71 60.1997 0.112042
72 65.0419 0.11641
73 22.1194 0.114478
74 54.0549 0.111594
75 44.0795 0.113142
76 53.5413 0.116313
77 17.2635 0.115668
78 60.437 0.119212
79 43.3616 0.114337
80 45.2338 0.119874
81 37.9198 0.116711
82 28.6237 0.115576
83 15.1971 0.120459
84 35.4751 0.118312
85 40.8307 0.115056
86 46.9568 0.114373
87 15.1456 0.115844
88 47.7758 0.11612
89 57.0503 0.12186
90 19.8645 0.117212
91 45.5463 0.113543
92 2.50884 0.125983
93 22.8695 0.119304
94 45.7727 0.122688
95 45.7727 0.122688
