0 7.68084 0.119769
1 26.2062 0.114766
2 19.183 0.111269
3 33.3481 0.110665
4 43.1472 0.112556
5 53.0667 0.11226
6 16.099 0.117003
7 30.9338 0.110147
8 24.7765 0.114179
9 27.8024 0.113163
10 45.0576 0.115892
11 29.9467 0.114627
12 6.48385 0.116181
13 -12.3814 0.111574
14 23.656 0.117947
15 40.7733 0.117766
16 23.5162 0.118725
17 24.7146 0.118615
18 9.29293 0.114432
19 27.7569 0.115082
20 17.659 0.110414
21 33.9861 0.115062
22 4.36172 0.116185
23 30.0662 0.118432
24 21.0987 0.117575
25 31.861 0.118314
26 26.1047 0.116397
27 15.0246 0.123806
28 8.71181 0.122716
29 50.2306 0.118135
30 13.3481 0.118032
31 -13.5769 0.115786
32 53.84 0.108418
33 56.3925 0.114608
34 48.529 0.115882
35 51.6216 0.108889
36 68.114 0.113736
37 58.6412 0.1094
38 69.5224 0.105438
39 43.1277 0.111648
40 62.8156 0.104853
41 41.8122 0.11379
42 49.1223 0.108039
43 81.0578 0.112994
44 86.9697 0.110763
45 82.955 0.10882
46 45.448 0.11272
47 43.3741 0.116063
48 54.8167 0.114916
49 53.0125 0.113152
50 44.7859 0.118268
51 54.5211 0.115043
52 43.9825 0.113136
53 70.6047 0.111448
54 51.8219 0.117005
55 54.6607 0.113088
56 70.1407 0.108064
57 30.8952 0.113214
58 47.4713 0.115102
59 49.6275 0.114532
60 52.9763 0.123133
61 30.8166 0.112227
62 13.7432 0.114931
63 37.7243 0.115112
64 4.1893 0.117073
65 7.16682 0.115158
66 22.5948 0.106008
67 -1.04757 0.109585
68 17.8396 0.115579
69 7.53417 0.107925
70 -10.7325 0.115042
71 16.0432 0.117105
72 21.8431 0.106958
73 9.98628 0.114852
74 36.4898 0.113823
75 -8.20604 0.11526
76 -5.52346 0.117798
77 8.11346 0.115444
78 9.33858 0.111749
79 3.22784 0.115519
80 56.8108 0.115471
81 -6.25458 0.116617
82 -25.8405 0.118772
83 28.8899 0.122407
84 9.52227 0.110548
85 9.56367 0.12403
86 1.68552 0.118886
87 14.2708 0.116824
88 19.6698 0.115753
89 8.71974 0.121004
90 31.8535 0.128572
91 -4.83463 0.123
92 -6.06789 0.114737
93 -5.0485 0.122531
94 -5.49688 0.118221
95 -5.49688 0.118221
