0 10.9406 0.113326
1 19.8011 0.113849
2 48.3936 0.108497
3 18.004 0.115761
4 8.61867 0.116562
5 23.5506 0.116055
6 4.94266 0.112212
7 18.7771 0.111864
8 16.6817 0.114252
9 36.9496 0.115248
10 18.628 0.115542
11 46.3435 0.112494
12 31.8535 0.117196
13 28.7814 0.116721
14 13.6928 0.117865
15 4.31097 0.119308
16 17.9225 0.113564
17 14.6945 0.115535
18 21.9996 0.116951
19 11.9262 0.114257
20 45.9417 0.115653
21 26.6515 0.113217
22 40.8295 0.113668
23 4.22641 0.113112
24 25.2986 0.111505
25 21.469 0.11254
26 29.0232 0.11552
27 41.3056 0.114969
28 30.1798 0.114143
29 33.1382 0.112418
30 28.9302 0.118471
31 29.668 0.113012
32 13.1049 0.113093
33 -3.7644 0.109185
34 16.8952 0.109278
35 11.9018 0.111671
36 10.7511 0.109133
37 -0.907537 0.111052
38 17.9103 0.111793
39 2.61216 0.110615
40 24.8173 0.109073
41 27.5687 0.108713
42 11.0229 0.112883
43 11.687 0.226013
44 -21.9449 0.11062
45 30.464 0.108125
46 -2.90536 0.11376
47 24.1958 0.109428
48 13.2327 0.111524
49 15.1531 0.108374
50 3.77278 0.116838
51 37.384 0.113116
52 18.1011 0.111786
53 -17.5595 0.113691
54 5.3084 0.113343
55 0.514665 0.112217
56 10.4844 0.110554
57 -0.770949 0.109034
58 30.8199 0.110876
59 -5.41318 0.111166
60 -35.0581 0.114499
61 0.599324 0.10411
62 7.8853 0.11288
63 -30.1036 0.107167
64 82.6468 0.116071
65 43.4039 0.116658
66 74.1239 0.113925
67 42.7028 0.111011
68 54.6535 0.109426
69 42.1792 0.1175
70 64.0079 0.116856
71 59.5485 0.11402
72 43.9367 0.110846
73 69.9295 0.118273
74 55.677 0.120756
75 17.3446 0.115249
76 52.4063 0.117201
77 33.1727 0.116254
78 28.3628 0.113906
79 42.0584 0.114518
80 33.1789 0.114719
81 61.6488 0.11578
82 45.6224 0.118528
83 41.8494 0.119155
84 50.5818 0.115904
85 59.083 0.11575
86 54.7979 0.115435
87 44.516 0.115331
88 18.6047 0.118772
89 66.5016 0.118887
90 59.8118 0.119106
91 33.0885 0.115722
92 37.0642 0.120987
93 54.4584 0.117629
94 60.1848 0.119025
95 60.1848 0.119025
