0 -5.53342 0.113184
1 -6.32922 0.111141
2 28.3936 0.109259
3 19.8398 0.120103
4 18.483 0.119038
5 20.5165 0.110959
6 -6.55856 0.107717
7 46.8988 0.107528
8 35.2606 0.111624
9 2.1445 0.121642
10 35.0013 0.113374
11 -1.7278 0.118399
12 3.86198 0.110784
13 4.34333 0.117967
14 -8.25978 0.120216
15 -6.78875 0.119631
16 -9.72812 0.110695
17 16.0361 0.124134
18 19.5555 0.117039
19 27.886 0.124663
20 41.3281 0.111745
21 8.7481 0.113958
22 -10.4278 0.119288
23 -0.901721 0.118143
24 0.218936 0.117075
25 1.19622 0.121211
26 -1.12899 0.11691
27 2.22064 0.11932
28 -24.7116 0.127838
29 9.96363 0.122078
30 -3.78769 0.115427
31 6.48477 0.118488
32 36.3607 0.107538
33 11.1681 0.113501
34 14.5394 0.108792
35 38.9242 0.0994771
36 36.3065 0.109282
37 13.7872 0.105265
38 19.1479 0.101879
39 27.9176 0.103115
40 27.4476 0.112146
41 22.5733 0.110971
42 17.3499 0.114478
43 25.9308 0.111647
44 21.0564 0.105984
45 -0.660792 0.111703
46 -2.99182 0.111145
47 23.9515 0.117466
48 16.0157 0.112755
49 -18.5585 0.109505
50 31.343 0.112841
51 14.134 0.110286
52 -1.81719 0.111505
53 29.7709 0.113404
54 11.2516 0.119289
55 11.4674 0.118761
56 -1.50914 0.114402
57 1.32275 0.115014
58 16.2177 0.113692
59 13.0742 0.123229
60 -5.37564 0.114549
61 20.4256 0.118181
62 12.7801 0.116132
63 -3.82 0.118002
64 58.9465 0.106738
65 42.0547 0.113832
66 60.6573 0.109054
67 36.6234 0.117467
68 59.1827 0.110753
69 27.0515 0.118152
70 66.4753 0.111582
71 47.4878 0.120467
72 53.9793 0.108391
73 45.9132 0.115545
74 34.2751 0.116475
75 43.9069 0.116688
76 39.8212 0.114448
77 62.3704 0.113687
78 37.2908 0.114161
79 25.5256 0.115493
80 31.4564 0.123068
81 22.4378 0.121657
82 39.6212 0.120349
83 17.0946 0.121329
84 50.5851 0.125649
85 65.9124 0.114575
86 26.5569 0.121093
87 66.2912 0.118335
88 40.1244 0.136513
89 25.6369 0.124158
90 43.6967 0.114133
91 32.9684 0.116376
92 41.0493 0.116508
93 21.12 0.12398
94 30.6167 0.124456
