0 39.0224 0.11223
1 15.0271 0.108878
2 25.8756 0.109731
3 44.5263 0.102494
4 18.1054 0.103933
5 25.58 0.109282
6 29.5932 0.112851
7 20.7997 0.106487
8 26.9641 0.109164
9 28.6507 0.10972
10 17.9167 0.109916
11 13.4373 0.112982
12 33.8548 0.108717
13 -4.17058 0.108953
14 1.74592 0.110283
15 -7.27108 0.111003
16 -5.66618 0.110412
17 42.7207 0.11159
18 37.8521 0.111866
19 26.8786 0.10983
20 15.851 0.111913
21 8.22572 0.11005
22 15.5042 0.112788
23 20.2956 0.109249
24 8.70585 0.117038
25 38.2293 0.110006
26 -6.12517 0.118158
27 8.56135 0.107516
28 14.7579 0.115372
29 26.9752 0.118199
30 10.3417 0.107833
31 22.7771 0.107479
32 20.5488 0.122169
33 -0.467379 0.125661
34 8.94299 0.115081
35 12.5518 0.109738
36 5.07534 0.122775
37 12.4099 0.120619
38 9.96709 0.115107
39 3.43381 0.115366
40 -18.2134 0.124375
41 -19.2673 0.120965
42 26.9896 0.121274
43 -7.20321 0.124863
44 -7.16587 0.12046
45 14.0639 0.120698
46 19.8173 0.12056
47 -17.2311 0.121826
48 7.6051 0.11834
49 -13.532 0.125229
50 11.9855 0.120041
51 3.49995 0.124648
52 11.1887 0.120808
53 23.5058 0.11834
54 8.40504 0.121892
55 5.1221 0.123853
56 5.83774 0.121336
57 2.24876 0.120673
58 -24.1389 0.122211
59 -1.21442 0.125525
60 -23.9394 0.122363
61 4.48505 0.121272
62 0.619127 0.123152
63 -30.7795 0.129973
64 75.0475 0.123166
65 67.6854 0.11679
66 88.8468 0.111692
67 67.6969 0.235975
68 92.3856 0.117693
69 91.4282 0.123772
70 75.8319 0.105322
71 60.8971 0.117858
72 88.8108 0.114152
73 82.2532 0.12025
74 41.9564 0.112218
75 55.3749 0.123793
76 83.0647 0.121841
77 51.4407 0.117343
78 39.4223 0.122346
79 44.5644 0.122175
80 53.0799 0.117441
81 50.4889 0.239138
82 60.3055 0.122547
83 51.9092 0.117978
84 70.8437 0.12109
85 78.5001 0.125819
86 59.5627 0.115877
87 84.7556 0.119539
88 70.4381 0.120461
89 52.9604 0.120657
90 54.0044 0.122534
91 76.7059 0.120314
92 63.2231 0.130682
93 53.0214 0.126308
94 64.8252 0.128565
95 64.8252 0.128565
