0 -49.548 0.110653
1 -31.81 0.120827
2 -50.1941 0.114162
3 -35.4723 0.111671
4 -42.4097 0.119865
5 -35.2425 0.116355
6 -41.6608 0.131263
7 -57.2951 0.117801
8 -47.5551 0.0941465
9 -74.7671 0.119745
10 -46.4699 0.114297
11 -33.038 0.127529
12 -49.7398 0.121089
13 -41.5306 0.116348
14 -64.0774 0.116177
15 -48.3067 0.113346
16 -32.2919 0.118282
17 -85.8748 0.119675
18 -60.525 0.118804
19 -74.9478 0.116493
20 -50.1137 0.116885
21 -48.5314 0.116989
22 -49.6177 0.131102
23 -51.7269 0.117764
24 -36.7877 0.115656
25 -71.3586 0.108284
26 -57.5363 0.115176
27 -41.8893 0.118471
28 -52.2796 0.116514
29 -51.5539 0.110107
30 -53.4578 0.110661
31 -62.0101 0.110957
32 -55.5955 0.111313
33 -67.6353 0.10911
34 -70.6306 0.110238
35 -78.0869 0.102466
36 -66.6417 0.109533
37 -50.7649 0.10491
38 -65.8175 0.108155
39 -58.1373 0.11574
40 -38.7751 0.112413
41 -46.8865 0.108956
42 -44.3003 0.111709
43 -85.6578 0.115197
44 -56.7382 0.1254
45 -59.1203 0.113088
46 -74.0884 0.104406
47 -33.6678 0.111248
48 -65.1862 0.101932
49 -78.8056 0.114636
50 -88.8525 0.11022
51 -53.755 0.111852
52 -81.7882 0.129452
53 -63.2074 0.106143
54 -80.418 0.113705
55 -62.2896 0.114826
56 -55.2104 0.116739
57 -66.3281 0.112101
58 -54.0335 0.119961
59 -74.6586 0.113011
60 -83.3094 0.117638
61 -68.0498 0.114097
62 -77.0213 0.117262
63 -113.019 0.120181
64 -37.0971 0.12072
65 -40.0424 0.118458
66 -25.9385 0.116269
67 -62.215 0.109727
68 -33.6002 0.115584
69 -51.6755 0.230687
70 -33.3019 0.115836
71 -30.8719 0.120826
72 -30.7035 0.113974
73 -46.2177 0.10887
74 -30.8392 0.110278
75 -49.275 0.11288
76 -44.4009 0.116295
77 -33.0012 0.111635
78 -31.5643 0.121714
79 -43.9582 0.114633
80 -48.5616 0.115423
81 -38.8079 0.116882
82 -6.69537 0.122804
83 -37.8988 0.120997
84 -44.3875 0.122467
85 -42.4603 0.118294
86 -43.5429 0.121904
87 -30.9494 0.115424
88 -43.9163 0.111209
89 -67.9471 0.10885
90 -53.7184 0.113801
91 -64.6956 0.116989
92 -48.5452 0.117437
93 -51.2897 0.117821
94 -49.4762 0.117427
95 -49.4762 0.117427
