0 11.5199 0.112981
1 20.1027 0.112746
2 44.9664 0.110917
3 19.9822 0.1128
4 8.32848 0.11586
5 27.6037 0.113333
6 5.04035 0.112284
7 17.3396 0.11299
8 17.8674 0.113595
9 41.1721 0.112156
10 18.4222 0.115686
11 45.1931 0.114243
12 34.1932 0.115437
13 32.4298 0.113634
14 19.4646 0.112431
15 8.41875 0.115651
16 16.3474 0.115109
17 14.0372 0.116998
18 21.9884 0.116592
19 13.164 0.113611
20 47.1318 0.114568
21 26.6266 0.114125
22 38.8532 0.115394
23 1.44676 0.115782
24 25.4967 0.112866
25 21.5567 0.113743
26 29.4417 0.115513
27 41.8194 0.113617
28 29.414 0.115553
29 31.4944 0.11514
30 34.7892 0.112634
31 32.222 0.112707
32 13.7221 0.112319
33 -6.35557 0.113212
34 14.7642 0.111448
35 13.3977 0.110734
36 7.35402 0.11042
37 0.815159 0.110208
38 15.8653 0.113016
39 1.55861 0.112269
40 25.7218 0.10856
41 22.6998 0.112535
42 13.6636 0.110377
43 8.53617 0.230737
44 -21.5627 0.110775
45 29.3575 0.110466
46 -0.418621 0.112205
47 22.6042 0.110638
48 14.1627 0.111181
49 11.0752 0.230298
50 12.9258 0.109291
51 37.3548 0.112175
52 18.2297 0.112217
53 -14.0739 0.111575
54 7.52943 0.110708
55 3.39128 0.110693
56 9.78514 0.11131
57 -2.2504 0.110675
58 30.8021 0.11134
59 -7.59793 0.113235
60 -31.7087 0.111825
61 -4.09929 0.109431
62 9.4788 0.110067
63 -29.9656 0.106694
64 80.4446 0.116668
65 46.0231 0.113075
66 72.7763 0.116111
67 40.2505 0.11288
68 45.1186 0.11626
69 45.8871 0.114697
70 64.4583 0.115147
71 54.7703 0.117501
72 40.9908 0.112624
73 70.613 0.117518
74 54.638 0.119252
75 11.9758 0.120719
76 52.6399 0.117513
77 31.5351 0.117069
78 21.4879 0.117793
79 41.3 0.114134
80 28.2825 0.118829
81 59.6064 0.116526
82 45.6304 0.117666
83 41.3246 0.118045
84 50.9443 0.115906
85 56.767 0.116497
86 54.6645 0.115229
87 41.0254 0.116725
88 20.2861 0.117451
89 69.4047 0.115678
90 59.1739 0.12035
91 33.0714 0.115008
92 36.1228 0.120836
93 55.3554 0.116361
94 61.5866 0.116492
95 61.5866 0.116492
