0 -16.9725 0.114054
1 -12.1204 0.113313
2 3.47645 0.115815
3 -10.921 0.115204
4 -2.85768 0.115433
5 -5.14074 0.117197
6 -0.21463 0.115326
7 0.860732 0.112434
8 -18.3065 0.115159
9 -7.22889 0.12297
10 -7.84497 0.114328
11 14.5343 0.118752
12 -20.9465 0.116762
13 -6.3586 0.118096
14 -10.7591 0.116744
15 6.54875 0.118885
16 -32.0978 0.11701
17 -0.0390114 0.116768
18 -20.6942 0.117761
19 -11.7076 0.121968
20 -21.9766 0.118649
21 -4.65571 0.119961
22 17.6654 0.119561
23 19.9519 0.12045
24 -16.5117 0.116155
25 6.81629 0.118557
26 -11.9289 0.118081
27 -16.9044 0.119328
28 -14.9389 0.122348
29 -6.98986 0.115809
30 15.9117 0.118148
31 -19.3078 0.115616
32 24.846 0.105999
33 16.993 0.109329
34 23.6169 0.113765
35 -13.793 0.110041
36 -12.646 0.112569
37 10.2662 0.113062
38 -3.44096 0.109521
39 17.8443 0.111107
40 1.05896 0.110834
41 4.43378 0.111707
42 -22.8237 0.114291
43 -38.6344 0.113744
44 -4.54335 0.108723
45 17.3459 0.113118
46 3.3933 0.10875
47 -24.5088 0.113589
48 -9.20442 0.115029
49 -9.68312 0.115166
50 -3.32895 0.114933
51 38.4069 0.117992
52 -24.8522 0.11041
53 -8.60466 0.114142
54 16.1954 0.111608
55 5.16467 0.116061
56 -16.2927 0.112753
57 -16.897 0.115975
58 -36.2001 0.112754
59 29.4544 0.115956
60 18.8976 0.117967
61 -23.5881 0.111889
62 -13.3655 0.117623
63 -22.7979 0.117479
64 11.4197 0.106936
65 -13.4376 0.114036
66 18.3639 0.112407
67 7.99356 0.106682
68 7.92598 0.112597
69 -23.4177 0.111249
70 -3.88708 0.112613
71 18.7873 0.116233
72 -7.26975 0.106083
73 -8.51785 0.107993
74 7.21547 0.108303
75 22.4642 0.109458
76 -15.409 0.109233
77 10.5653 0.112515
78 -6.98445 0.111198
79 12.9686 0.112703
80 -9.50352 0.11165
81 4.1347 0.110453
82 19.6972 0.11082
83 8.38192 0.110765
84 -3.88818 0.112566
85 -6.91429 0.113688
86 2.15853 0.118284
87 -13.1645 0.113195
88 -14.6759 0.113855
89 17.6285 0.113799
90 14.7372 0.113629
91 -8.74017 0.114771
92 8.83886 0.112874
93 10.5806 0.11391
94 6.41033 0.115885
95 6.41033 0.115885
