0 -2.2271 0.110304
1 -7.10083 0.110709
2 25.9674 0.110948
3 27.2257 0.112069
4 20.3607 0.11649
5 21.6542 0.111769
6 -12.3381 0.114309
7 40.7076 0.112266
8 38.4698 0.109722
9 7.57533 0.117776
10 34.9744 0.11537
11 3.98636 0.112494
12 4.61655 0.110737
13 9.1441 0.113881
14 -6.3915 0.117811
15 -3.219 0.114926
16 -13.1596 0.112965
17 22.8409 0.118072
18 17.3958 0.119612
19 31.4459 0.118688
20 37.2588 0.115049
21 8.34803 0.115264
22 -9.02557 0.118867
23 -1.91743 0.119302
24 -0.369621 0.117783
25 6.79868 0.1144
26 -1.02221 0.117113
27 4.02053 0.116547
28 -21.1333 0.121137
29 17.7577 0.113459
30 -5.80856 0.119135
31 3.40039 0.122613
32 34.9524 0.108673
33 18.0026 0.10746
34 13.5262 0.109525
35 32.0281 0.106173
36 36.7332 0.108508
37 10.8198 0.10783
38 12.003 0.109256
39 23.6213 0.107345
40 26.6889 0.112082
41 24.1529 0.110156
42 19.332 0.114109
43 23.5488 0.112394
44 16.0127 0.11008
45 -1.76655 0.111577
46 -2.02762 0.109984
47 29.2088 0.111932
48 14.0376 0.114754
49 -22.4716 0.112747
50 30.4112 0.113001
51 12.8412 0.11047
52 2.18557 0.108081
53 30.3169 0.111465
54 15.885 0.114167
55 14.5998 0.116686
56 -6.29154 0.118623
57 4.42639 0.11203
58 16.6403 0.113647
59 21.526 0.114498
60 -5.76701 0.115345
61 19.5002 0.120082
62 15.0892 0.11353
63 -4.75959 0.120035
64 48.0798 0.113128
65 46.2723 0.110032
66 56.8023 0.112727
67 43.578 0.108921
68 56.4242 0.11174
69 25.9723 0.11873
70 60.4415 0.113759
71 55.2482 0.109527
72 49.6902 0.111607
73 54.2746 0.105246
74 35.3469 0.115264
75 46.1252 0.112509
76 40.7264 0.111962
77 57.2819 0.117537
78 31.9783 0.117279
79 28.9657 0.110818
80 37.933 0.116682
81 30.5351 0.110938
82 40.4514 0.118352
83 18.6667 0.11772
84 55.1356 0.11781
85 61.9588 0.117108
86 26.1428 0.11852
87 63.9677 0.120828
88 48.6374 0.121806
89 30.4444 0.116959
90 39.672 0.11709
91 31.7002 0.116156
92 39.4222 0.118401
93 23.3238 0.119157
94 34.8167 0.11732
95 34.8167 0.11732
