0 25.5717 0.120039
1 9.73501 0.116264
2 -0.338482 0.119675
3 -0.652024 0.120001
4 6.43845 0.117488
5 6.7165 0.119905
6 -7.15897 0.117391
7 -4.85265 0.124192
8 30.9508 0.119211
9 5.59376 0.122254
10 20.7706 0.118462
11 4.39035 0.118933
12 28.5718 0.119472
13 10.1133 0.118547
14 -3.27559 0.122628
15 10.3293 0.122196
16 3.22994 0.12245
17 3.99295 0.122348
18 -8.2702 0.124691
19 0.354487 0.124095
20 -3.45891 0.125338
21 13.9808 0.124127
22 -2.44467 0.124493
23 -34.9429 0.125391
24 -10.4687 0.125312
25 -2.33517 0.124346
26 -32.4211 0.125053
27 2.71193 0.121813
28 1.60772 0.136834
29 -6.2068 0.124915
30 -17.1671 0.13349
31 -17.5064 0.125669
32 -10.9395 0.113087
33 4.42019 0.105508
34 -15.1254 0.109737
35 -11.6667 0.111204
36 -18.3328 0.111113
37 -19.2336 0.107074
38 -23.4083 0.108097
39 -7.259 0.110355
40 -4.11711 0.110563
41 2.98768 0.11008
42 -18.4588 0.109062
43 -19.1156 0.110242
44 -15.9961 0.112064
45 -18.7489 0.111261
46 -17.0256 0.108615
47 7.65973 0.113895
48 -42.3984 0.109206
49 -7.62906 0.111756
50 11.1876 0.113329
51 -8.79044 0.118379
52 -13.6122 0.112649
53 -14.4637 0.117708
54 -0.0200579 0.116435
55 -10.5507 0.111837
56 -3.9544 0.113679
57 -12.2153 0.115219
58 -8.13486 0.114133
59 -16.3868 0.115222
60 -0.831533 0.112537
61 -23.2054 0.115386
62 -16.1783 0.113342
63 -28.4819 0.124964
