0 10.3392 0.118099
1 27.2823 0.112445
2 19.7252 0.111535
3 31.3004 0.113219
4 43.5885 0.111495
5 58.2611 0.109686
6 21.8008 0.112772
7 30.7474 0.112075
8 27.7829 0.112351
9 25.6269 0.113081
10 43.7487 0.11524
11 30.4288 0.115652
12 6.19633 0.115569
13 -12.2473 0.112777
14 26.9959 0.114761
15 41.8217 0.115621
16 25.6747 0.117097
17 23.5955 0.119009
18 10.1733 0.113727
19 28.242 0.114941
20 14.2529 0.113287
21 35.7964 0.114946
22 8.16708 0.11351
23 30.691 0.117807
24 19.142 0.119615
25 33.7106 0.117189
26 31.2016 0.114498
27 18.4943 0.121316
28 14.6932 0.116791
29 51.9235 0.116749
30 15.6996 0.116436
31 -11.4126 0.114559
32 54.3362 0.109585
33 67.1951 0.10582
34 56.0801 0.109937
35 49.738 0.109155
36 73.2876 0.110916
37 62.2987 0.108056
38 67.3542 0.108501
39 43.2198 0.111117
40 59.1233 0.109397
41 47.7871 0.107901
42 47.4938 0.110114
43 83.8397 0.110457
44 88.2497 0.11048
45 80.8746 0.111428
46 47.6709 0.112314
47 45.4245 0.113289
48 63.7764 0.106962
49 56.2823 0.111109
50 49.8726 0.112929
51 51.874 0.116256
52 45.0639 0.11343
53 71.0121 0.112457
54 55.3747 0.114073
55 52.6493 0.114511
56 63.9689 0.116167
57 32.4494 0.113211
58 52.9372 0.111018
59 49.932 0.114741
60 53.7422 0.124372
61 30.5547 0.112617
62 13.8498 0.115036
63 40.7754 0.110611
64 10.2126 0.1118
65 4.52588 0.117022
66 15.8017 0.112292
67 -8.0457 0.114826
68 22.6131 0.112409
69 -0.509202 0.11378
70 -9.66233 0.113425
71 19.2013 0.11142
72 12.8351 0.113836
73 6.28577 0.116773
74 31.3106 0.116517
75 -9.34991 0.114939
76 0.134379 0.112246
77 9.12638 0.115267
78 4.90271 0.114775
79 7.26785 0.11133
80 52.9185 0.117756
81 -9.13902 0.118193
82 -29.9827 0.123031
83 33.564 0.117763
84 5.0242 0.114278
85 12.676 0.118046
86 0.813005 0.118442
87 10.4541 0.120564
88 21.1641 0.113657
89 4.85119 0.121984
90 38.1351 0.122193
91 -0.443154 0.118359
92 -17.3874 0.123891
93 -5.59909 0.120982
94 -7.11469 0.119996
95 -7.11469 0.119996
