0 -29.3622 0.115631
1 -42.3603 0.110642
2 -29.9681 0.113456
3 -2.13965 0.114676
4 -16.2456 0.116648
5 -44.6698 0.116458
6 -42.9945 0.111693
7 -42.6573 0.115792
8 -34.3266 0.116075
9 -51.2199 0.117222
10 -17.7524 0.114024
11 -57.1346 0.113589
12 -17.6644 0.116965
13 -46.6377 0.118756
14 -24.5328 0.119847
15 -16.7846 0.119147
16 -31.6534 0.116927
17 -20.6319 0.117377
18 -56.5288 0.115691
19 -47.979 0.114657
20 -16.7536 0.117375
21 -60.0117 0.116407
22 -35.4055 0.11691
23 -48.3489 0.116308
24 -43.2423 0.116432
25 -26.6819 0.118087
26 -33.0502 0.116431
27 -41.4094 0.114768
28 -40.5083 0.115751
29 -23.6681 0.117562
30 -16.0453 0.116414
31 -50.0326 0.115281
32 5.32449 0.112575
33 -10.3038 0.112904
34 6.79655 0.105224
35 11.9286 0.109418
36 0.0920348 0.10932
37 15.222 0.105855
38 -38.8696 0.111709
39 31.5849 0.113544
40 -19.6902 0.110879
41 6.51036 0.112624
42 2.90495 0.112616
43 -27.5648 0.108816
44 -13.3233 0.110746
45 0.469944 0.108564
46 2.38441 0.111231
47 -39.7054 0.110609
48 -2.81367 0.112148
49 18.7641 0.110818
50 -7.74854 0.11328
51 -19.6077 0.112624
52 -9.36872 0.111588
53 -6.28987 0.11354
54 3.91635 0.110628
55 -9.3863 0.11318
56 1.19316 0.111686
57 19.3453 0.112129
58 -46.4272 0.107783
59 -20.5318 0.114428
60 -17.3791 0.114235
61 -4.23066 0.118794
62 4.56889 0.11154
63 -12.1289 0.110165
64 -43.6416 0.119112
65 -18.6177 0.117527
66 -27.5268 0.118146
67 -4.5189 0.115378
68 -6.94307 0.116538
69 8.0675 0.117013
70 -30.0391 0.116566
71 -12.3206 0.118704
72 -41.4009 0.116532
73 5.93692 0.119198
74 -8.81631 0.117155
75 -24.5828 0.114852
76 14.9873 0.118664
77 -15.7117 0.114494
78 -8.59375 0.115535
79 -12.9167 0.118721
80 -20.5399 0.115984
81 -11.8239 0.118393
82 -12.3079 0.11885
83 -24.6227 0.119424
84 -12.4108 0.11811
85 -15.4212 0.116811
86 -5.78065 0.118049
87 -28.7633 0.121828
88 -2.45425 0.120779
89 -31.8267 0.12029
90 -12.242 0.11906
91 -31.1081 0.114591
92 -20.2931 0.11839
93 9.03192 0.114407
94 -16.3677 0.118519
95 -16.3677 0.118519
