0 39.4277 0.114377
1 24.7175 0.111176
2 16.2758 0.110279
3 24.1976 0.112393
4 43.929 0.115688
5 33.477 0.115253
6 20.1587 0.113677
7 40.8096 0.111645
8 32.6591 0.110439
9 14.5215 0.113683
10 9.02917 0.113865
11 18.0947 0.116651
12 34.1446 0.117623
13 11.7586 0.111753
14 3.35635 0.11263
15 24.13 0.114338
16 12.9166 0.116047
17 24.7247 0.113487
18 26.2623 0.113795
19 30.6859 0.112214
20 21.4133 0.116097
21 -3.75497 0.11299
22 16.1909 0.113509
23 21.8499 0.114084
24 13.1999 0.116286
25 37.9422 0.113487
26 15.7993 0.11396
27 37.6504 0.117465
28 15.1228 0.113647
29 0.104408 0.114522
30 3.03386 0.11383
31 34.1322 0.111698
32 -30.7285 0.112731
33 -34.966 0.113931
34 -50.7812 0.111083
35 -11.5399 0.109747
36 -13.6248 0.113849
37 -29.947 0.110871
38 -57.3607 0.113331
39 -56.168 0.11616
40 -10.2347 0.114974
41 -51.9311 0.11024
42 -48.5056 0.111587
43 -9.96015 0.113439
44 -48.1847 0.111142
45 -35.1532 0.110485
46 -25.2129 0.113296
47 -35.0377 0.114566
48 -31.573 0.112232
49 -38.7013 0.1133
50 -14.6508 0.112799
51 -27.998 0.114626
52 -28.5871 0.114341
53 -49.4199 0.110154
54 -18.4848 0.111264
55 -30.9502 0.111902
56 -8.18706 0.11336
57 -40.7587 0.11405
58 -45.2782 0.115635
59 -43.5709 0.112708
60 -32.0741 0.111981
61 -32.5701 0.115725
62 -27.6904 0.112987
63 -40.148 0.113433
64 0.198339 0.115057
65 28.8408 0.117062
66 18.6096 0.11183
67 24.7119 0.112976
68 15.0052 0.110046
69 27.2828 0.112467
70 9.57042 0.115829
71 6.08448 0.110281
72 29.1212 0.114107
73 -5.53054 0.11366
74 13.1073 0.118076
75 7.02059 0.117817
76 18.1974 0.112243
77 9.13156 0.116455
78 -3.89745 0.112922
79 36.3451 0.112993
80 31.7899 0.114592
81 9.51847 0.114376
82 36.9907 0.112458
83 0.760377 0.113284
84 0.913564 0.114671
85 18.9375 0.1132
86 12.3404 0.117324
87 5.07351 0.114748
88 4.11744 0.115448
89 12.8719 0.115032
90 40.7672 0.117408
91 25.3782 0.117166
92 5.95433 0.118387
93 13.2184 0.117322
94 24.3785 0.116746
95 24.3785 0.116746
