0 43.8898 0.109307
1 69.6361 0.102763
2 57.2924 0.106711
3 75.0598 0.110512
4 45.4311 0.109771
5 66.1426 0.110348
6 52.0977 0.111459
7 70.1103 0.110303
8 69.3961 0.112042
9 45.1171 0.107587
10 57.9493 0.111445
11 88.8061 0.10931
12 51.7115 0.107497
13 56.4122 0.109846
14 46.1597 0.117583
15 53.4665 0.108705
16 58.5617 0.111376
17 48.0939 0.107851
18 59.483 0.109149
19 70.4787 0.111418
20 47.8999 0.116464
21 45.4286 0.113327
22 62.4966 0.118141
23 63.307 0.112413
24 49.1393 0.116276
25 67.2418 0.114951
26 60.7772 0.115095
27 50.306 0.115287
28 26.9542 0.115075
29 35.3536 0.112214
30 34.7371 0.116859
31 55.2092 0.116023
32 68.6062 0.117143
33 65.2094 0.111589
34 46.9388 0.109687
35 71.492 0.114125
36 39.328 0.11471
37 34.8387 0.117234
38 44.0678 0.110526
39 54.4989 0.112565
40 62.553 0.113894
41 38.7841 0.112787
42 56.3667 0.116657
43 41.7455 0.111447
44 50.1895 0.11383
45 34.9587 0.120246
46 29.1694 0.113051
47 49.0944 0.112693
48 53.0151 0.113349
49 69.633 0.114019
50 66.4676 0.116546
51 49.5303 0.119548
52 37.0689 0.114943
53 45.9907 0.116751
54 38.7902 0.117659
55 37.679 0.118145
56 26.7597 0.120116
57 54.8975 0.118517
58 36.873 0.114127
59 39.5701 0.115639
60 36.592 0.119464
61 53.1107 0.121505
62 49.2577 0.115591
63 50.2581 0.119581
64 58.8323 0.11188
65 71.8173 0.11174
66 41.1449 0.1086
67 61.4233 0.113863
68 36.0202 0.112746
69 65.8313 0.107587
70 79.0484 0.110192
71 41.2833 0.11176
72 53.8957 0.113286
73 43.6937 0.110754
74 59.7085 0.109817
75 81.157 0.112269
76 44.7977 0.115521
77 46.9529 0.110076
78 32.0927 0.111213
79 71.7025 0.110951
80 56.5805 0.111073
81 43.3983 0.113783
82 33.4745 0.11497
83 94.6767 0.113236
84 43.1396 0.115384
85 52.31 0.114167
86 74.8038 0.115623
87 53.5861 0.116629
88 45.7528 0.113392
89 44.1638 0.117632
90 53.9565 0.115563
91 18.3392 0.123333
92 50.0236 0.115919
93 16.7656 0.118908
94 51.5618 0.123421
95 51.5618 0.123421
