0 -22.4198 0.112513
1 -21.5664 0.111319
2 28.7493 0.115011
3 -5.1594 0.111816
4 10.8063 0.111683
5 -3.53972 0.113966
6 -12.3091 0.11574
7 -2.26628 0.111179
8 33.2105 0.113974
9 39.8143 0.11028
10 -9.06443 0.115988
11 -8.56203 0.120804
12 25.2622 0.116745
13 -14.5929 0.113727
14 -10.4823 0.116255
15 12.7276 0.115815
16 -6.33114 0.115247
17 16.6322 0.121121
18 -16.13 0.112573
19 -8.90196 0.117001
20 24.3366 0.113251
21 -19.7148 0.118792
22 -6.61544 0.115929
23 -21.1738 0.117317
24 8.12747 0.118975
25 -5.68098 0.116744
26 -25.2241 0.121885
27 24.3377 0.118994
28 -7.83936 0.117047
29 -0.0177823 0.115399
30 -23.1818 0.120101
31 -5.08278 0.115965
32 25.7236 0.115281
33 49.509 0.110388
34 27.5576 0.114296
35 37.6433 0.113666
36 63.4765 0.111367
37 42.8607 0.111011
38 0.289353 0.114149
39 35.9401 0.115231
40 38.2884 0.116851
41 51.6782 0.111355
42 -1.48627 0.112962
43 20.3707 0.114999
44 36.2831 0.114688
45 17.1562 0.113826
46 38.8768 0.112077
47 45.8562 0.115622
48 17.5782 0.114715
49 34.127 0.224461
50 22.7453 0.123337
51 16.5942 0.226428
52 10.5494 0.11424
53 35.9978 0.11237
54 21.2369 0.116605
55 0.804943 0.114638
56 28.8256 0.118214
57 -1.91552 0.118442
58 36.8276 0.118745
59 7.36834 0.117033
60 25.5776 0.117248
61 23.693 0.119632
62 7.37724 0.118032
63 35.3218 0.116809
64 29.843 0.108293
65 51.7157 0.110453
66 22.2463 0.109622
67 55.0207 0.111071
68 58.5515 0.112676
69 51.564 0.109823
70 44.0081 0.111388
71 62.7553 0.112439
72 42.2538 0.111676
73 59.2371 0.10786
74 41.9818 0.110937
75 51.3414 0.109623
76 49.9524 0.11804
77 37.0119 0.110609
78 51.2441 0.109683
79 4.3046 0.113445
80 28.1544 0.122298
81 48.0576 0.113124
82 33.6226 0.111193
83 40.0385 0.11297
84 47.6258 0.113688
85 30.7593 0.114702
86 34.9505 0.117287
87 47.1112 0.115457
88 56.5021 0.113218
89 32.7284 0.1197
90 19.8768 0.119804
91 34.9095 0.111668
92 33.4288 0.118886
93 32.1533 0.117387
94 64.0462 0.115276
