0 22.9541 0.114789
1 -5.35762 0.118075
2 37.1497 0.117091
3 -5.06067 0.114589
4 31.212 0.115219
5 28.3877 0.116433
6 18.6655 0.118074
7 9.71618 0.115262
8 19.0473 0.114891
9 4.03542 0.115314
10 10.6238 0.115191
11 -8.42751 0.115414
12 20.2793 0.116347
13 14.1864 0.118261
14 2.64224 0.114277
15 21.1813 0.115607
16 -7.35866 0.122539
17 2.28616 0.117644
18 23.8975 0.119463
19 -6.88169 0.118043
20 5.0736 0.118797
21 6.70644 0.119585
22 -10.7109 0.120431
23 -9.9572 0.119553
24 36.9359 0.117801
25 20.3222 0.117945
26 -29.226 0.116918
27 -3.55624 0.11777
28 22.0122 0.121534
29 7.25093 0.122324
30 1.35893 0.121019
31 -24.6726 0.119927
32 -9.79176 0.113364
33 -4.01124 0.112696
34 -34.3582 0.11129
35 -3.09101 0.111738
36 -21.8269 0.112891
37 -17.9481 0.10729
38 -21.0255 0.111694
39 17.3358 0.11091
40 -17.2812 0.110566
41 -6.65307 0.113599
42 12.0317 0.112801
43 -19.6188 0.113174
44 -20.9518 0.113849
45 -19.5092 0.10994
46 1.00184 0.113497
47 -34.3277 0.109961
48 7.09161 0.111329
49 -17.8829 0.115219
50 2.47006 0.11373
51 -31.318 0.114041
52 -46.2292 0.111727
53 -23.0162 0.114669
54 -19.6433 0.111325
55 -32.5705 0.112524
56 0.701818 0.110328
57 -37.4208 0.113042
58 -36.7012 0.113021
59 -19.2256 0.113211
60 -29.3629 0.111867
61 -33.37 0.114583
62 -30.3683 0.116448
63 -20.6448 0.116021
64 36.7852 0.116845
65 40.3717 0.112598
66 40.3372 0.116525
67 56.054 0.113606
68 40.8036 0.114885
69 35.2232 0.114563
70 54.8434 0.115115
71 21.1356 0.114016
72 21.8074 0.119872
73 32.7253 0.116127
74 41.4806 0.116065
75 61.5983 0.110288
76 27.7798 0.115381
77 17.1433 0.114008
78 29.0693 0.112784
79 49.0005 0.118701
80 43.0034 0.118892
81 18.6705 0.119478
82 21.0085 0.119748
83 49.4801 0.117985
84 31.3372 0.116991
85 34.2908 0.117933
86 8.8215 0.117276
87 38.2056 0.121555
88 52.1304 0.117528
89 47.674 0.120371
90 15.3324 0.11909
91 17.4915 0.118288
92 48.2848 0.11774
93 44.9398 0.11788
94 32.4857 0.116805
95 32.4857 0.116805
