0 14.0049 0.114049
1 16.0738 0.117611
2 0.551883 0.112324
3 -20.0148 0.114015
4 22.3547 0.11566
5 7.16309 0.117464
6 -11.4441 0.113699
7 11.2563 0.114495
8 -3.75314 0.113274
9 -31.5537 0.113531
10 10.412 0.116811
11 15.5656 0.11568
12 1.80536 0.118363
13 -6.14248 0.115489
14 9.0571 0.118776
15 7.7641 0.118366
16 19.1279 0.119232
17 22.0571 0.120305
18 -8.8578 0.119681
19 -41.6526 0.114889
20 -3.92574 0.116168
21 -10.71 0.118717
22 -4.15395 0.117373
23 -6.25069 0.117495
24 -20.6367 0.119265
25 -3.28117 0.117623
26 -1.67069 0.117432
27 16.7369 0.116742
28 13.9866 0.119653
29 -21.2527 0.117158
30 -27.8383 0.11739
31 2.55656 0.1168
32 5.16322 0.110175
33 36.7436 0.111178
34 15.0915 0.110094
35 -0.491251 0.113263
36 39.4271 0.112307
37 26.4998 0.107963
38 6.05581 0.106401
39 26.1197 0.108984
40 -5.99564 0.109813
41 37.3439 0.11263
42 23.971 0.109451
43 25.0127 0.109919
44 53.7006 0.111029
45 -23.3423 0.109827
46 22.9823 0.110665
47 6.94294 0.10979
48 8.21747 0.109853
49 -2.13632 0.112477
50 32.7689 0.109576
51 5.2451 0.109713
52 3.43429 0.110543
53 18.7716 0.108557
54 18.3159 0.110417
55 5.51884 0.112831
56 15.1538 0.108732
57 14.572 0.111854
58 -13.0378 0.113394
59 28.6773 0.113478
60 6.21155 0.115857
61 12.7322 0.112141
62 12.135 0.110026
63 14.1643 0.109969
64 37.3076 0.111482
65 49.8929 0.11138
66 41.2117 0.115135
67 61.8867 0.112762
68 37.2517 0.114972
69 31.8952 0.112552
70 38.3752 0.109415
71 73.7582 0.115596
72 50.795 0.11392
73 43.231 0.115213
74 57.9204 0.114345
75 34.4918 0.114847
76 61.5644 0.114596
77 46.1219 0.114435
78 74.8973 0.112819
79 28.283 0.117362
80 15.7301 0.112953
81 39.3749 0.112829
82 35.1772 0.114574
83 52.7743 0.115624
84 34.4772 0.11471
85 46.172 0.114389
86 55.3906 0.113174
87 37.9672 0.114798
88 9.35267 0.115138
89 47.0988 0.11445
90 53.7992 0.115456
91 45.8351 0.116816
92 41.4512 0.116679
93 39.9388 0.113937
94 38.974 0.117028
95 38.974 0.117028
