0 25.7339 0.112024
1 12.4797 0.111107
2 19.6812 0.113069
3 24.8001 0.109568
4 38.9048 0.110783
5 31.2409 0.111648
6 21.6505 0.113578
7 11.0377 0.1154
8 30.8749 0.115522
9 4.58506 0.111194
10 20.3016 0.120668
11 44.1989 0.112121
12 -2.23843 0.114927
13 8.80645 0.112222
14 40.2123 0.115006
15 33.959 0.115283
16 10.3507 0.118531
17 34.5873 0.115544
18 22.3708 0.11781
19 35.8231 0.115132
20 -12.4648 0.118559
21 8.42493 0.116559
22 15.511 0.1182
23 4.82658 0.12264
24 23.9029 0.118212
25 6.66146 0.117981
26 0.996548 0.12131
27 3.33722 0.114506
28 -5.62601 0.11742
29 15.2782 0.121934
30 -21.1305 0.121285
31 6.2083 0.118789
32 2.04172 0.102079
33 1.40259 0.10648
34 -5.21304 0.108046
35 27.912 0.103988
36 24.7882 0.110587
37 36.8577 0.10476
38 -19.9359 0.105885
39 14.4807 0.107363
40 26.4393 0.107759
41 16.7866 0.109266
42 -3.7833 0.105989
43 6.28914 0.104845
44 19.6704 0.110806
45 35.7826 0.110948
46 -11.728 0.108242
47 28.3349 0.112537
48 24.1987 0.110169
49 27.8824 0.110967
50 -7.32913 0.10927
51 -1.75006 0.108876
52 27.6805 0.111377
53 14.6475 0.110642
54 16.5009 0.112042
55 -1.37798 0.11331
56 7.79917 0.113263
57 36.7626 0.112857
58 -10.5306 0.111876
59 11.3797 0.112117
60 -13.4701 0.110571
61 -1.11837 0.113499
62 23.3853 0.113084
63 -2.40481 0.110798
