0 12.8916 0.112028
1 -9.89035 0.108467
2 3.76382 0.112769
3 26.2545 0.112572
4 16.2076 0.109654
5 5.55445 0.110279
6 23.0925 0.111729
7 20.88 0.112012
8 -2.63566 0.11248
9 4.43823 0.110161
10 -0.930778 0.115088
11 -20.6597 0.112745
12 7.60318 0.112548
13 -9.28775 0.113234
14 11.115 0.11022
15 -4.25682 0.113414
16 -0.758026 0.116976
17 3.67177 0.116742
18 2.83817 0.113872
19 11.0012 0.117153
20 4.31336 0.114306
21 -0.808639 0.112069
22 -18.2836 0.116076
23 -14.9169 0.113514
24 -4.49063 0.115207
25 22.2127 0.118255
26 -16.4087 0.11541
27 24.7433 0.116505
28 8.5067 0.116091
29 -22.0132 0.113407
30 -14.0229 0.115847
31 -4.1341 0.116241
32 19.0476 0.110178
33 7.07497 0.109203
34 43.7877 0.110164
35 14.6864 0.110759
36 4.79289 0.110329
37 24.2638 0.109142
38 30.6499 0.11426
39 21.0503 0.110909
40 0.403151 0.104239
41 45.3067 0.112497
42 16.3758 0.111569
43 28.8811 0.11464
44 18.6912 0.116462
45 20.4416 0.112852
46 2.5281 0.112716
47 18.1217 0.115871
48 -2.13057 0.115352
49 13.8659 0.114043
50 18.7313 0.121529
51 1.28997 0.115171
52 23.3688 0.118371
53 20.9261 0.115975
54 18.7487 0.113935
55 32.7372 0.117015
56 48.6791 0.115357
57 40.463 0.121789
58 21.6344 0.119085
59 29.1083 0.124065
60 8.05477 0.117168
61 2.29749 0.122511
62 28.7572 0.120374
63 33.9184 0.120329
64 62.114 0.10796
65 57.4941 0.103862
66 60.5671 0.104597
67 44.6932 0.109415
68 45.5405 0.110414
69 18.7325 0.106958
70 55.4122 0.105871
71 56.0627 0.105601
72 102.912 0.107273
73 51.6744 0.108277
74 56.1678 0.108055
75 27.4247 0.105236
76 53.3519 0.106239
77 35.9439 0.106419
78 50.8294 0.107752
79 55.9961 0.111023
80 31.1569 0.110917
81 39.3562 0.109389
82 30.1542 0.108468
83 46.2956 0.111436
84 19.8916 0.109129
85 31.2588 0.110242
86 54.4367 0.114925
87 29.6819 0.113109
88 43.4623 0.108946
89 55.8697 0.109367
90 17.1553 0.113903
91 41.816 0.111727
92 19.462 0.114732
93 37.9271 0.119163
94 20.6108 0.122695
95 23.7703 0.119065
