0 21.0027 0.108928
1 13.9787 0.10966
2 51.8357 0.109415
3 17.8754 0.11112
4 25.5563 0.108017
5 16.4483 0.110924
6 27.7717 0.110077
7 23.5318 0.113096
8 9.86435 0.112244
9 26.3162 0.107731
10 0.263779 0.11057
11 34.9971 0.113426
12 5.89214 0.11231
13 18.6429 0.112063
14 -0.533068 0.114665
15 40.9158 0.113064
16 6.63643 0.114934
17 20.3141 0.117039
18 3.86508 0.115598
19 15.4621 0.115598
20 11.2713 0.119931
21 29.0228 0.116472
22 13.93 0.118718
23 12.5866 0.116449
24 -0.360411 0.117018
25 36.6164 0.114026
26 29.7253 0.118206
27 -0.493277 0.116715
28 -4.93289 0.117349
29 21.1731 0.11983
30 3.19618 0.117895
31 31.6159 0.118858
32 -16.2668 0.11039
33 -13.7982 0.111767
34 9.94951 0.107369
35 23.2135 0.109232
36 8.79362 0.110698
37 8.80133 0.111395
38 -1.00048 0.112081
39 -1.02953 0.109677
40 24.0412 0.114398
41 8.04992 0.114346
42 -0.67676 0.112283
43 -9.1092 0.113288
44 -12.5323 0.111973
45 13.9693 0.121087
46 36.8172 0.116081
47 11.5585 0.113965
48 3.94486 0.11348
49 -2.58287 0.117427
50 10.9864 0.116337
51 -8.32383 0.113449
52 1.10351 0.116225
53 -4.41645 0.112959
54 -6.33204 0.116023
55 -17.7238 0.116084
56 27.0867 0.115135
57 -21.9736 0.115051
58 -1.95146 0.115545
59 -15.663 0.115482
60 3.01996 0.112576
61 33.8859 0.115325
62 12.263 0.117277
63 -5.05157 0.116835
