0 30.0817 0.112118
1 7.39871 0.109354
2 9.21254 0.115779
3 13.2713 0.113628
4 5.45297 0.108018
5 -10.4279 0.110613
6 -9.09996 0.111785
7 -7.22506 0.111022
8 11.5886 0.115179
9 -9.38914 0.113906
10 -5.06933 0.11401
11 10.5534 0.112038
12 -11.1262 0.120128
13 -4.68267 0.111554
14 -16.8141 0.112139
15 7.69674 0.112056
16 7.14962 0.117548
17 10.9084 0.112897
18 -3.50233 0.114602
19 -23.8635 0.111357
20 -0.751491 0.11813
21 -18.8031 0.11549
22 9.73616 0.118569
23 -13.0058 0.117938
24 -34.6082 0.114525
25 -15.1183 0.120956
26 -27.1333 0.120346
27 8.79242 0.117081
28 -3.74436 0.117581
29 6.03624 0.117966
30 -8.52923 0.117618
31 -15.1337 0.120165
32 -0.91839 0.113604
33 0.397897 0.111838
34 1.84903 0.113937
35 17.5395 0.112359
36 15.4123 0.11387
37 -20.6216 0.114152
38 -15.6914 0.113927
39 27.9438 0.11303
40 15.9532 0.114047
41 -9.43138 0.115789
42 14.163 0.112939
43 4.89528 0.110122
44 -21.772 0.115225
45 12.1751 0.115139
46 16.0536 0.123584
47 -4.60534 0.111165
48 -25.5525 0.118221
49 0.201778 0.121503
50 13.7599 0.115196
51 9.27946 0.116371
52 -5.32809 0.124328
53 -25.8372 0.113669
54 -7.56243 0.116057
55 -5.30912 0.114839
56 -23.3154 0.117729
57 -2.90993 0.120088
58 -7.3973 0.115841
59 -0.615971 0.116786
60 6.88537 0.120856
61 -19.2903 0.119931
62 6.72222 0.122979
63 -12.3935 0.123366
64 52.9056 0.11227
65 48.2836 0.113243
66 46.4074 0.10969
67 73.2179 0.11269
68 28.0797 0.114353
69 62.8515 0.10885
70 42.2327 0.114187
71 59.8533 0.112674
72 67.6491 0.11454
73 23.7942 0.11333
74 51.1328 0.113523
75 42.4064 0.114682
76 54.2676 0.11625
77 18.1013 0.113528
78 58.383 0.123005
79 46.9048 0.110305
80 44.3076 0.117543
81 36.9571 0.118432
82 27.0432 0.116975
83 19 0.117321
84 33.8098 0.118911
85 37.4291 0.116098
86 45.2918 0.116742
87 16.4907 0.1152
88 46.8001 0.116456
89 58.5514 0.119983
90 16.3524 0.118851
91 46.5854 0.112913
92 -5.72373 0.133401
93 21.7528 0.119013
94 42.9554 0.125891
95 42.9554 0.125891
