0 11.1428 0.112566
1 26.7086 0.111613
2 20.7981 0.111775
3 21.0242 0.120034
4 2.09495 0.114331
5 -12.6936 0.113092
6 4.95535 0.115883
7 24.8372 0.121145
8 -8.29024 0.11363
9 4.07798 0.114583
10 9.36845 0.124848
11 7.00555 0.117751
12 32.1713 0.12007
13 28.0828 0.11734
14 25.4235 0.113104
15 5.15601 0.117103
16 1.82788 0.123615
17 -14.7233 0.117974
18 33.6485 0.116283
19 16.5426 0.124714
20 -10.3668 0.11986
21 -2.34756 0.121864
22 27.9613 0.117858
23 21.8254 0.11507
24 23.0302 0.117119
25 11.9112 0.120055
26 -5.55717 0.126618
27 0.666001 0.117079
28 -11.8541 0.123369
29 19.0892 0.12075
30 7.30899 0.136115
31 10.7346 0.113635
32 1.40571 0.111627
33 -34.432 0.109063
34 -25.1796 0.115201
35 29.3554 0.107436
36 9.90519 0.110882
37 7.74665 0.109587
38 20.6225 0.112485
39 -6.81278 0.109334
40 -15.8236 0.111016
41 6.86168 0.113534
42 -15.1993 0.115106
43 -10.4127 0.110697
44 16.1724 0.115721
45 -1.43544 0.114465
46 -36.0462 0.116616
47 -2.85663 0.113774
48 -22.6321 0.114475
49 0.202145 0.11706
50 -5.66293 0.123042
51 -9.63097 0.121309
52 -21.8492 0.116817
53 -21.4868 0.119481
54 -38.8532 0.12063
55 -27.0226 0.115646
56 -19.0943 0.116334
57 -16.5508 0.114512
58 -22.7791 0.114096
59 -0.723658 0.120426
60 -24.9911 0.129587
61 -33.4245 0.12315
62 -2.15182 0.116391
63 -31.8276 0.115074
