0 -27.3546 0.115391
1 -2.77769 0.114386
2 -22.2669 0.11432
3 -44.6364 0.110054
4 -16.9821 0.116918
5 -15.8439 0.113164
6 -7.30204 0.115778
7 0.262263 0.114737
8 -26.2877 0.118012
9 -12.2383 0.118572
10 -37.3848 0.114153
11 -22.791 0.115915
12 6.81847 0.117065
13 -35.8134 0.117499
14 -16.6247 0.116305
15 -19.134 0.115929
16 -22.7788 0.116492
17 -8.83667 0.116341
18 -10.888 0.116857
19 -21.4324 0.116129
20 -0.0512187 0.121412
21 -6.79863 0.117512
22 -3.00354 0.117622
23 -27.773 0.112381
24 -3.21919 0.11801
25 -33.981 0.118039
26 -31.5246 0.12097
27 -13.3809 0.116798
28 -26.9088 0.118896
29 -32.9624 0.115353
30 -26.6111 0.116526
31 -7.36657 0.115406
32 35.9394 0.113737
33 25.6537 0.112286
34 27.3682 0.113372
35 37.5777 0.115035
36 44.1359 0.113417
37 0.795561 0.114012
38 20.2484 0.116749
39 10.448 0.110196
40 33.196 0.108037
41 14.9157 0.113395
42 68.5085 0.11066
43 18.7011 0.112036
44 35.5197 0.111881
45 23.8765 0.113782
46 22.4033 0.113648
47 12.0898 0.113231
48 28.245 0.120512
49 3.62328 0.111839
50 5.15504 0.116469
51 5.77415 0.114919
52 12.5242 0.116938
53 19.1069 0.114548
54 58.9191 0.116232
55 37.0448 0.11297
56 27.4005 0.114857
57 30.4451 0.117543
58 -8.96378 0.11572
59 16.6788 0.115438
60 24.515 0.112954
61 21.4463 0.122534
62 10.0983 0.11282
63 -13.7446 0.114324
64 46.1225 0.110062
65 65.7436 0.114773
66 40.9649 0.110971
67 37.9991 0.112886
68 79.6235 0.113044
69 77.6064 0.11724
70 52.5651 0.116549
71 63.3372 0.112751
72 28.9846 0.113391
73 39.0209 0.111214
74 54.5749 0.114719
75 61.0263 0.116006
76 46.8363 0.112477
77 32.9503 0.113028
78 36.4666 0.115777
79 56.3784 0.115025
80 63.4523 0.115882
81 34.5925 0.120397
82 39.63 0.116499
83 46.0531 0.116527
84 63.8078 0.11292
85 55.28 0.114686
86 35.3595 0.115316
87 57.186 0.115003
88 62.0455 0.118459
89 26.9458 0.116932
90 37.1252 0.115988
91 31.4596 0.117859
92 10.6696 0.119887
93 16.9182 0.114621
94 55.7652 0.117153
95 55.7652 0.117153
