0 -19.2599 0.116352
1 -26.4205 0.108952
2 -20.1599 0.111207
3 22.3695 0.111257
4 -13.5371 0.1143
5 -19.3741 0.113721
6 -0.625418 0.110554
7 6.8036 0.112377
8 5.06555 0.112311
9 -2.22344 0.111301
10 -20.9424 0.113914
11 -14.4561 0.116638
12 -45.1382 0.116357
13 -17.2139 0.114268
14 -34.6464 0.115339
15 -12.7021 0.115226
16 0.429893 0.115169
17 -16.1098 0.11661
18 -3.11008 0.11628
19 0.460484 0.113825
20 -14.3174 0.119974
21 -46.4411 0.109838
22 -8.82332 0.116668
23 -18.2863 0.120017
24 -4.49612 0.11573
25 -29.3529 0.116605
26 -22.8215 0.114773
27 -17.7906 0.115257
28 -22.0881 0.11774
29 -10.5726 0.121064
30 -5.95357 0.120229
31 -31.8443 0.112136
32 23.8728 0.114696
33 -5.1877 0.107469
34 -2.98706 0.109267
35 12.9265 0.109223
36 28.8942 0.112318
37 -16.3546 0.110032
38 29.8165 0.109757
39 -5.20472 0.113248
40 9.66135 0.107383
41 6.53111 0.112535
42 3.753 0.109289
43 15.2967 0.112562
44 21.4497 0.119204
45 -6.14931 0.112802
46 7.89698 0.114708
47 2.59804 0.111588
48 -14.6432 0.113271
49 3.26639 0.120129
50 3.1914 0.115683
51 22.9079 0.114181
52 14.2702 0.111897
53 35.6298 0.118706
54 9.54413 0.116083
55 -2.39862 0.11215
56 -6.04247 0.115057
57 14.9909 0.116086
58 -2.25492 0.116578
59 6.98772 0.113284
60 0.153447 0.117175
61 5.8264 0.120047
62 -5.10356 0.117524
63 17.4255 0.113992
64 50.7613 0.113635
65 40.9662 0.111458
66 14.4263 0.105249
67 51.6244 0.108508
68 59.9643 0.108528
69 29.4451 0.108001
70 44.2747 0.111542
71 35.8338 0.114431
72 32.8212 0.107643
73 61.2662 0.111328
74 35.4786 0.106386
75 45.0976 0.107462
76 58.0288 0.10913
77 37.7187 0.109213
78 35.5868 0.110449
79 41.0305 0.10899
80 57.1489 0.11618
81 29.8982 0.227077
82 63.8314 0.116852
83 37.3311 0.110612
84 39.2517 0.113282
85 25.3339 0.119708
86 26.7992 0.116671
87 23.2633 0.117364
88 56.4057 0.112712
89 24.8299 0.115741
90 25.1023 0.115162
91 38.6832 0.11265
92 24.7174 0.117054
93 21.8101 0.123708
94 40.9313 0.118304
95 40.9313 0.118304
