0 45.7795 0.1071
1 19.266 0.106679
2 30.0064 0.107263
3 40.2016 0.108022
4 13.6714 0.110684
5 27.8885 0.110901
6 36.6798 0.10721
7 21.461 0.106801
8 35.1518 0.101257
9 31.0373 0.108233
10 21.4559 0.107119
11 16.6779 0.11177
12 32.9907 0.111329
13 -0.580058 0.107379
14 3.28415 0.11054
15 -2.65297 0.108372
16 -1.45369 0.106818
17 48.34 0.108003
18 39.5684 0.110547
19 28.8142 0.110366
20 18.8863 0.111278
21 9.22411 0.110791
22 21.1341 0.10971
23 21.1775 0.110382
24 13.0362 0.113428
25 40.6271 0.109989
26 1.13023 0.112533
27 10.9952 0.106843
28 20.0467 0.111039
29 32.2192 0.114138
30 11.2626 0.109243
31 23.0948 0.108331
32 21.6167 0.119908
33 6.04068 0.116413
34 9.43664 0.114662
35 2.75661 0.117817
36 12.4283 0.115209
37 14.2218 0.119233
38 9.03474 0.116171
39 -0.954785 0.117855
40 -15.4625 0.119456
41 -16.8198 0.119337
42 28.8886 0.119385
43 -2.42344 0.118875
44 -5.65719 0.117015
45 10.909 0.122748
46 26.6235 0.115271
47 -16.8058 0.12115
48 6.23441 0.119163
49 -8.02026 0.120683
50 12.3942 0.119744
51 4.2747 0.122713
52 11.5899 0.119956
53 17.1232 0.123008
54 7.12087 0.123056
55 4.72635 0.122531
56 7.43895 0.120234
57 1.19576 0.121004
58 -22.4498 0.120574
59 5.90534 0.118511
60 -21.9425 0.121522
61 -1.16734 0.126913
62 -2.02752 0.126359
63 -25.7543 0.125221
64 86.5657 0.114548
65 74.9097 0.111908
66 85.2716 0.1176
67 75.1817 0.233688
68 81.7973 0.131524
69 96.5771 0.117526
70 71.5646 0.112353
71 61.5554 0.117384
72 87.0798 0.11642
73 82.979 0.120609
74 39.7058 0.11662
75 65.3842 0.115451
76 85.5685 0.118128
77 51.7893 0.116531
78 44.954 0.117803
79 50.2777 0.117301
80 54.6882 0.118213
81 52.3465 0.237586
82 63.0863 0.120265
83 51.1737 0.120325
84 72.414 0.119623
85 86.9332 0.118841
86 56.0297 0.123408
87 86.8544 0.120113
88 70.0824 0.120938
89 56.9997 0.117184
90 60.9863 0.117033
91 80.3356 0.118377
92 68.5254 0.124753
93 56.6313 0.12355
94 67.5773 0.1247
95 67.5773 0.1247
