0 -23.3409 0.114145
1 -58.7011 0.110997
2 -42.0268 0.114015
3 -42.7539 0.109754
4 -41.7571 0.106667
5 -33.421 0.114234
6 -22.5836 0.116937
7 -23.593 0.118641
8 -45.1669 0.114175
9 -20.3098 0.117042
10 -35.0857 0.119552
11 -17.1453 0.11671
12 -39.6181 0.117384
13 -9.07753 0.113746
14 -15.5251 0.120104
15 -59.2218 0.117403
16 -25.5561 0.120517
17 -43.645 0.120673
18 -19.1229 0.117983
19 -20.0687 0.121096
20 -38.4155 0.117929
21 -24.89 0.115941
22 -32.3835 0.115491
23 -33.3214 0.121832
24 -24.2347 0.119187
25 -47.8648 0.117205
26 -56.393 0.115393
27 -26.8817 0.117365
28 -37.3121 0.122517
29 -17.4739 0.118368
30 -12.5172 0.11803
31 -37.9369 0.122838
32 72.9966 0.119879
33 88.6061 0.108993
34 94.5789 0.114061
35 97.2569 0.111697
36 89.73 0.113316
37 117.799 0.11379
38 83.9136 0.117421
39 75.0317 0.112212
40 65.4908 0.115064
41 72.7724 0.114753
42 73.3406 0.11444
43 80.9539 0.117233
44 75.3277 0.121429
45 94.9964 0.118462
46 88.9086 0.117929
47 70.3119 0.120191
48 84.605 0.120788
49 106.657 0.114561
50 57.135 0.118423
51 70.0359 0.118605
52 83.2667 0.120865
53 76.3068 0.113367
54 85.288 0.114575
55 48.3675 0.11792
56 82.8273 0.115636
57 64.9791 0.118885
58 53.8009 0.122361
59 71.8178 0.117662
60 80.405 0.121141
61 50.3805 0.123651
62 47.9752 0.12304
63 71.277 0.115826
64 50.1693 0.112878
65 27.3034 0.112727
66 15.7809 0.108016
67 44.9723 0.112695
68 41.4629 0.107987
69 56.4409 0.10732
70 32.338 0.115202
71 56.1598 0.118121
72 46.4028 0.105923
73 35.6409 0.108717
74 34.1785 0.1109
75 40.9039 0.111751
76 32.2438 0.111189
77 35.6594 0.11401
78 44.7215 0.112655
79 39.6916 0.114029
80 28.9362 0.115706
81 5.46356 0.120905
82 12.533 0.111052
83 31.2294 0.115141
84 29.3224 0.115423
85 32.0256 0.11722
86 31.878 0.112157
87 16.0557 0.113665
88 33.2864 0.112196
89 52.4218 0.108599
90 34.0259 0.117
91 2.93079 0.116983
92 19.7776 0.115931
93 26.8625 0.117923
94 41.6484 0.113411
95 41.6484 0.113411
