0 10.7248 0.1099
1 -2.23605 0.110473
2 -1.89862 0.109717
3 -12.8946 0.118189
4 22.4095 0.113206
5 -0.248954 0.111826
6 -15.646 0.112506
7 11.8336 0.111549
8 19.6147 0.118061
9 12.6125 0.114485
10 -2.27221 0.117308
11 -18.2429 0.112214
12 20.5935 0.111673
13 -0.286165 0.111371
14 -1.08243 0.112653
15 22.9748 0.116707
16 5.66435 0.114532
17 3.00103 0.116099
18 -5.70529 0.114132
19 8.75103 0.110995
20 2.38814 0.110243
21 -22.668 0.120739
22 32.6311 0.118644
23 16.4325 0.117167
24 -11.7656 0.119607
25 -1.86216 0.118161
26 -5.10826 0.119322
27 2.30054 0.118374
28 2.67584 0.116163
29 -12.424 0.117904
30 3.67707 0.11983
31 -14.0592 0.117944
32 43.9237 0.114432
33 24.3252 0.112211
34 -2.13978 0.107712
35 25.7876 0.114738
36 5.55338 0.113035
37 25.4927 0.108647
38 0.0417557 0.111916
39 -2.00396 0.112819
40 42.6323 0.113658
41 21.5177 0.117538
42 -6.45556 0.118939
43 17.2739 0.108373
44 3.20597 0.116141
45 43.2699 0.113842
46 27.9089 0.116616
47 5.81311 0.118726
48 21.6329 0.112062
49 5.14112 0.116432
50 29.9879 0.116565
51 -3.98486 0.117202
52 26.8229 0.118291
53 14.2659 0.117424
54 -21.0412 0.122643
55 -2.20545 0.117744
56 21.7883 0.115755
57 7.80672 0.117428
58 -12.5454 0.11795
59 -5.63561 0.120355
60 19.9506 0.117
61 -13.1521 0.120056
62 6.24505 0.117546
63 -5.5521 0.115286
64 4.67877 0.116705
65 -3.04737 0.120287
66 -16.241 0.115489
67 -19.6942 0.116168
68 -18.9401 0.116202
69 -0.444011 0.114153
70 -12.0984 0.118593
71 -8.18903 0.124338
72 -6.16245 0.122498
73 -3.11071 0.118107
74 -20.7793 0.116253
75 -14.1849 0.118713
76 6.83457 0.120734
77 -32.915 0.116224
78 -12.6871 0.117012
79 -42.4826 0.113668
80 -20.7098 0.119811
81 8.5941 0.123131
82 -39.6735 0.118909
83 -24.299 0.121691
84 -25.1919 0.126464
85 7.31259 0.118996
86 -14.8556 0.12265
87 -46.9283 0.118212
88 -10.2158 0.124253
89 -4.71834 0.121291
90 -14.2364 0.121996
91 -28.7598 0.125054
92 -14.8439 0.123071
93 10.5877 0.125234
94 -7.38023 0.125098
95 -7.38023 0.125098
