0 -85.7383 0.116007
1 -67.0793 0.108267
2 -59.3035 0.112928
3 -115.641 0.129536
4 -85.01 0.117481
5 -94.2402 0.112134
6 -85.5138 0.11316
7 -79.6571 0.117298
8 -67.1444 0.112751
9 -70.7939 0.119137
10 -71.2712 0.116758
11 -52.7048 0.117258
12 -101.707 0.1199
13 -84.7042 0.115549
14 -87.0611 0.11387
15 -84.6914 0.11558
16 -75.9107 0.118892
17 -73.2016 0.115264
18 -52.5768 0.117446
19 -86.4459 0.116978
20 -96.6146 0.116588
21 -73.3201 0.117121
22 -59.6323 0.115999
23 -77.6016 0.120106
24 -75.3882 0.116034
25 -74.01 0.115085
26 -83.8621 0.116443
27 -67.5183 0.113687
28 -103.661 0.111663
29 -71.6611 0.112983
30 -57.4766 0.119216
31 -95.3252 0.109177
32 -40.6461 0.118556
33 -20.1286 0.115922
34 -70.323 0.116624
35 -36.6594 0.114341
36 -39.315 0.111981
37 -48.7294 0.116397
38 -19.8828 0.116661
39 -3.91803 0.114896
40 -55.6675 0.112248
41 -33.6479 0.116041
42 -37.2858 0.115666
43 -35.7377 0.115883
44 -38.9671 0.116637
45 -72.0829 0.115454
46 -34.2329 0.114458
47 -31.8806 0.114708
48 -54.5254 0.117471
49 -41.7294 0.116477
50 -53.8513 0.118131
51 -53.499 0.113088
52 -24.6078 0.116258
53 -55.8407 0.119298
54 -18.3423 0.116683
55 -30.8095 0.117707
56 -41.6656 0.117523
57 -37.7687 0.114812
58 -44.9016 0.116466
59 -57.5025 0.113056
60 -52.936 0.117175
61 -48.4207 0.112977
62 -58.6814 0.116528
63 -38.0837 0.115055
64 35.6928 0.116615
65 20.5342 0.114913
66 70.7098 0.114867
67 24.8803 0.109503
68 42.0495 0.113564
69 55.9575 0.113242
70 25.9648 0.111583
71 43.5215 0.109843
72 25.841 0.113526
73 50.1164 0.112938
74 41.1451 0.116075
75 58.1773 0.11706
76 53.775 0.116708
77 33.514 0.114068
78 54.3473 0.115445
79 30.473 0.114782
80 38.0455 0.117698
81 58.4222 0.11604
82 20.5199 0.112136
83 14.6297 0.117133
84 41.5361 0.118243
85 45.7523 0.118611
86 61.2433 0.116214
87 56.6749 0.115471
88 40.4718 0.114269
89 22.1683 0.115526
90 33.2771 0.115864
91 38.3602 0.115832
92 35.8602 0.114767
93 12.8343 0.118303
94 31.1583 0.114276
95 31.1583 0.114276
