0 38.5164 0.112579
1 51.4158 0.115828
2 36.8164 0.111062
3 51.5907 0.112625
4 55.3992 0.10642
5 55.2564 0.114115
6 80.0758 0.112501
7 67.3641 0.11378
8 79.0577 0.111761
9 68.8061 0.112132
10 46.4953 0.113204
11 73.0251 0.111442
12 57.7808 0.114208
13 95.0419 0.111039
14 56.9864 0.112574
15 52.9828 0.112487
16 61.3542 0.113521
17 77.2913 0.111201
18 45.4269 0.114746
19 33.9396 0.111377
20 48.8437 0.11397
21 47.9445 0.117066
22 46.8854 0.114622
23 34.8375 0.112323
24 73.434 0.114363
25 58.5456 0.113171
26 44.2979 0.111961
27 58.9003 0.114943
28 26.6912 0.115584
29 50.5391 0.114218
30 60.9982 0.114312
31 39.2216 0.11599
32 50.5094 0.112388
33 60.712 0.112306
34 45.812 0.108208
35 26.6849 0.113125
36 52.3257 0.113697
37 30.5066 0.110928
38 22.3215 0.111723
39 54.6153 0.113966
40 47.6068 0.112545
41 32.3294 0.11262
42 49.7216 0.111857
43 43.3378 0.113777
44 61.4528 0.111628
45 31.5685 0.114216
46 68.3335 0.114183
47 59.4479 0.113385
48 37.8636 0.117489
49 24.783 0.115771
50 41.7048 0.111513
51 34.0361 0.118569
52 28.9819 0.117978
53 28.1157 0.112944
54 42.466 0.114263
55 52.6106 0.114965
56 39.8151 0.112583
57 46.0391 0.113419
58 47.9533 0.116976
59 54.6528 0.114774
60 19.2757 0.117573
61 46.5177 0.114725
62 37.3895 0.111033
63 39.7003 0.112483
64 5.92797 0.114761
65 3.07435 0.108378
66 10.1266 0.113
67 4.11069 0.115858
68 -9.65424 0.113229
69 1.09745 0.114827
70 -6.73824 0.116138
71 -8.66746 0.113473
72 -14.4248 0.116841
73 7.67864 0.116108
74 25.1406 0.115784
75 2.90905 0.117709
76 12.0836 0.113454
77 -3.25765 0.116001
78 -22.6717 0.114034
79 -7.97652 0.114229
80 -4.20588 0.118973
81 12.6218 0.118912
82 -14.7424 0.11871
83 -2.3023 0.116978
84 9.11932 0.116405
85 -21.4903 0.120377
86 -12.8232 0.121537
87 -1.45534 0.124169
88 -17.7307 0.119966
89 6.65706 0.117959
90 12.6498 0.124147
91 1.41223 0.118485
92 -0.993475 0.122515
93 -15.1348 0.122157
94 -16.3028 0.124399
95 -16.3028 0.124399
