0 11.3293 0.111135
1 28.2078 0.111447
2 33.5585 0.113981
3 12.7785 0.114696
4 31.8543 0.111196
5 63.4991 0.11184
6 24.4723 0.113345
7 17.2964 0.115282
8 34.1864 0.116349
9 24.4097 0.115562
10 41.9093 0.114394
11 34.5655 0.114607
12 34.6015 0.113257
13 28.9972 0.111958
14 43.1654 0.116873
15 46.7663 0.11617
16 27.8648 0.113017
17 38.9398 0.11664
18 45.4 0.119267
19 51.7095 0.116905
20 5.16804 0.12105
21 34.8501 0.116144
22 31.6191 0.118884
23 8.25786 0.118624
24 30.9262 0.116424
25 21.7925 0.115663
26 30.0335 0.116472
27 29.5202 0.115823
28 34.3903 0.118041
29 36.5728 0.117676
30 13.2953 0.119319
31 31.5016 0.117672
32 58.8833 0.111431
33 70.4086 0.109129
34 73.3651 0.113426
35 89.7322 0.107806
36 70.6813 0.110218
37 96.2589 0.116178
38 72.1699 0.11302
39 32.996 0.111219
40 54.6909 0.113289
41 75.0512 0.113131
42 59.1989 0.111686
43 90.9117 0.110375
44 55.0719 0.111157
45 42.4042 0.109573
46 37.2862 0.11397
47 77.6775 0.113678
48 71.6411 0.113112
49 49.1852 0.113434
50 77.7691 0.112431
51 71.7362 0.117943
52 57.9415 0.116657
53 63.898 0.115813
54 72.4755 0.112635
55 70.2976 0.114657
56 64.4097 0.115806
57 79.0942 0.114188
58 62.2635 0.113682
59 78.9846 0.115132
60 53.1181 0.120835
61 82.2317 0.115256
62 51.8691 0.120522
63 61.5815 0.114331
64 68.0003 0.111681
65 33.3719 0.111413
66 66.222 0.106733
67 60.4587 0.106984
68 52.5957 0.109919
69 55.5589 0.114588
70 71.522 0.108614
71 64.38 0.111912
72 59.1964 0.11403
73 48.5304 0.111351
74 37.5286 0.112145
75 50.4528 0.113226
76 51.4945 0.11476
77 68.2498 0.112416
78 35.6607 0.113458
79 60.9432 0.11342
80 41.0415 0.115344
81 48.9753 0.112612
82 54.5326 0.112915
83 42.7886 0.1153
84 61.1009 0.11759
85 50.8422 0.112864
86 48.5589 0.111767
87 56.5838 0.117672
88 41.4548 0.116153
89 51.5759 0.112529
90 51.2676 0.114087
91 71.941 0.114366
92 36.0505 0.114957
93 56.2639 0.113649
94 35.4014 0.114635
95 35.4014 0.114635
