0 29.284 0.110791
1 35.2254 0.121581
2 32.2516 0.115934
3 23.672 0.111707
4 40.2622 0.110818
5 23.8663 0.113196
6 15.1368 0.115544
7 11.4944 0.114718
8 13.9915 0.113226
9 28.8988 0.111705
10 43.29 0.114326
11 30.83 0.114547
12 40.8537 0.117465
13 25.6833 0.112269
14 -3.4361 0.116789
15 16.6529 0.116115
16 -3.06052 0.231838
17 62.3401 0.11747
18 45.0121 0.114647
19 50.8608 0.119713
20 -0.625786 0.122879
21 2.47746 0.120223
22 38.0775 0.121203
23 0.836741 0.11785
24 27.992 0.120393
25 24.6207 0.115302
26 38.2794 0.115549
27 22.4491 0.122016
28 19.3885 0.11614
29 16.6881 0.120283
30 36.1143 0.117502
31 16.7737 0.117552
32 -12.7199 0.116359
33 13.3415 0.113
34 -18.9246 0.110365
35 10.5539 0.118427
36 -4.30316 0.11067
37 1.00672 0.10955
38 -7.06388 0.112634
39 -20.5562 0.109794
40 -33.9304 0.110391
41 -3.89749 0.112541
42 -21.7468 0.114086
43 -26.2322 0.11324
44 -13.7766 0.112608
45 -34.8721 0.113607
46 8.98614 0.112785
47 15.3673 0.114032
48 -29.3204 0.119346
49 -16.6414 0.115056
50 -46.0356 0.1165
51 -12.1871 0.118826
52 -31.338 0.114686
53 -28.3194 0.119825
54 -1.3014 0.113469
55 -45.9745 0.111956
56 -13.8057 0.123395
57 -33.1819 0.121788
58 -25.6229 0.115243
59 -13.6674 0.117909
60 -39.2742 0.121286
61 -19.5227 0.125601
62 -26.1888 0.122045
63 -29.8036 0.116695
64 34.1845 0.108735
65 39.1834 0.11163
66 42.2222 0.111641
67 21.9858 0.112142
68 39.6274 0.109178
69 48.2599 0.109915
70 55.835 0.112691
71 65.4137 0.111157
72 43.9578 0.11074
73 15.2 0.110238
74 43.4107 0.111854
75 51.8056 0.112221
76 19.2049 0.112477
77 41.948 0.117647
78 64.7046 0.116822
79 56.0388 0.114471
80 27.6665 0.126
81 25.8187 0.123092
82 12.2394 0.12275
83 49.0949 0.113505
84 23.889 0.115692
85 30.5377 0.113316
86 24.7902 0.115532
87 45.6461 0.118923
88 31.1436 0.115179
89 40.1681 0.116555
90 38.4293 0.119045
91 28.9536 0.121031
92 47.4213 0.116579
93 9.2664 0.111903
94 14.1815 0.117505
95 14.1815 0.117505
