0 10.0158 0.117025
1 -9.1511 0.117536
2 33.4316 0.117709
3 12.1912 0.1163
4 9.2783 0.117923
5 -3.033 0.11821
6 17.5167 0.121648
7 10.6081 0.115545
8 13.378 0.116911
9 4.11608 0.117869
10 6.01402 0.120761
11 24.2911 0.119063
12 7.53295 0.118434
13 6.53157 0.118629
14 19.9296 0.117217
15 -7.98155 0.116577
16 -12.5877 0.122079
17 25.8052 0.123404
18 -15.4086 0.12012
19 5.72144 0.119076
20 15.9164 0.11848
21 10.3146 0.117685
22 8.46999 0.120171
23 10.4749 0.122361
24 21.3476 0.117873
25 -3.57142 0.117211
26 6.14226 0.120701
27 -6.78876 0.118438
28 1.75421 0.124018
29 19.6203 0.120676
30 -12.4609 0.121766
31 -1.6402 0.122433
32 40.4124 0.121456
33 26.8932 0.117656
34 25.5234 0.117839
35 9.88986 0.119965
36 32.6402 0.119574
37 24.6568 0.120646
38 0.69021 0.118063
39 29.2268 0.119181
40 16.7851 0.117896
41 50.0121 0.121695
42 38.2841 0.120162
43 32.6845 0.120368
44 15.8017 0.117017
45 7.54309 0.120679
46 46.3192 0.116043
47 48.1008 0.120044
48 17.4064 0.12039
49 42.3817 0.116397
50 22.9962 0.119093
51 21.4033 0.120823
52 48.0798 0.118222
53 27.6472 0.120117
54 30.0247 0.120783
55 21.2008 0.122005
56 17.3966 0.120096
57 2.78108 0.120337
58 -8.07732 0.119936
59 24.5447 0.120338
60 13.8825 0.119465
61 0.131713 0.123095
62 52.4416 0.12136
63 -2.2937 0.122821
64 44.5967 0.111851
65 -1.20313 0.115302
66 2.78573 0.11597
67 5.43412 0.116753
68 20.5569 0.117379
69 38.4035 0.110159
70 40.2184 0.114916
71 -16.169 0.113652
72 -8.63443 0.11043
73 16.5373 0.111565
74 -6.13842 0.113747
75 32.0539 0.120202
76 -20.6756 0.111618
77 -10.8087 0.118912
78 -17.9446 0.114716
79 32.2558 0.116517
80 3.94819 0.113128
81 18.2684 0.11465
82 22.197 0.118615
83 7.46605 0.116449
84 -4.23717 0.113954
85 9.87385 0.116561
86 20.0994 0.119161
87 14.9396 0.116922
88 4.59719 0.114207
89 11.2325 0.115914
90 -9.87578 0.116409
91 15.353 0.116813
92 29.5766 0.117045
93 -7.48302 0.118229
94 1.12328 0.11767
95 1.12328 0.11767
