0 -51.9039 0.112769
1 -24.9731 0.114283
2 -49.047 0.113927
3 -36.1392 0.114221
4 -36.2326 0.114002
5 -33.5282 0.113112
6 -27.1798 0.114605
7 -48.1717 0.112155
8 -58.7333 0.105935
9 -65.0457 0.111243
10 -45.9339 0.112172
11 -20.202 0.1158
12 -47.893 0.118743
13 -42.7255 0.117355
14 -58.0727 0.111046
15 -47.5435 0.112457
16 -33.1693 0.119555
17 -76.5438 0.112531
18 -55.5043 0.114738
19 -70.6838 0.112086
20 -51.2026 0.116244
21 -45.8673 0.112408
22 -39.6036 0.119788
23 -47.679 0.114525
24 -42.4522 0.120816
25 -83.1181 0.119516
26 -57.5288 0.115008
27 -40.726 0.118832
28 -56.0012 0.119361
29 -57.5098 0.115978
30 -57.3554 0.115405
31 -70.9019 0.118795
32 -56.0567 0.11062
33 -67.2529 0.109522
34 -70.6518 0.110499
35 -92.7508 0.113434
36 -65.6842 0.107979
37 -59.7743 0.113027
38 -74.2206 0.113437
39 -50.6189 0.106581
40 -42.7466 0.116593
41 -47.5192 0.109847
42 -46.9052 0.112503
43 -87.1721 0.115882
44 -49.5824 0.117539
45 -59.7962 0.114215
46 -83.3335 0.112367
47 -38.7985 0.115401
48 -76.4561 0.111491
49 -72.419 0.109895
50 -90.3804 0.112632
51 -55.7443 0.1124
52 -68.6479 0.115649
53 -71.6111 0.1128
54 -73.4004 0.109712
55 -63.2072 0.114854
56 -55.2478 0.115616
57 -72.7685 0.117779
58 -51.2328 0.117071
59 -72.9366 0.10974
60 -72.7455 0.109331
61 -70.2208 0.115276
62 -73.3408 0.113653
63 -100.091 0.111859
64 -32.6749 0.235535
65 -30.2121 0.109277
66 -23.6267 0.113937
67 -59.9667 0.109917
68 -34.4789 0.11476
69 -53.2813 0.233288
70 -30.0596 0.112874
71 -28.8507 0.117797
72 -32.7528 0.1158
73 -46.9082 0.108887
74 -35.6628 0.112762
75 -49.1621 0.113793
76 -45.1671 0.117077
77 -32.0369 0.111212
78 -29.8693 0.12064
79 -40.5198 0.112077
80 -45.8085 0.113923
81 -39.0491 0.117894
82 -3.86853 0.119289
83 -36.9323 0.11965
84 -44.2705 0.122014
85 -37.4145 0.114249
86 -41.8208 0.120036
87 -32.2811 0.115967
88 -46.4272 0.113596
89 -67.0678 0.109921
90 -55.5272 0.115927
91 -58.1167 0.11286
92 -49.652 0.117819
93 -51.0712 0.118393
94 -53.7634 0.119893
95 -53.7634 0.119893
