0 30.8117 0.113138
1 39.4089 0.107993
2 28.961 0.111224
3 39.3099 0.108669
4 4.78342 0.114527
5 32.097 0.105428
6 41.0546 0.107542
7 45.7324 0.112163
8 28.8049 0.112809
9 13.1885 0.111856
10 35.191 0.108479
11 34.2424 0.108612
12 34.3234 0.116184
13 13.9882 0.109423
14 45.5243 0.112377
15 39.8167 0.112235
16 43.9692 0.109539
17 3.80648 0.114869
18 12.9862 0.10979
19 31.4132 0.112492
20 34.6824 0.113752
21 40.9516 0.112389
22 9.11176 0.110733
23 43.7942 0.114964
24 48.704 0.115409
25 28.9008 0.111718
26 29.8535 0.115444
27 22.9014 0.112386
28 32.981 0.113874
29 16.9577 0.120444
30 33.5694 0.113139
31 25.5157 0.113112
32 26.1057 0.115712
33 -13.8598 0.110076
34 26.2845 0.11673
35 -4.62268 0.109142
36 15.2017 0.109629
37 12.8899 0.112909
38 7.43217 0.112206
39 15.9583 0.112418
40 22.997 0.115928
41 11.7027 0.112465
42 16.5044 0.115368
43 9.74244 0.111811
44 -0.978083 0.112604
45 2.761 0.117609
46 23.5743 0.116053
47 24.8756 0.115324
48 6.14684 0.116304
49 1.87727 0.118923
50 14.5754 0.117616
51 17.3865 0.113963
52 2.87704 0.11569
53 24.3037 0.120578
54 16.0525 0.122241
55 1.74344 0.116114
56 -5.70526 0.118356
57 -25.8329 0.119735
58 15.1562 0.11951
59 -4.25411 0.115603
60 -2.53041 0.123865
61 21.7069 0.119706
62 15.7638 0.12023
63 1.99228 0.121469
64 65.8292 0.110817
65 64.31 0.111446
66 58.1829 0.113543
67 51.7663 0.112358
68 38.2514 0.109942
69 60.7862 0.114305
70 74.9646 0.11674
71 68.045 0.113988
72 65.7547 0.112825
73 66.4677 0.108638
74 76.4731 0.111689
75 71.067 0.111591
76 49.0213 0.116005
77 52.5618 0.117419
78 39.027 0.113966
79 65.3277 0.1115
80 74.6389 0.118586
81 40.8942 0.11636
82 61.9999 0.117141
83 44.0009 0.114262
84 57.1661 0.116691
85 57.185 0.113545
86 42.0407 0.117847
87 61.1507 0.118523
88 47.5932 0.116198
89 36.249 0.117753
90 67.0788 0.11776
91 46.1403 0.120629
92 63.1973 0.119254
93 44.2997 0.117919
94 60.8378 0.122487
95 60.8378 0.122487
