0 3.1523 0.115689
1 -19.4732 0.114477
2 -2.57876 0.113823
3 -4.74292 0.110708
4 -22.7715 0.116993
5 -18.4105 0.119101
6 -20.1529 0.115237
7 -6.33582 0.112834
8 -7.78713 0.113581
9 -0.567783 0.116676
10 -24.9489 0.120789
11 -19.0495 0.116744
12 -4.62147 0.115441
13 -52.3613 0.113121
14 -24.7746 0.119662
15 -23.565 0.120071
16 -38.3205 0.118758
17 -43.3159 0.114288
18 -18.8165 0.117143
19 -6.11341 0.121135
20 -20.8075 0.117273
21 -4.42574 0.116665
22 -31.7952 0.120752
23 -6.2852 0.11793
24 -15.1887 0.121029
25 -26.0792 0.121612
26 -14.0518 0.119093
27 -16.134 0.120091
28 -26.7896 0.117733
29 8.68592 0.116534
30 -0.627671 0.120469
31 -35.6252 0.121035
32 -30.6172 0.111852
33 -36.9852 0.110539
34 -16.2256 0.110997
35 -46.7997 0.108716
36 -28.3183 0.110448
37 -23.381 0.107201
38 -33.9138 0.110455
39 -48.97 0.11132
40 -24.6721 0.110536
41 -11.3318 0.112422
42 -32.1965 0.109777
43 -34.2636 0.108657
44 -45.5805 0.109298
45 -33.2148 0.114906
46 -31.2974 0.112732
47 -46.8064 0.110134
48 -46.4896 0.113547
49 -46.6117 0.11372
50 -31.8468 0.11438
51 -31.7678 0.111999
52 -51.3081 0.113459
53 -22.8076 0.115488
54 -46.8589 0.109222
55 -19.1552 0.115314
56 -37.8417 0.111398
57 -40.333 0.113159
58 -21.6456 0.112878
59 -37.3382 0.11447
60 -47.2095 0.112347
61 -34.8673 0.108361
62 -43.6003 0.113314
63 -37.7394 0.11493
64 35.775 0.113547
65 19.1121 0.112771
66 7.17788 0.114131
67 19.8341 0.110682
68 28.9343 0.11322
69 22.3278 0.116053
70 35.8095 0.116689
71 52.8307 0.110418
72 19.9789 0.115658
73 7.85789 0.113797
74 34.6056 0.117938
75 40.8021 0.112274
76 25.1394 0.116858
77 24.0545 0.111759
78 33.3662 0.111303
79 18.9333 0.115697
80 48.4018 0.115725
81 27.0809 0.22398
82 0.909666 0.116703
83 43.1887 0.120108
84 20.5324 0.119502
85 7.55873 0.116798
86 14.1405 0.115068
87 15.157 0.118397
88 20.8957 0.119594
89 30.8588 0.120794
90 48.5242 0.121114
91 15.4128 0.113207
92 45.1007 0.117396
93 23.8819 0.121853
94 41.7576 0.11745
95 41.7576 0.11745
