0 -35.5344 0.110962
1 -36.974 0.119636
2 -24.3897 0.114225
3 -7.16835 0.119674
4 -4.55441 0.115619
5 -25.6192 0.115892
6 -24.3261 0.112126
7 -30.5077 0.112773
8 -13.9677 0.113864
9 -24.3287 0.116397
10 -30.5246 0.114044
11 -33.8575 0.120423
12 -30.9758 0.121081
13 -17.643 0.11224
14 -46.475 0.11641
15 -32.9301 0.114629
16 -23.0779 0.116345
17 -30.5254 0.117092
18 -39.8556 0.118114
19 -17.9 0.117538
20 1.64495 0.119993
21 -20.6153 0.121533
22 -23.1442 0.117232
23 -34.8935 0.116662
24 -27.187 0.117703
25 -33.5408 0.116278
26 -11.7368 0.128383
27 -39.3682 0.120837
28 -37.5714 0.124782
29 -26.0289 0.120155
30 -28.571 0.118512
31 -36.3533 0.120424
32 -22.7041 0.113621
33 -17.5303 0.107706
34 -29.03 0.114596
35 -30.0451 0.112665
36 -39.3177 0.110877
37 -7.37284 0.110221
38 -33.3349 0.113574
39 -24.3924 0.116571
40 -15.6477 0.116728
41 -28.5705 0.111128
42 -26.3664 0.115858
43 -8.66992 0.118283
44 -28.8101 0.114599
45 -10.8819 0.112852
46 4.47552 0.112574
47 -24.4722 0.115286
48 -45.7498 0.111117
49 -46.4168 0.114138
50 -23.671 0.112732
51 -9.49806 0.114577
52 -21.5424 0.1151
53 -42.3307 0.114381
54 -11.4236 0.112122
55 -13.8193 0.11738
56 -38.1512 0.114278
57 -19.7695 0.121099
58 -40.3696 0.114783
59 -36.1118 0.116198
60 -34.4756 0.115912
61 -41.7409 0.119521
62 -42.2741 0.12087
63 -20.3364 0.117941
64 61.8231 0.111901
65 55.1944 0.113355
66 66.4505 0.114464
67 96.2763 0.112256
68 103.552 0.112221
69 93.1937 0.115654
70 65.1543 0.114794
71 70.9389 0.111617
72 53.5768 0.112054
73 84.8645 0.119665
74 65.3914 0.111093
75 78.1544 0.116614
76 75.8513 0.112704
77 79.8441 0.117508
78 58.8934 0.116077
79 68.9388 0.111522
80 48.2696 0.118562
81 70.2221 0.117874
82 45.5162 0.118119
83 60.2331 0.11525
84 64.9699 0.114255
85 67.4573 0.114628
86 41.2595 0.115159
87 76.7759 0.115518
88 45.7347 0.118656
89 34.5744 0.116406
90 39.5864 0.118018
91 47.7173 0.117454
92 71.3628 0.115463
93 70.4651 0.116428
94 78.48 0.114486
95 78.48 0.114486
