0 -7.72838 0.121314
1 11.7401 0.111757
2 14.9616 0.116731
3 -17.9976 0.115243
4 -1.90781 0.112531
5 5.83973 0.110634
6 -22.2318 0.118105
7 4.16679 0.115847
8 -0.412313 0.113827
9 19.2751 0.117359
10 21.8492 0.117494
11 -0.0138626 0.113469
12 13.673 0.118303
13 4.13439 0.114833
14 11.5981 0.117104
15 10.9158 0.115621
16 21.9811 0.115687
17 -2.35998 0.114681
18 9.08855 0.117353
19 -3.03153 0.116168
20 7.22256 0.117648
21 0.528614 0.117245
22 5.22602 0.117204
23 -32.7187 0.119886
24 -4.22906 0.115508
25 32.3978 0.122791
26 -0.268689 0.118827
27 12.6207 0.116772
28 -29.6956 0.11844
29 1.46801 0.116813
30 -10.939 0.118953
31 3.8684 0.117286
32 58.414 0.11656
33 17.4291 0.113484
34 70.3386 0.110589
35 29.2783 0.115963
36 37.028 0.114953
37 38.3932 0.114525
38 50.7462 0.114156
39 41.2702 0.119109
40 38.161 0.114454
41 28.9718 0.111275
42 55.9038 0.116111
43 37.416 0.117386
44 51.3054 0.112053
45 23.6012 0.114405
46 23.3037 0.118566
47 31.9223 0.113416
48 50.8241 0.118944
49 30.4842 0.115449
50 47.421 0.116322
51 52.6921 0.113327
52 19.8419 0.119313
53 29.5942 0.115314
54 31.561 0.118239
55 51.9571 0.114573
56 34.0558 0.113849
57 22.6185 0.117231
58 28.6089 0.115733
59 29.9618 0.114057
60 37.9538 0.117267
61 34.9984 0.1223
62 18.7202 0.120496
63 26.5746 0.117477
64 -13.5271 0.114912
65 -1.6067 0.112088
66 7.11042 0.114004
67 -4.17439 0.11491
68 -5.57894 0.119975
69 -11.6461 0.116235
70 -12.1696 0.115146
71 2.98545 0.115413
72 -5.86967 0.11462
73 -6.47552 0.121821
74 14.9669 0.1171
75 -2.12468 0.118931
76 10.5144 0.117987
77 -20.5133 0.116611
78 -0.530421 0.11433
79 3.77235 0.115848
80 -11.2708 0.115229
81 -27.3286 0.11544
82 -10.6471 0.116858
83 -5.95339 0.119384
84 -22.8994 0.118861
85 -9.17505 0.116139
86 -3.9749 0.121142
87 -4.922 0.119388
88 -24.6716 0.123115
89 6.25052 0.118204
90 -1.59657 0.117767
91 -18.3526 0.11652
92 8.92588 0.12181
93 8.35507 0.124203
94 7.05783 0.122409
95 7.05783 0.122409
