0 -60.6737 0.11385
1 -37.5394 0.115205
2 -26.4929 0.11648
3 -50.8659 0.110793
4 -77.943 0.106392
5 -32.2878 0.118589
6 -72.3078 0.114092
7 -76.9391 0.238442
8 -47.0669 0.110891
9 -37.2476 0.115389
10 -41.9853 0.118422
11 -37.5181 0.113139
12 -39.1471 0.117409
13 -30.59 0.120021
14 -33.8167 0.115353
15 -60.9313 0.112283
16 -56.4113 0.113672
17 -64.3365 0.112014
18 -33.4595 0.115966
19 -53.295 0.115937
20 -49.3093 0.116332
21 -49.9541 0.121457
22 -51.6387 0.116012
23 -44.4559 0.118132
24 -67.0096 0.111558
25 -43.7763 0.117226
26 -61.8924 0.112412
27 -49.2389 0.107957
28 -62.2446 0.115893
29 -44.5963 0.113392
30 -55.6647 0.119377
31 -56.4456 0.113243
32 -5.56176 0.114951
33 -35.2845 0.108864
34 -47.1515 0.107311
35 -34.997 0.109433
36 -25.9776 0.115756
37 -35.5345 0.111925
38 -29.8854 0.118665
39 -29.2291 0.109395
40 -28.3099 0.120552
41 -35.0493 0.114145
42 -17.4978 0.119719
43 -49.4342 0.111651
44 -22.3546 0.117016
45 -43.8596 0.112983
46 -36.9085 0.124366
47 -51.0443 0.241181
48 -52.6419 0.11504
49 -45.9153 0.116146
50 -30.5087 0.122283
51 -36.352 0.113731
52 -23.2848 0.12004
53 -45.5113 0.121184
54 -50.6844 0.112132
55 -31.9787 0.119743
56 -45.2642 0.117247
57 -44.8771 0.124255
58 -40.4113 0.116437
59 -47.0075 0.119588
60 -26.9058 0.117218
61 -36.7376 0.125572
62 -47.5505 0.117754
63 -46.9201 0.117846
64 18.496 0.108427
65 26.4361 0.107697
66 28.9118 0.107918
67 21.2634 0.111585
68 34.9694 0.109496
69 20.7831 0.107553
70 37.4843 0.106076
71 23.829 0.113853
72 26.9851 0.108987
73 13.6671 0.11038
74 38.5868 0.113495
75 14.5596 0.107708
76 40.1329 0.107136
77 24.1489 0.111701
78 15.707 0.115209
79 26.1277 0.111062
80 27.9789 0.116892
81 29.6833 0.113274
82 11.0417 0.114232
83 38.738 0.109867
84 23.2051 0.11732
85 22.5373 0.114998
86 10.6632 0.118686
87 16.4412 0.120322
88 43.6894 0.113903
89 4.51448 0.116935
90 18.3441 0.111875
91 22.4717 0.112553
92 18.8795 0.110415
93 15.6906 0.110481
94 -14.0431 0.113025
