0 4.74845 0.113832
1 -15.551 0.115046
2 -38.9216 0.11708
3 -4.04879 0.113278
4 -20.5378 0.117964
5 -23.4663 0.112911
6 -22.7024 0.114168
7 -18.2825 0.112836
8 -13.1308 0.116861
9 -41.6877 0.120449
10 -52.8632 0.115727
11 6.73725 0.113981
12 -26.3296 0.118846
13 -5.07765 0.113854
14 -26.8423 0.116641
15 -2.00999 0.114233
16 -6.55747 0.117755
17 -29.6419 0.122233
18 -1.03851 0.117312
19 -30.9024 0.116888
20 10.8802 0.116002
21 -40.6332 0.118804
22 -8.2619 0.118721
23 -31.7815 0.120592
24 -38.6513 0.114339
25 -16.8758 0.120373
26 -16.2131 0.119098
27 -6.89989 0.121195
28 -12.6693 0.117202
29 6.11289 0.120897
30 -33.5187 0.122139
31 -4.25061 0.120835
32 -66.03 0.116183
33 -72.735 0.10896
34 -81.5355 0.111816
35 -57.2813 0.113636
36 -98.4952 0.118991
37 -95.8426 0.112824
38 -94.5328 0.113651
39 -55.8638 0.113815
40 -57.3413 0.109045
41 -81.8532 0.111454
42 -60.1335 0.113475
43 -76.6393 0.107972
44 -100.791 0.118707
45 -78.0517 0.113334
46 -86.5765 0.113769
47 -45.1046 0.232591
48 -70.1457 0.11276
49 -81.7233 0.11343
50 -110.759 0.113413
51 -60.9052 0.114456
52 -107.508 0.112449
53 -73.0555 0.111287
54 -64.2237 0.109323
55 -71.6038 0.109785
56 -75.6359 0.107203
57 -68.4612 0.11843
58 -76.6635 0.113754
59 -65.878 0.114133
60 -94.1276 0.114403
61 -55.8403 0.118063
62 -70.0781 0.10859
63 -88.2427 0.111196
64 2.40499 0.113304
65 -30.1694 0.113192
66 5.54024 0.1137
67 -53.0646 0.113157
68 -40.7028 0.110919
69 -3.8404 0.11858
70 -17.0183 0.117007
71 -40.3741 0.111685
72 -22.3016 0.11547
73 -38.5097 0.113435
74 -18.8943 0.112271
75 -30.1514 0.118826
76 -36.2706 0.114857
77 -40.2733 0.114447
78 -40.5886 0.1121
79 -20.276 0.110084
80 -23.2443 0.115835
81 -42.8826 0.114578
82 -40.8632 0.118787
83 -43.5604 0.11479
84 -19.1925 0.118071
85 -33.0099 0.113938
86 -31.3638 0.113788
87 -39.5294 0.11727
88 -36.7961 0.117887
89 -28.4986 0.115735
90 5.35489 0.116814
91 -34.5055 0.1182
92 0.76554 0.116122
93 -24.7495 0.117735
94 -32.9397 0.116858
95 -32.9397 0.116858
