0 -32.7206 0.108696
1 -39.2808 0.112027
2 -33.1798 0.112236
3 -40.0945 0.111739
4 -26.4157 0.117757
5 -10.3472 0.111946
6 -18.1051 0.11519
7 -31.836 0.115899
8 -10.297 0.114547
9 -23.1678 0.114221
10 -46.9668 0.113635
11 -23.9712 0.115437
12 -39.6663 0.114531
13 -14.6749 0.114977
14 -15.7073 0.116015
15 2.76387 0.115491
16 -22.5965 0.117977
17 -3.58236 0.117308
18 -26.7476 0.118237
19 -13.6876 0.122724
20 -14.4123 0.116458
21 -38.3828 0.112695
22 -26.6583 0.12003
23 -20.6053 0.124246
24 -31.9553 0.113028
25 -11.7933 0.120653
26 -22.6886 0.115199
27 -38.2415 0.112864
28 -44.3634 0.110816
29 -36.7029 0.113896
30 -21.9207 0.117768
31 -22.661 0.116293
32 -0.273885 0.11128
33 -16.8372 0.108878
34 -21.0832 0.110135
35 -15.862 0.11167
36 -14.5337 0.113639
37 -22.4286 0.114749
38 -19.3212 0.116052
39 -9.14635 0.117271
40 -23.7399 0.113431
41 2.98131 0.113526
42 -21.6602 0.114845
43 9.26459 0.110526
44 -10.3475 0.111048
45 -42.9526 0.110527
46 -24.6344 0.113891
47 -8.14732 0.11216
48 -23.6326 0.113355
49 -20.0799 0.113986
50 -22.3674 0.11455
51 -15.973 0.113708
52 -26.815 0.113498
53 -30.8884 0.111662
54 -10.874 0.112579
55 -13.8212 0.121327
56 1.24357 0.11627
57 -40.698 0.119575
58 -7.45961 0.110753
59 3.72434 0.114031
60 -22.2209 0.117004
61 -11.2457 0.117856
62 -17.1284 0.116714
63 -0.662201 0.116835
64 48.3199 0.113876
65 45.7796 0.116883
66 17.98 0.111222
67 26.2398 0.111161
68 49.1798 0.112301
69 47.5393 0.11023
70 32.2124 0.113899
71 22.3157 0.110891
72 59.4882 0.113172
73 18.2512 0.111665
74 27.7423 0.115928
75 60.5388 0.112323
76 33.0739 0.122946
77 45.2459 0.112442
78 0.914577 0.11662
79 27.2947 0.112741
80 29.6888 0.116455
81 19.0368 0.115915
82 39.5771 0.113377
83 35.3407 0.116995
84 45.2283 0.116153
85 43.8428 0.114077
86 23.6648 0.120499
87 42.9864 0.117822
88 51.3716 0.115869
89 24.7426 0.122739
90 30.5327 0.114224
91 25.1229 0.121939
92 9.95246 0.117328
93 54.0024 0.118728
94 20.1839 0.117917
95 20.1839 0.117917
