0 18.0332 0.117439
1 -25.0529 0.109561
2 8.72634 0.115753
3 35.9363 0.113876
4 -4.43144 0.118494
5 -1.4556 0.112623
6 -42.5845 0.113273
7 -12.6431 0.119586
8 -12.9996 0.115092
9 -20.8742 0.118042
10 -8.18776 0.114908
11 -43.0901 0.112297
12 -13.786 0.119729
13 -11.6934 0.117763
14 -33.9308 0.117357
15 -7.53959 0.118382
16 -26.0726 0.119683
17 -23.3148 0.115386
18 -14.1904 0.118213
19 -17.1457 0.113579
20 -15.2638 0.119298
21 -10.7978 0.120349
22 -25.227 0.122226
23 -8.15424 0.120364
24 -13.6496 0.119637
25 -44.3967 0.121021
26 -34.9327 0.113019
27 -26.759 0.121141
28 -43.3692 0.121791
29 -28.4241 0.119062
30 -18.9935 0.124843
31 -0.852515 0.122047
32 -7.24551 0.110869
33 -44.7836 0.113672
34 -1.95492 0.112372
35 -16.6428 0.108164
36 -22.3962 0.111573
37 4.48853 0.112226
38 -38.7316 0.108162
39 -6.2022 0.113982
40 -4.96555 0.113995
41 -30.2215 0.112377
42 5.31725 0.114964
43 -37.0023 0.11213
44 -6.05017 0.115015
45 -19.9469 0.114137
46 -44.8989 0.109317
47 3.85551 0.116676
48 -7.41488 0.117082
49 -23.7355 0.115855
50 -8.177 0.119654
51 -31.254 0.117398
52 -0.948277 0.117651
53 -6.33278 0.119467
54 -22.9323 0.118958
55 -25.2647 0.116613
56 -23.4184 0.125761
57 -13.1243 0.114551
58 -27.9381 0.112988
59 -16.5069 0.118131
60 -38.2773 0.115054
61 -3.3969 0.115971
62 -35.1697 0.122029
63 -22.185 0.125428
64 50.2476 0.108161
65 39.5018 0.111413
66 64.4668 0.10749
67 26.768 0.113511
68 42.787 0.115994
69 52.15 0.114515
70 74.9237 0.113482
71 21.0426 0.113675
72 53.2712 0.112036
73 42.9918 0.111496
74 35.8612 0.115781
75 51.9455 0.113067
76 65.3741 0.114243
77 49.5612 0.111141
78 42.3764 0.113036
79 28.3951 0.113424
80 21.121 0.113305
81 43.1466 0.114021
82 27.8122 0.115611
83 40.9912 0.114543
84 46.023 0.117244
85 29.7341 0.112838
86 19.7703 0.114509
87 15.4363 0.117262
88 50.6784 0.112172
89 45.7649 0.115011
90 28.4454 0.115049
91 68.4754 0.116705
92 41.6091 0.113601
93 34.4183 0.118564
94 48.402 0.121128
95 48.402 0.121128
