0 -31.0032 0.107041
1 -39.156 0.109793
2 -0.882996 0.112203
3 -9.90558 0.113091
4 -44.3725 0.111487
5 6.64139 0.116329
6 -23.3297 0.107655
7 17.4538 0.110163
8 -33.7006 0.115974
9 -40.0537 0.111416
10 15.1107 0.113553
11 1.96284 0.1176
12 -26.6714 0.115261
13 -12.1613 0.111434
14 -31.4141 0.113239
15 -35.9081 0.11271
16 -26.3304 0.118579
17 -23.8341 0.118689
18 -27.6276 0.114435
19 -33.3636 0.113263
20 -4.2338 0.119469
21 -29.808 0.118087
22 4.93779 0.117591
23 -33.4711 0.11601
24 -27.3751 0.116564
25 -29.6777 0.124929
26 -13.2128 0.123183
27 -31.5686 0.117113
28 -40.9003 0.114154
29 -30.3929 0.116084
30 -33.6734 0.11614
31 -31.6894 0.119954
32 1.75001 0.112036
33 -7.91352 0.111279
34 21.2109 0.110211
35 -11.2688 0.110501
36 4.41279 0.114933
37 -15.1106 0.114782
38 14.9637 0.112434
39 16.6328 0.108689
40 11.4544 0.112872
41 24.1233 0.109117
42 -15.0235 0.115747
43 -2.52422 0.113337
44 -15.3279 0.116041
45 32.9994 0.113294
46 -1.77759 0.112342
47 29.6872 0.114054
48 3.43632 0.115928
49 13.4224 0.115506
50 20.8872 0.113223
51 22.9393 0.112511
52 -4.66212 0.113717
53 -4.39877 0.111757
54 -8.0446 0.112873
55 29.4623 0.123518
56 10.7648 0.115054
57 26.3115 0.115633
58 11.0793 0.122593
59 -4.20624 0.111929
60 31.9012 0.115426
61 4.63878 0.11503
62 9.37958 0.117984
63 -13.3332 0.116096
64 43.5267 0.111597
65 43.578 0.102474
66 59.1053 0.109601
67 78.0461 0.107061
68 64.3852 0.110052
69 55.575 0.108035
70 45.6357 0.116431
71 66.7629 0.109271
72 75.9204 0.112582
73 62.8443 0.113143
74 56.9559 0.106748
75 35.0752 0.114171
76 64.8196 0.11303
77 62.9519 0.111441
78 54.22 0.113417
79 45.5123 0.113319
80 76.0396 0.109756
81 66.2282 0.114331
82 61.4419 0.115288
83 76.5794 0.11441
84 68.0926 0.112064
85 34.0983 0.112727
86 74.1957 0.112762
87 55.6138 0.115984
88 56.1212 0.11087
89 71.5541 0.113966
90 46.7701 0.116235
91 70.5954 0.112489
92 69.4161 0.12074
93 46.555 0.113671
94 43.6088 0.120187
95 43.6088 0.120187
