0 -19.3273 0.118379
1 -3.49708 0.114892
2 -15.9488 0.114172
3 14.1119 0.11869
4 -0.0196999 0.114771
5 -13.8054 0.113897
6 -7.50761 0.116991
7 20.9221 0.11921
8 -8.95298 0.116629
9 20.8257 0.116207
10 -11.6717 0.114197
11 -10.8611 0.117181
12 7.4548 0.115046
13 -10.7088 0.116609
14 -0.333662 0.118814
15 -15.3543 0.113491
16 2.99132 0.117266
17 -22.0585 0.121002
18 -14.8608 0.118537
19 -4.95669 0.115916
20 16.9107 0.120523
21 18.5777 0.1188
22 -15.013 0.121007
23 -32.5939 0.118407
24 -25.7219 0.116504
25 -22.5804 0.119381
26 4.23903 0.119764
27 11.7866 0.118871
28 -14.3438 0.117763
29 -1.69067 0.119174
30 -11.3506 0.121035
31 -22.3879 0.117585
32 20.4341 0.109802
33 42.6435 0.109608
34 85.2435 0.111082
35 30.4751 0.112936
36 37.8629 0.111094
37 79.6918 0.111979
38 35.4324 0.103777
39 65.3602 0.110554
40 40.3551 0.108784
41 49.0663 0.1134
42 47.9909 0.112377
43 40.5776 0.108527
44 39.5877 0.108033
45 60.5206 0.112342
46 34.6304 0.112183
47 41.3411 0.1101
48 43.9589 0.113898
49 58.7854 0.10923
50 9.59233 0.11256
51 24.2075 0.111614
52 31.9679 0.110217
53 44.1152 0.112016
54 44.2979 0.113539
55 10.4848 0.11076
56 30.2924 0.114937
57 29.9901 0.112385
58 23.3856 0.111462
59 28.2982 0.111288
60 35.5238 0.113801
61 54.9564 0.108744
62 25.665 0.112341
63 24.0461 0.109254
64 56.4411 0.109183
65 75.9126 0.108809
66 55.326 0.109639
67 62.5506 0.113054
68 85.0931 0.111974
69 78.0911 0.11317
70 114.991 0.107367
71 72.1868 0.110684
72 80.4021 0.110853
73 53.9175 0.108951
74 58.7819 0.109274
75 108.207 0.113361
76 57.7246 0.108042
77 50.8144 0.109401
78 62.4207 0.113744
79 49.6279 0.110018
80 90.6857 0.111579
81 58.0589 0.110409
82 54.3386 0.113703
83 40.2354 0.114086
84 48.7112 0.11384
85 66.5683 0.110466
86 65.1004 0.114863
87 68.04 0.111089
88 40.4526 0.113211
89 71.25 0.115196
90 60.3388 0.116435
91 55.2747 0.11063
92 42.8605 0.11326
93 46.6649 0.112185
94 50.2673 0.113451
95 50.2673 0.113451
