0 36.9611 0.109386
1 49.6208 0.110442
2 52.7787 0.108957
3 30.8988 0.108645
4 63.132 0.110219
5 69.5926 0.112536
6 18.0324 0.111084
7 46.0836 0.114824
8 36.6956 0.11103
9 29.073 0.111877
10 48.9459 0.115466
11 56.1874 0.112748
12 37.9069 0.111673
13 50.0087 0.115436
14 31.1318 0.126773
15 33.1005 0.118324
16 31.535 0.111612
17 31.4166 0.11253
18 40.8723 0.119404
19 30.4517 0.116822
20 28.9501 0.115365
21 30.3962 0.119521
22 23.798 0.115478
23 16.0968 0.114545
24 31.2196 0.1174
25 55.0563 0.11613
26 36.5238 0.117064
27 23.9192 0.119234
28 42.3852 0.122988
29 28.8207 0.113471
30 37.0942 0.116244
31 16.7848 0.12477
32 48.6931 0.111799
33 28.7898 0.105452
34 2.96276 0.113309
35 7.25475 0.109258
36 40.6284 0.111131
37 63.2982 0.114085
38 34.0589 0.111051
39 41.4038 0.113039
40 33.6166 0.10911
41 30.7068 0.11051
42 26.6499 0.109587
43 16.8862 0.110693
44 17.1784 0.113582
45 23.0023 0.0966476
46 22.1443 0.114615
47 28.2065 0.116434
48 7.35714 0.117582
49 -5.19667 0.114965
50 17.32 0.115744
51 26.0387 0.114807
52 -6.34333 0.12637
53 47.1388 0.114975
54 28.4596 0.115843
55 11.0571 0.121713
56 47.4457 0.114132
57 -1.13674 0.118082
58 10.9168 0.119018
59 27.4578 0.115832
60 36.2661 0.127907
61 19.6233 0.113052
62 13.6492 0.121879
63 29.9245 0.114803
