0 42.1679 0.114895
1 36.9271 0.117653
2 45.2076 0.114564
3 34.6709 0.113268
4 48.3774 0.115094
5 23.6046 0.113269
6 29.5456 0.116119
7 39.4805 0.117156
8 23.7561 0.117
9 49.115 0.114881
10 51.907 0.119708
11 39.264 0.115055
12 32.9564 0.116676
13 47.3299 0.117823
14 23.0534 0.114117
15 43.4767 0.113452
16 44.2768 0.118019
17 23.2709 0.119368
18 15.0142 0.119448
19 23.5488 0.1191
20 31.7487 0.116093
21 62.8258 0.119116
22 23.2532 0.112739
23 44.6409 0.116568
24 21.6867 0.118211
25 8.12154 0.120856
26 49.7836 0.122998
27 14.732 0.121957
28 31.5404 0.120885
29 27.4174 0.124062
30 26.5448 0.122206
31 30.8531 0.119353
32 4.79037 0.107912
33 -17.9847 0.107142
34 21.3494 0.112098
35 -11.1796 0.107603
36 -5.77917 0.111492
37 -16.7854 0.109539
38 5.10863 0.108416
39 -12.1865 0.110352
40 -12.1075 0.109654
41 -4.67479 0.110245
42 -21.975 0.113846
43 -12.5816 0.112282
44 -0.0621674 0.11013
45 -16.3942 0.109588
46 -1.73159 0.110992
47 2.46555 0.112677
48 -10.477 0.111959
49 8.24493 0.112364
50 -4.92894 0.113196
51 -19.6913 0.114793
52 -10.2705 0.112179
53 6.73034 0.116789
54 -1.07771 0.110968
55 -33.6862 0.118495
56 -0.198369 0.117604
57 -12.5075 0.116714
58 18.5898 0.11083
59 -0.65067 0.111659
60 5.22484 0.113061
61 0.558396 0.113804
62 -4.10615 0.119911
63 1.1254 0.114971
64 13.0594 0.112542
65 27.0024 0.112051
66 53.51 0.111177
67 58.558 0.108512
68 25.9978 0.112063
69 31.6659 0.110587
70 45.5603 0.108081
71 34.0229 0.110839
72 23.7259 0.110758
73 28.6331 0.113674
74 11.8423 0.110357
75 25.1648 0.117754
76 28.6135 0.113171
77 16.4161 0.110882
78 16.9206 0.110833
79 43.146 0.114288
80 27.6822 0.111723
81 44.8098 0.112104
82 -10.3222 0.119199
83 31.986 0.123268
84 43.3565 0.113315
85 11.8441 0.118071
86 21.2977 0.11784
87 4.68447 0.11334
88 12.088 0.111686
89 -3.24118 0.116343
90 41.743 0.113777
91 23.6151 0.1151
92 35.3833 0.122514
93 -2.06917 0.124054
94 19.4987 0.118149
95 19.4987 0.118149
