0 -60.3087 0.108246
1 -31.9676 0.107392
2 -62.5672 0.112051
3 -48.283 0.112474
4 -50.8787 0.109992
5 -20.3138 0.109293
6 -61.9309 0.110342
7 -46.0637 0.115793
8 -44.3539 0.112781
9 -81.7018 0.112609
10 -80.751 0.108581
11 -74.3115 0.110827
12 -101.669 0.116854
13 -39.002 0.112509
14 -70.5234 0.113437
15 -89.2997 0.110008
16 -72.8181 0.104335
17 -36.452 0.116363
18 -51.6615 0.109924
19 -94.2389 0.116554
20 -46.3695 0.114923
21 -40.1907 0.113711
22 -64.2025 0.112126
23 -30.4406 0.113687
24 -44.3874 0.114112
25 -57.5181 0.115448
26 -57.5181 0.115448
27 -69.7077 0.114182
28 -62.2756 0.112591
29 -48.0843 0.111087
30 -45.388 0.116298
31 -44.2176 0.113474
32 19.8422 0.110542
33 29.2335 0.111631
34 0.38154 0.107396
35 38.3353 0.110849
36 36.9457 0.113223
37 6.62021 0.10788
38 18.1028 0.107064
39 34.025 0.107646
40 46.6281 0.112408
41 48.4368 0.111933
42 7.4956 0.111175
43 31.0848 0.111629
44 32.3424 0.114609
45 21.9931 0.117738
46 -1.53225 0.11075
47 10.8409 0.116334
48 20.9118 0.110739
49 31.4517 0.110844
50 19.5427 0.113621
51 48.9134 0.11276
52 13.1078 0.11892
53 21.2827 0.115488
54 22.7025 0.117936
55 40.5184 0.111959
56 29.1308 0.113838
57 34.2052 0.115976
58 39.6789 0.112697
59 15.3742 0.118041
60 18.0093 0.113326
61 22.2502 0.11349
62 19.2588 0.116454
63 30.7875 0.115756
64 42.8171 0.114332
65 32.0461 0.114022
66 -3.07413 0.116235
67 11.8207 0.112026
68 30.8666 0.111355
69 46.3036 0.11385
70 22.4368 0.116018
71 17.9257 0.111913
72 33.5818 0.115556
73 20.4127 0.117016
74 21.7371 0.116332
75 47.0575 0.115434
76 31.2784 0.115901
77 14.2355 0.114284
78 20.0276 0.117519
79 14.3759 0.117589
80 28.8149 0.117976
81 29.1559 0.113442
82 28.2517 0.116831
83 35.4009 0.117741
84 14.768 0.117018
85 29.04 0.119648
86 31.8295 0.126483
87 28.163 0.116801
88 50.7898 0.122153
89 28.9315 0.11625
90 61.302 0.121079
91 36.206 0.115818
92 13.5749 0.114885
93 26.6035 0.121214
94 21.1249 0.122068
95 21.1249 0.122068
