0 21.6156 0.110796
1 27.4178 0.108774
2 32.8687 0.107299
3 28.7081 0.108455
4 3.79476 0.109668
5 0.711749 0.108514
6 17.6221 0.112337
7 8.20196 0.109673
8 30.1449 0.110367
9 -3.96527 0.108496
10 28.7494 0.113552
11 -9.85424 0.111521
12 28.9776 0.114789
13 0.126909 0.114366
14 24.819 0.115974
15 5.04634 0.111842
16 -12.4028 0.112559
17 1.87316 0.114643
18 15.5378 0.112819
19 0.271793 0.115831
20 -5.83942 0.118025
21 4.53051 0.115764
22 23.1476 0.117748
23 19.2172 0.116643
24 -13.3177 0.121183
25 6.6509 0.119649
26 -2.46629 0.110672
27 -25.2341 0.117516
28 -17.0176 0.131035
29 0.935615 0.118868
30 15.5264 0.119587
31 -9.77643 0.116692
32 28.45 0.111505
33 27.9015 0.107607
34 30.865 0.113193
35 41.631 0.112057
36 10.7405 0.111045
37 35.5288 0.109383
38 18.4007 0.114427
39 24.3283 0.108797
40 22.5434 0.117061
41 19.0685 0.109958
42 22.1427 0.116082
43 28.3511 0.109412
44 43.2951 0.110958
45 -8.87519 0.112948
46 25.5583 0.11193
47 45.3571 0.117594
48 34.7281 0.115744
49 30.9317 0.121006
50 13.802 0.117114
51 4.75649 0.116981
52 36.8761 0.112157
53 17.9574 0.114692
54 39.7678 0.117708
55 34.7098 0.112255
56 29.671 0.117254
57 3.62541 0.119378
58 41.4232 0.118943
59 4.34075 0.118492
60 -25.2777 0.118504
61 21.6566 0.115001
62 33.1586 0.115545
63 10.9277 0.11741
64 71.7674 0.106593
65 63.8553 0.107884
66 33.9026 0.104658
67 64.2738 0.109414
68 35.5377 0.108406
69 58.3027 0.108068
70 51.0876 0.105371
71 72.9771 0.11372
72 79.4872 0.107919
73 51.5656 0.106148
74 53.0347 0.110729
75 36.7482 0.108498
76 40.1053 0.105768
77 45.1367 0.106859
78 33.2448 0.106959
79 40.7388 0.117542
80 45.4025 0.109208
81 48.4514 0.113853
82 51.744 0.113785
83 57.8866 0.112772
84 53.6939 0.110599
85 44.0696 0.116074
86 35.7183 0.11534
87 58.9211 0.110268
88 46.899 0.112948
89 22.7327 0.10868
90 39.945 0.120931
91 34.6554 0.114934
92 51.5779 0.110423
93 42.6493 0.122331
94 17.516 0.115463
95 51.9903 0.11259
