0 36.9661 0.113857
1 -1.11715 0.110475
2 39.6001 0.112411
3 18.0797 0.110896
4 -6.29628 0.113716
5 23.7132 0.112155
6 23.8491 0.115391
7 17.9732 0.114807
8 33.5448 0.114111
9 -0.960487 0.116815
10 28.2835 0.117226
11 21.4196 0.113459
12 30.5005 0.113138
13 36.3093 0.11814
14 13.4813 0.113735
15 36.4653 0.109042
16 25.3703 0.113905
17 35.8101 0.117554
18 22.9018 0.115041
19 4.1554 0.119238
20 22.2096 0.114726
21 -11.6059 0.114127
22 24.7118 0.118377
23 19.2736 0.117051
24 -6.25254 0.115409
25 12.1031 0.11631
26 3.873 0.117987
27 -1.85989 0.116123
28 -13.1204 0.116731
29 30.3796 0.121552
30 -10.2564 0.116937
31 -4.5041 0.118413
32 -46.4676 0.112864
33 -19.5015 0.236436
34 -63.0712 0.112099
35 -41.7519 0.114073
36 -34.2493 0.11398
37 -31.9835 0.114451
38 -47.596 0.116129
39 -58.3635 0.111615
40 -40.0247 0.112185
41 -64.5971 0.116851
42 -49.5703 0.112425
43 -16.1488 0.114567
44 -66.7785 0.114924
45 -30.2616 0.116968
46 -14.0327 0.115078
47 -43.9226 0.116263
48 -34.2634 0.114833
49 -50.3395 0.114019
50 -44.7608 0.115584
51 -35.9757 0.119308
52 -28.6094 0.119149
53 -40.4736 0.11761
54 -54.1418 0.114622
55 -38.3451 0.113348
56 -43.368 0.116961
57 -42.7274 0.119598
58 -29.4387 0.12208
59 -40.625 0.116376
60 -36.1665 0.117022
61 -30.8974 0.118328
62 -40.9248 0.124754
63 -16.0178 0.116677
64 5.14114 0.111189
65 -0.364608 0.111365
66 -14.8207 0.107912
67 4.55398 0.104806
68 -6.42992 0.113199
69 6.39073 0.108223
70 -5.76452 0.113515
71 3.22297 0.109653
72 -7.96916 0.108662
73 -4.63267 0.111282
74 23.0482 0.113052
75 14.6638 0.108672
76 14.9534 0.108549
77 5.1072 0.112975
78 -1.99491 0.11412
79 12.8857 0.109222
80 10.8211 0.10937
81 16.9247 0.115177
82 -4.4202 0.111373
83 -16.2809 0.110716
84 -0.652773 0.113124
85 2.7058 0.112779
86 -20.3261 0.112587
87 0.6381 0.112141
88 2.49023 0.11256
89 -14.7103 0.10946
90 -23.3001 0.113199
91 15.1269 0.112027
92 2.82195 0.117769
93 19.5158 0.113678
94 -8.21565 0.114258
95 -8.21565 0.114258
