0 22.661 0.112778
1 47.3368 0.117107
2 51.9413 0.113476
3 33.9242 0.1144
4 35.6227 0.11796
5 33.9427 0.115723
6 17.9779 0.11262
7 17.1366 0.113785
8 22.6721 0.111687
9 26.7505 0.116424
10 7.8928 0.111171
11 27.1083 0.112105
12 42.486 0.113861
13 -1.49853 0.114729
14 9.23463 0.116835
15 42.0963 0.116026
16 -3.62121 0.116695
17 -2.83905 0.11424
18 13.9271 0.115356
19 16.1301 0.113902
20 -2.10962 0.11717
21 12.6786 0.11492
22 53.099 0.116613
23 14.623 0.114746
24 36.3487 0.115595
25 19.2552 0.116321
26 3.67856 0.11706
27 12.8254 0.116976
28 19.4776 0.116275
29 26.0143 0.116788
30 19.4455 0.114983
31 29.5751 0.114277
32 18.0445 0.110045
33 16.883 0.108785
34 18.7104 0.110201
35 16.6516 0.108042
36 14.4142 0.11017
37 25.4117 0.107163
38 25.8986 0.108556
39 11.4071 0.109454
40 5.0488 0.110089
41 28.3114 0.112272
42 12.3315 0.109996
43 29.1087 0.108845
44 24.5241 0.11345
45 7.96345 0.117763
46 16.7076 0.11189
47 6.81882 0.111727
48 14.0439 0.11249
49 8.26211 0.111168
50 18.368 0.11391
51 7.01283 0.115444
52 44.307 0.115524
53 11.4219 0.114507
54 13.741 0.115337
55 7.57271 0.112914
56 27.1666 0.113527
57 16.0028 0.117301
58 21.7644 0.11336
59 1.28144 0.115033
60 12.4598 0.115824
61 9.99677 0.113829
62 -1.83326 0.114761
63 17.0492 0.113059
