0 37.8783 0.116104
1 43.9312 0.11115
2 16.5478 0.113361
3 56.0238 0.113176
4 26.0996 0.110366
5 34.9249 0.114779
6 33.2831 0.112785
7 41.4849 0.112034
8 32.2443 0.114499
9 20.6289 0.115652
10 30.7341 0.117403
11 49.8133 0.111017
12 16.4537 0.11545
13 37.9794 0.109975
14 33.9985 0.116373
15 18.9821 0.113439
16 60.8853 0.113186
17 22.1634 0.114411
18 59.2172 0.114294
19 23.1241 0.115611
20 28.8984 0.11213
21 27.9893 0.11842
22 34.5723 0.115077
23 34.1116 0.113725
24 39.8964 0.112545
25 43.628 0.1186
26 6.01063 0.118413
27 5.0028 0.117651
28 24.0163 0.117731
29 16.3875 0.117835
30 47.7093 0.119956
31 25.1235 0.118332
32 48.0242 0.11465
33 49.1636 0.111264
34 38.7638 0.116749
35 36.8006 0.109696
36 55.1158 0.11157
37 57.4721 0.115307
38 26.4977 0.114009
39 59.0625 0.109258
40 26.3579 0.112814
41 31.1383 0.114899
42 25.4699 0.11724
43 26.6874 0.115568
44 17.9242 0.118902
45 18.942 0.114329
46 53.7949 0.120262
47 32.8686 0.115646
48 20.1687 0.119448
49 55.1334 0.115946
50 18.3446 0.114856
51 37.8636 0.118808
52 57.269 0.113957
53 34.1087 0.119469
54 31.535 0.113981
55 23.2952 0.116309
56 23.3874 0.115071
57 43.9625 0.12072
58 29.9759 0.117703
59 34.5227 0.118091
60 48.6094 0.116077
61 15.1109 0.120067
62 33.1016 0.120448
63 26.6984 0.116189
64 -43.0274 0.114436
65 -37.7246 0.113712
66 -13.0016 0.117582
67 -4.52619 0.116289
68 -29.3217 0.115802
69 -29.7671 0.117319
70 -42.5997 0.114306
71 -40.7212 0.112411
72 -66.7341 0.113779
73 -28.2403 0.116066
74 -20.599 0.121922
75 -28.1897 0.119001
76 -35.927 0.121699
77 -38.4895 0.11576
78 -32.5306 0.117837
79 -26.4503 0.118387
80 -41.6413 0.114376
81 -22.0666 0.119155
82 -23.568 0.11659
83 8.34081 0.11744
84 -13.1863 0.124203
85 -34.1349 0.12049
86 -14.1897 0.121234
87 -29.9291 0.117033
88 -27.2619 0.118341
89 -33.1774 0.116878
90 -46.1351 0.118233
91 -42.8504 0.11934
92 -46.523 0.116842
93 -37.0408 0.123464
94 -23.8883 0.121703
95 -23.8883 0.121703
