0 46.1046 73.3802 40
1 44.4475 84.4547 40
2 46.4131 71.9034 40
3 46.7092 64.731 40
4 43.7925 68.7499 40
5 46.3229 77.2083 40
6 44.9629 98.8993 40
7 47.8915 63.5916 40
8 45.4067 83.3694 40
9 45.129 80.2649 40
10 44.5363 71.8873 40
11 46.8554 103.307 40
12 44.9808 83.3207 40
13 46.7394 78.2287 40
14 45.3429 66.1101 40
15 46.0061 86.869 40
16 46.2651 106.559 40
17 46.3695 106.744 40
18 46.6911 82.8857 40
19 45.8351 65.1768 40
20 41.1837 76.4244 40
21 46.5999 96.0746 40
22 44.7511 63.382 40
23 45.1953 93.2136 40
24 46.4844 75.287 40
25 45.127 98.602 40
26 44.8137 93.5674 40
27 45.053 78.7376 40
28 47.724 90.8564 40
29 46.8053 105.592 40
30 46.029 85.0298 40
31 45.4868 81.482 40
32 47.8842 89.3486 40
33 48.2729 62.2279 40
34 48.7461 92.554 40
35 46.5746 96.0285 40
36 47.4365 62.3776 40
37 45.784 55.4476 40
38 46.4297 67.9545 40
39 45.5506 90.7868 40
40 43.8308 50.6836 40
41 45.9351 89.1765 40
42 45.4127 79.1467 40
43 45.9504 55.9603 40
44 46.006 67.5731 40
45 46.6949 51.7712 40
46 46.6794 57.0129 40
47 45.6073 86.4609 40
48 44.8136 51.0787 40
49 45.0272 66.8111 40
50 45.0985 96.978 40
51 46.5689 97.2985 40
52 45.1982 72.8942 40
53 47.4294 58.0605 40
54 46.5193 88.3397 40
55 46.114 89.7791 40
56 45.6915 87.3486 40
57 47.0354 84.4996 40
58 45.987 65.3987 40
59 47.0835 58.8207 40
60 45.5508 92.3792 40
61 44.627 82.2068 40
62 44.6839 97.9745 40
63 46.9257 55.2041 40
64 50.2774 102.642 40
65 51.6172 116.389 40
66 50.5547 101.024 40
67 49.2244 102.962 40
68 48.7817 110.932 40
69 49.311 95.5574 40
70 48.9717 100.212 40
71 49.4136 98.1035 40
72 48.9503 103.91 40
73 48.5152 107.99 40
74 49.4294 101.245 40
75 48.2051 103.411 40
76 47.0835 109.958 40
77 49.4463 98.3814 40
78 50.875 114.682 40
79 48.3047 65.1788 40
80 48.7643 94.3881 40
81 49.939 91.3023 40
82 48.3585 114.132 40
83 49.2839 105.16 40
84 47.9713 86.3279 40
85 50.2679 84.0336 40
86 49.5516 117.384 40
87 49.8659 80.1623 40
88 49.3412 85.5894 40
89 48.9318 103.046 40
90 50.3006 109.509 40
91 49.7488 115.108 40
92 49.9273 121.975 40
93 49.65 114.807 40
94 48.1729 101.173 40