0 50.7351 119.557 40
1 49.5354 141.897 40
2 49.6999 85.0874 40
3 49.1457 96.1372 40
4 48.7983 122.502 40
5 49.4524 111.014 40
6 49.7132 116.248 40
7 49.4258 107.599 40
8 51.456 116.251 40
9 51.2147 99.5082 40
10 52.1534 123.322 40
11 51.9791 118.483 40
12 50.8752 95.0645 40
13 51.1037 113.059 40
14 54.143 75.0047 40
15 51.4804 75.8562 40
16 51.4065 98.3773 40
17 50.3328 93.5872 40
18 51.0362 110.168 40
19 50.4009 104.577 40
20 51.7802 117.77 40
21 52.0782 53.0083 40
22 50.8528 94.972 40
23 51.0649 110.636 40
24 51.8228 125.141 40
25 50.4048 109.098 40
26 50.2645 83.2383 40
27 50.8916 109.674 40
28 51.0277 73.8177 40
29 50.0707 105.582 40
30 50.8976 61.8291 40
31 52.4566 63.6419 40
32 52.5236 168.696 40
33 51.501 175.017 40
34 53.0042 173.089 40
35 51.0732 174.807 40
36 52.3487 167.539 40
37 51.2771 169.969 40
38 52.626 174.399 40
39 52.6303 144.82 40
40 50.6388 162.774 40
41 51.1266 144.192 40
42 51.038 159.193 40
43 52.1354 176.606 40
44 49.8032 156.751 40
45 49.959 117.538 40
46 50.1982 147.7 40
47 51.7864 177.336 40
48 50.6717 164.429 40
49 49.8997 164.48 40
50 49.8304 163.463 40
51 50.3651 166.897 40
52 50.991 177.257 40
53 49.9489 176.429 40
54 50.7501 164.827 40
55 51.1316 169.893 40
56 50.0974 157.533 40
57 51.4048 159.302 40
58 49.1688 150.883 40
59 50.3374 123.035 40
60 50.8471 185.903 40
61 51.1762 117.669 40
62 49.4445 169.391 40
63 49.5655 173.459 40
64 51.4959 71.1661 40
65 48.8271 68.1202 40
66 49.0262 63.2304 40
67 48.7334 83.1526 40
68 49.6542 69.7648 40
69 50.4476 99.3328 40
70 50.0686 74.993 40
71 48.8383 57.6424 40
72 50.0642 60.1038 40
73 50.3017 93.8069 40
74 49.3246 56.8537 40
75 48.6473 73.8258 40
76 48.1929 85.9569 40
77 49.5674 89.8445 40
78 48.9162 72.0423 40
79 49.2928 83.97 40
80 46.9291 75.8413 40
81 49.1894 84.3969 40
82 49.121 85.2464 40
83 48.6926 79.926 40
84 47.7092 79.771 40
85 48.754 76.9803 40
86 47.1177 70.2413 40
87 48.1392 58.8147 40
88 48.6653 98.2885 40
89 47.1741 66.5789 40
90 49.1102 71.2245 40
91 49.381 71.3974 40
92 46.3645 71.5198 40
93 47.3519 80.5034 40
94 47.4678 82.1842 40
95 46.5337 85.3583 40