0 49.7459 75.5413 40
1 49.7035 74.2747 40
2 49.3617 74.4474 40
3 48.8289 90.6166 40
4 48.1993 82.054 40
5 49.4953 99.234 40
6 48.2163 54.304 40
7 48.2021 91.4926 40
8 47.825 78.9298 40
9 48.5141 67.5693 40
10 47.1866 75.9904 40
11 47.4829 93.4504 40
12 47.6628 57.1314 40
13 48.3805 74.4743 40
14 46.8125 77.0303 40
15 45.7821 92.8995 40
16 46.5973 71.1235 40
17 47.9525 68.641 40
18 46.4916 65.0617 40
19 47.2167 76.6842 40
20 47.6009 84.6307 40
21 46.5954 83.3379 40
22 48.4529 72.456 40
23 45.1348 95.284 40
24 45.9496 80.9898 40
25 45.3995 93.3014 40
26 47.6609 66.6723 40
27 45.248 79.918 40
28 45.1686 92.0039 40
29 47.2752 77.3089 40
30 46.3591 75.9116 40
31 46.5625 80.8484 40
32 47.004 106.202 40
33 47.6448 112.4 40
34 46.1887 111.282 40
35 46.2157 67.3239 40
36 46.515 117.785 40
37 46.1417 123.405 40
38 46.2791 107.923 40
39 45.1434 109.249 40
40 45.7734 89.0705 40
41 45.5349 113.253 40
42 46.553 124.423 40
43 45.9109 104.041 40
44 44.6638 97.9945 40
45 46.2534 128.267 40
46 45.9791 61.3169 40
47 46.0265 128.59 40
48 46.0643 64.6648 40
49 45.4664 60.7884 40
50 45.4623 122.669 40
51 44.7079 101.195 40
52 44.0565 92.509 40
53 45.2068 77.7866 40
54 45.4472 88.5622 40
55 44.6249 109.448 40
56 44.2837 123.294 40
57 43.7317 121.335 40
58 44.5823 119.885 40
59 43.7468 94.7061 40
60 44.9962 97.1306 40
61 44.8167 105.601 40
62 44.906 107.172 40
63 44.5128 108.309 40
64 46.7194 127.399 40
65 47.4221 126.646 40
66 48.0678 144.981 40
67 47.557 134.843 40
68 48.814 120.325 40
69 46.4348 126.154 40
70 46.2751 134.375 40
71 47.3022 140.818 40
72 45.792 117.626 40
73 45.8974 149.166 40
74 45.9244 150.831 40
75 48.8365 148.671 40
76 45.6514 137.018 40
77 46.7583 137.124 40
78 46.7761 136.328 40
79 47.0796 128.396 40
80 45.8403 138.255 40
81 46.3292 124.259 40
82 47.0055 138.613 40
83 45.3659 149.575 40
84 45.1612 139.646 40
85 45.2915 105.048 40
86 43.7933 148.329 40
87 44.5621 149.627 40
88 46.4096 134.548 40
89 44.3078 107.07 40
90 44.7324 141.983 40
91 45.0487 138.085 40
92 45.7452 141.514 40
93 44.7871 116 40
94 44.7443 157.184 40