0 47.9826 50.0847 40
1 48.4357 92.4779 40
2 46.7864 93.4276 40
3 46.8533 74.6544 40
4 46.7174 93.3166 40
5 46.6832 60.3811 40
6 46.2085 91.2093 40
7 46.4619 52.4989 40
8 46.9383 64.8718 40
9 46.3317 71.9422 40
10 46.1047 59.3474 40
11 45.6273 56.3451 40
12 45.8597 62.7741 40
13 45.3777 96.9361 40
14 45.6932 96.8539 40
15 46.0115 67.5571 40
16 45.9928 67.3118 40
17 45.4377 92.7564 40
18 47.2112 63.2548 40
19 47.2956 62.1998 40
20 47.1608 72.8863 40
21 45.8869 95.8532 40
22 47.2873 82.7474 40
23 48.071 64.9877 40
24 46.3991 85.2197 40
25 46.8984 75.6946 40
26 46.9305 66.0496 40
27 44.4155 98.5257 40
28 46.0138 53.498 40
29 45.179 53.2644 40
30 45.6568 57.6988 40
31 46.3093 59.0235 40
32 47.9932 82.4068 40
33 47.985 82.5173 40
34 47.5716 75.8044 40
35 48.0064 89.6193 40
36 47.1749 96.0523 40
37 47.9159 61.0921 40
38 47.3712 67.3558 40
39 47.0274 86.9503 40
40 46.3068 55.4676 40
41 48.8795 56.5426 40
42 47.4679 96.1957 40
43 47.0964 85.6251 40
44 46.3819 66.4972 40
45 47.1444 97.3391 40
46 47.8539 77.058 40
47 48.6212 61.6886 40
48 48.5099 59.4368 40
49 49.1965 102.024 40
50 48.1838 74.8094 40
51 49.091 68.2851 40
52 48.6845 77.6852 40
53 49.0833 73.5314 40
54 48.2087 69.0798 40
55 49.3596 89.6944 40
56 47.3647 88.4988 40
57 47.4236 74.4485 40
58 48.5977 56.8402 40
59 47.4796 60.8621 40
60 47.3464 83.8861 40
61 47.392 91.2117 40
62 48.7228 71.8 40
63 49.0995 63.6694 40
64 48.5441 134.035 40
65 48.7076 78.1199 40
66 48.1822 90.0693 40
67 48.3344 109.457 40
68 46.2204 77.1187 40
69 46.1532 86.7271 40
70 45.6629 115.699 40
71 46.9727 103.445 40
72 47.1705 127.257 40
73 46.6518 89.6154 40
74 46.6049 77.8747 40
75 45.3267 104.741 40
76 45.6242 87.8815 40
77 46.3944 107.29 40
78 46.5041 113.54 40
79 47.0154 126.849 40
80 47.144 125.177 40
81 47.0075 88.4502 40
82 46.5797 126.407 40
83 44.1446 124.123 40
84 45.4265 138.55 40
85 47.5426 90.8773 40
86 47.6192 97.5765 40
87 47.4102 103.823 40
88 47.2546 111.657 40
89 46.7595 81.4236 40
90 47.5643 85.4392 40
91 48.6775 121.786 40
92 45.9054 107.858 40
93 47.8165 97.7894 40
94 46.9562 97.0568 40