0 45.1753 117.089 40
1 46.7613 124.044 40
2 44.8011 82.3574 40
3 44.8153 85.7846 40
4 45.1791 127.487 40
5 44.5898 83.7475 40
6 44.1402 86.7226 40
7 44.7042 128.506 40
8 45.4376 132.741 40
9 43.8357 111.381 40
10 43.7904 85.7481 40
11 44.757 125.044 40
12 43.1655 96.3617 40
13 42.7158 111.425 40
14 43.2605 86.8578 40
15 41.7746 113.228 40
16 43.9681 131.187 40
17 42.4625 117.398 40
18 42.7732 150.056 40
19 43.8025 116.632 40
20 43.5269 111.551 40
21 43.4243 97.2329 40
22 42.312 106.673 40
23 43.9225 120.77 40
24 43.8231 106.671 40
25 42.8519 122.507 40
26 42.357 97.0256 40
27 41.0777 92.4409 40
28 41.7563 110.564 40
29 42.1704 72.8507 40
30 42.4785 108.446 40
31 42.0972 125.073 40
32 45.3368 72.614 40
33 44.1088 91.3045 40
34 46.6578 66.4159 40
35 44.8759 86.3801 40
36 44.7355 89.1595 40
37 44.6865 53.3451 40
38 45.1798 73.487 40
39 46.5237 92.0851 40
40 44.4227 62.9102 40
41 44.8367 62.8649 40
42 45.0384 51.2326 40
43 44.1222 77.6103 40
44 44.7533 51.8203 40
45 43.3484 93.2936 40
46 44.8216 56.1806 40
47 44.2548 76.3924 40
48 44.1102 58.8513 40
49 44.8865 64.1151 40
50 42.5191 94.4535 40
51 45.3345 70.5233 40
52 44.684 61.2052 40
53 43.0693 56.2237 40
54 42.8549 89.1143 40
55 42.4812 81.021 40
56 42.4969 89.3947 40
57 42.128 86.5544 40
58 43.0448 61.0469 40
59 43.2285 92.8681 40
60 44.2773 88.3819 40
61 42.3406 79.6543 40
62 43.4754 64.0963 40
63 43.7535 59.1897 40
64 46.3037 129.618 40
65 45.3629 141.153 40
66 45.1322 115.011 40
67 45.4498 141.182 40
68 44.3703 119.621 40
69 45.4966 152.842 40
70 45.578 126.083 40
71 44.2381 117.898 40
72 45.1003 141.923 40
73 46.137 115.652 40
74 43.3377 92.8505 40
75 44.1906 98.2661 40
76 44.1839 129.595 40
77 43.2284 115.713 40
78 43.6782 134.548 40
79 43.3654 129.47 40
80 43.7262 109.616 40
81 43.9391 120.139 40
82 43.9673 140.235 40
83 43.1566 110.371 40
84 43.0951 114.024 40
85 43.2078 120.388 40
86 43.4515 97.4652 40
87 43.8118 107.994 40
88 43.4231 125.338 40
89 43.3315 141 40
90 42.7914 109.009 40
91 44.5376 135.835 40
92 43.1187 143.215 40
93 42.5589 135.488 40
94 43.5158 120.692 40