0 54.5357 132.361 40
1 50.024 118.801 40
2 52.8556 149.525 40
3 53.546 127.365 40
4 52.15 148.586 40
5 53.3762 130.889 40
6 53.6678 156.099 40
7 52.7953 141.668 40
8 52.3613 161.665 40
9 52.5011 144.166 40
10 53.0582 165.546 40
11 52.9406 139.549 40
12 50.5629 102.929 40
13 53.2026 187.917 40
14 50.7161 123.383 40
15 52.4901 156.987 40
16 51.2795 158.468 40
17 52.3719 150.227 40
18 51.7693 160.897 40
19 52.0215 121.802 40
20 51.6745 137.613 40
21 53.1542 159.313 40
22 51.4943 138.593 40
23 51.2859 151.491 40
24 51.3976 153.274 40
25 52.2224 143.365 40
26 52.4476 167.811 40
27 50.5259 156.321 40
28 51.8005 145.279 40
29 49.9821 124.676 40
30 52.2639 163.633 40
31 49.691 165.594 40
32 50.5271 87.2933 40
33 51.4983 94.0141 40
34 50.8895 86.0952 40
35 51.3958 80.6505 40
36 50.2431 59.3528 40
37 50.2967 55.7375 40
38 50.043 119.126 40
39 50.8083 91.7194 40
40 51.1723 94.4854 40
41 50.7527 82.0571 40
42 51.1538 95.6612 40
43 52.5743 82.6452 40
44 51.3161 80.9837 40
45 38.1502 106.151 40
46 51.6551 71.4989 40
47 52.4322 92.8715 40
48 51.9939 67.9147 40
49 51.5865 62.3719 40
50 53.8426 89.9647 40
51 50.2439 109.978 40
52 48.3482 147.409 40
53 49.6807 143.13 40
54 51.9234 88.4092 40
55 50.0333 76.883 40
56 50.7985 61.93 40
57 50.737 92.8064 40
58 50.3371 74.1534 40
59 50.4668 77.7076 40
60 50.8386 60.1765 40
61 51.2082 60.8242 40
62 52.4783 75.1545 40
63 52.4215 92.3449 40