0 48.249 169.226 40
1 49.1375 189.175 40
2 48.4127 152.897 40
3 48.3726 142.641 40
4 49.1879 140.396 40
5 50.1031 168.499 40
6 48.0053 168.1 40
7 49.3763 162.045 40
8 49.1923 153.009 40
9 48.1369 165.246 40
10 46.9565 166.534 40
11 47.239 175.622 40
12 47.9912 156.638 40
13 47.5604 155.425 40
14 46.9439 153.095 40
15 48.1137 160.531 40
16 47.1842 153.794 40
17 48.4031 155.843 40
18 47.2751 179.524 40
19 47.7827 138.776 40
20 47.0367 136.061 40
21 46.8789 153.557 40
22 46.5086 172.535 40
23 46.0021 161.161 40
24 44.449 154.965 40
25 47.8358 164.538 40
26 46.8504 143.374 40
27 47.7053 133.038 40
28 46.2423 166.999 40
29 46.3615 160.8 40
30 48.294 191.344 40
31 47.2819 159.184 40
32 50.7207 126.819 40
33 50.3806 129.314 40
34 50.0736 153.601 40
35 49.7959 116.908 40
36 51.0667 107.446 40
37 50.1538 132.143 40
38 50.0137 151.378 40
39 49.205 129.082 40
40 49.099 130.167 40
41 49.6177 118.264 40
42 50.79 142.442 40
43 50.7869 131.411 40
44 50.4614 114.063 40
45 49.5841 119.326 40
46 49.2638 123.244 40
47 49.1095 115.953 40
48 48.3841 139.947 40
49 48.4048 107.729 40
50 49.9601 159.566 40
51 46.9108 133.205 40
52 47.5968 113.685 40
53 49.7839 143.19 40
54 49.0265 133.383 40
55 49.8135 149.498 40
56 48.3943 142.171 40
57 47.1581 108.358 40
58 47.4483 123.876 40
59 47.3687 114.31 40
60 48.2023 142.163 40
61 47.9091 123.433 40
62 46.3594 125.785 40
63 47.3512 137.372 40
64 49.2118 131.375 40
65 48.2977 121.377 40
66 49.8935 131.128 40
67 48.9337 150.425 40
68 48.5931 135.074 40
69 49.0777 108.057 40
70 49.1849 102.611 40
71 48.5598 145.382 40
72 49.4875 159.804 40
73 47.8782 120.43 40
74 48.6148 90.2021 40
75 48.1986 107.657 40
76 48.7621 114.598 40
77 47.773 139.725 40
78 48.4613 155.164 40
79 49.1556 159.441 40
80 47.8877 125.027 40
81 47.0225 117.006 40
82 47.4261 157.423 40
83 49.4138 138.816 40
84 46.9684 129.662 40
85 47.4931 133.734 40
86 46.6545 134.62 40
87 47.8415 127.558 40
88 47.7136 111.159 40
89 46.7119 146.281 40
90 47.7653 129.258 40
91 45.851 148.632 40
92 46.9056 140.787 40
93 47.8521 107.095 40
94 48.03 143.654 40