0 48.3336 129.394 40
1 48.5681 120.489 40
2 47.8997 108.64 40
3 47.8014 118.108 40
4 47.1452 142.645 40
5 49.1419 98.3851 40
6 49.1562 109.651 40
7 47.859 118.987 40
8 47.348 126.005 40
9 49.1965 127.182 40
10 48.3242 127.296 40
11 48.6398 117.005 40
12 47.0556 109.84 40
13 48.9079 112.438 40
14 47.4476 113.165 40
15 47.2067 99.1918 40
16 48.0421 95.0999 40
17 47.2448 133.286 40
18 47.9974 125.889 40
19 46.7735 111.655 40
20 46.3256 114.358 40
21 47.3127 104.86 40
22 47.1307 108.819 40
23 46.3747 119.682 40
24 45.0265 112.437 40
25 47.4489 122.266 40
26 47.1319 129.659 40
27 47.2693 111.578 40
28 46.2115 110.814 40
29 47.8221 104.412 40
30 46.4185 117.026 40
31 47.6421 115.723 40
32 48.2028 89.5142 40
33 50.2467 127.25 40
34 48.5894 97.1845 40
35 48.8779 102.657 40
36 48.7523 107.939 40
37 48.1615 111.012 40
38 47.1409 80.7715 40
39 46.1593 105.991 40
40 47.5189 126.971 40
41 48.4578 88.4165 40
42 46.4134 61.4901 40
43 47.5122 109.406 40
44 48.2055 98.7337 40
45 46.9692 94.6199 40
46 47.1813 97.9094 40
47 47.3052 69.5986 40
48 47.0753 113.705 40
49 47.2303 115.553 40
50 46.5372 122.292 40
51 47.7685 109.804 40
52 45.3965 86.5379 40
53 46.1914 94.6236 40
54 44.8111 95.7608 40
55 46.4908 122.376 40
56 46.2688 88.2527 40
57 44.2408 63.9371 40
58 46.2228 92.6705 40
59 45.615 88.4708 40
60 44.7636 92.6115 40
61 46.4118 91.0784 40
62 46.7641 89.286 40
63 45.5513 82.0109 40
64 47.2451 81.7889 40
65 49.5709 52.5571 40
66 47.2884 70.5188 40
67 48.0905 95.2187 40
68 49.6619 57.1139 40
69 47.7174 84.4311 40
70 47.3033 95.927 40
71 47.824 57.6811 40
72 47.8117 61.3121 40
73 47.7192 86.0767 40
74 48.3738 85.0592 40
75 47.3849 97.3386 40
76 46.7856 65.0231 40
77 47.9436 52.9817 40
78 46.7479 65.6891 40
79 47.785 82.8418 40
80 46.0564 94.8878 40
81 46.5804 62.2785 40
82 47.9359 77.164 40
83 45.8102 89.4806 40
84 44.7466 86.9893 40
85 47.5935 59.2668 40
86 46.0007 74.1618 40
87 45.2717 60.4594 40
88 46.2529 50.5615 40
89 47.1737 83.1711 40
90 45.4282 86.3066 40
91 45.158 84.1253 40
92 44.7749 52.2105 40
93 45.9676 66.703 40
94 45.9437 77.0533 40