0 46.89 95.7353 40
1 47.0039 97.4103 40
2 48.5521 85.2682 40
3 48.4339 79.9425 40
4 47.7477 92.4263 40
5 48.7371 69.2394 40
6 47.8688 89.0551 40
7 50.5031 84.1463 40
8 47.7864 92.6889 40
9 47.227 77.0098 40
10 47.7673 69.0057 40
11 47.3245 51.2267 40
12 47.5656 65.0672 40
13 49.0507 55.2046 40
14 48.5852 88.4224 40
15 47.1181 59.9745 40
16 47.8239 82.7533 40
17 50.3019 72.8515 40
18 49.3392 63.3791 40
19 49.6858 82.2137 40
20 46.4183 83.4093 40
21 48.9374 66.1644 40
22 48.337 68.3927 40
23 48.9409 56.9229 40
24 48.1638 60.5448 40
25 48.509 80.355 40
26 47.8733 70.8637 40
27 49.5664 80.1243 40
28 46.6859 82.6423 40
29 47.6415 83.6978 40
30 49.4418 76.9007 40
31 48.9908 79.5377 40
32 51.1264 62.9064 40
33 53.5568 84.6545 40
34 52.5615 82.0686 40
35 52.8325 76.1069 40
36 53.129 55.2484 40
37 50.6689 79.4708 40
38 52.1108 96.6095 40
39 51.7014 57.4515 40
40 52.5334 68.9422 40
41 50.5961 95.8352 40
42 51.4875 87.8279 40
43 52.1182 79.933 40
44 51.4981 98.1664 40
45 49.5299 111.686 40
46 51.5858 53.7586 40
47 50.9347 73.1368 40
48 49.4162 89.8464 40
49 52.2988 72.7123 40
50 51.4518 79.8099 40
51 51.8753 85.0935 40
52 50.9332 78.2865 40
53 52.7571 81.0997 40
54 49.5486 66.2824 40
55 51.1141 108.914 40
56 49.0635 121.488 40
57 49.8387 78.4521 40
58 49.2724 60.4363 40
59 49.4769 79.8772 40
60 49.5487 59.6244 40
61 49.443 80.5785 40
62 50.9057 69.5146 40
63 50.9823 68.2515 40