0 50.7537 127.862 40
1 51.0872 153.052 40
2 52.2208 161.532 40
3 51.6936 188.656 40
4 52.3345 215.095 40
5 51.142 160.175 40
6 50.9563 143.021 40
7 50.7939 205.366 40
8 52.1333 182.832 40
9 50.2438 179.579 40
10 50.0733 148.754 40
11 51.041 148.99 40
12 50.4618 182.02 40
13 51.1393 177.129 40
14 48.8951 168.838 40
15 50.8978 194.1 40
16 49.3222 164.293 40
17 50.9238 121.496 40
18 51.2236 184.645 40
19 50.5555 194.699 40
20 51.6539 174.731 40
21 50.1016 168.361 40
22 50.6308 131.882 40
23 50.7221 225.243 40
24 49.3123 184.218 40
25 50.1843 181.251 40
26 50.7305 204.807 40
27 49.3534 179.945 40
28 49.3378 186.102 40
29 49.648 211.036 40
30 49.2799 117.04 40
31 49.8533 204.758 40
32 53.9579 86.4215 40
33 54.0048 73.7972 40
34 53.0657 52.212 40
35 52.6597 51.1464 40
36 52.3474 75.0904 40
37 52.9222 77.0131 40
38 52.8268 80.0523 40
39 53.4317 72.6126 40
40 52.4598 53.9935 40
41 51.3364 66.7406 40
42 53.4202 103.144 40
43 53.4923 80.9278 40
44 51.3206 54.9098 40
45 51.878 66.4272 40
46 53.0272 102.374 40
47 51.7432 68.5581 40
48 51.3155 77.1638 40
49 50.8938 58.9807 40
50 51.3228 79.9976 40
51 51.7478 100.366 40
52 50.6117 66.2697 40
53 50.9199 70.3777 40
54 50.1856 97.6323 40
55 49.1119 93.0922 40
56 51.2438 51.0897 40
57 51.9688 66.6373 40
58 52.8146 87.4513 40
59 49.6183 88.1946 40
60 51.0051 74.7841 40
61 50.3319 84.4949 40
62 51.1098 96.6387 40
63 51.9878 73.5222 40