0 49.9511 142.603 40
1 48.928 137.662 40
2 48.5178 130.345 40
3 47.6234 125.141 40
4 48.17 108.277 40
5 49.9449 135.926 40
6 48.5194 120.145 40
7 47.7491 119.634 40
8 47.442 122.482 40
9 48.8436 136.476 40
10 47.7462 111.397 40
11 48.7464 118.953 40
12 46.51 131.255 40
13 47.0999 127.926 40
14 46.9561 155.081 40
15 47.6229 135.363 40
16 47.5358 134.074 40
17 47.123 140.901 40
18 48.0622 128.563 40
19 46.9353 120.368 40
20 47.0308 114.295 40
21 46.9081 143.252 40
22 47.0341 137.033 40
23 47.2443 125.534 40
24 45.8809 109.058 40
25 46.3101 149.469 40
26 47.5425 153.925 40
27 46.7315 120.691 40
28 46.1148 120.317 40
29 48.2052 147.497 40
30 48.0014 143.848 40
31 48.2264 127.696 40
32 48.1363 57.2717 40
33 47.9891 69.6857 40
34 48.796 69.0898 40
35 49.3489 52.5863 40
36 47.9542 63.5021 40
37 49.1359 74.6859 40
38 50.7567 61.0945 40
39 47.9376 58.9769 40
40 47.4441 66.8518 40
41 48.1098 72.8459 40
42 47.6397 83.7006 40
43 47.3614 75.4165 40
44 47.322 77.8669 40
45 48.1386 68.2193 40
46 47.3261 52.9381 40
47 46.4968 66.128 40
48 45.9002 61.5975 40
49 45.5811 59.0028 40
50 44.4156 50.1031 40
51 46.2302 79.7895 40
52 45.5465 71.7214 40
53 48.214 58.4508 40
54 45.0878 58.7929 40
55 46.6956 66.8202 40
56 46.5811 69.7241 40
57 44.8656 68.2111 40
58 45.4691 74.0862 40
59 46.9175 86.4215 40
60 46.1325 84.2684 40
61 46.9114 62.5787 40
62 46.7063 58.8954 40
63 46.5257 95.3153 40
64 49.2552 134.406 40
65 48.9599 141.121 40
66 49.421 130.332 40
67 49.4717 112.536 40
68 48.0088 133.529 40
69 48.1424 141.362 40
70 48.7009 139.466 40
71 48.6824 116.904 40
72 48.8082 133.046 40
73 48.0823 140.68 40
74 47.7484 149.344 40
75 48.109 151.636 40
76 46.9944 108.087 40
77 48.4709 109.502 40
78 48.7682 126.971 40
79 48.9159 130.291 40
80 47.5346 124.731 40
81 49.18 141.996 40
82 49.8669 139.803 40
83 49.4249 121.236 40
84 48.2291 118.119 40
85 48.521 120.779 40
86 46.9017 134.49 40
87 47.5678 139.68 40
88 46.4393 100.95 40
89 45.9501 114.529 40
90 47.3344 127.222 40
91 47.919 147.554 40
92 47.8449 120.524 40
93 46.9918 128.738 40
94 48.6203 122.526 40