0 49.081 88.8226 40
1 49.0677 65.2449 40
2 50.5741 80.2611 40
3 50.1428 81.2752 40
4 48.7505 87.0826 40
5 47.9028 93.5793 40
6 49.2385 70.8607 40
7 50.7634 66.6561 40
8 49.833 69.3186 40
9 48.6845 95.9874 40
10 48.3534 55.1826 40
11 49.2053 60.842 40
12 51.1459 56.2793 40
13 47.1767 93.6559 40
14 49.5293 93.7339 40
15 48.4838 77.5155 40
16 49.6299 54.113 40
17 51.427 63.6185 40
18 49.3356 93.7741 40
19 48.2034 69.7623 40
20 48.0274 63.1657 40
21 47.2774 86.0865 40
22 50.699 91.036 40
23 48.6246 86.4212 40
24 48.3937 58.3324 40
25 48.5765 59.2829 40
26 48.7223 99.5534 40
27 50.7885 59.6152 40
28 50.689 75.4025 40
29 49.469 58.4668 40
30 48.9848 91.3926 40
31 49.6156 62.3372 40
32 47.958 91.5228 40
33 47.3876 82.5408 40
34 48.3346 93.4056 40
35 49.9789 95.7451 40
36 49.813 74.4394 40
37 49.7361 96.6245 40
38 49.4952 101.391 40
39 47.811 81.845 40
40 48.5144 94.9083 40
41 47.0294 83.5833 40
42 48.1854 74.2192 40
43 48.6722 97.0337 40
44 47.8626 91.8391 40
45 48.6412 64.4284 40
46 48.0542 87.3642 40
47 48.1091 94.6462 40
48 46.189 62.3644 40
49 47.4572 85.4805 40
50 46.6579 60.5224 40
51 48.203 88.7255 40
52 46.6402 86.0005 40
53 48.2412 68.0883 40
54 47.0442 71.8533 40
55 48.6623 83.1752 40
56 47.6359 96.0438 40
57 46.875 85.468 40
58 48.658 55.8198 40
59 47.5584 69.8841 40
60 46.5123 98.8235 40
61 46.7901 100.108 40
62 47.0761 92.2036 40
63 48.0928 96.7768 40
64 48.7032 63.6004 40
65 49.3771 99.7339 40
66 49.834 78.8419 40
67 52.7029 72.2478 40
68 51.2545 78.1409 40
69 50.5486 83.6503 40
70 50.5224 74.0579 40
71 49.0285 113.973 40
72 51.6221 88.3389 40
73 51.431 92.1898 40
74 51.1033 100.499 40
75 50.7907 83.2313 40
76 52.4111 70.0629 40
77 52.727 84.9457 40
78 51.2558 61.0607 40
79 50.6477 67.4575 40
80 50.4856 54.7379 40
81 52.4643 69.5794 40
82 53.0341 65.0133 40
83 49.0214 110.493 40
84 49.2665 106.958 40
85 49.42 61.9184 40
86 49.8255 78.512 40
87 51.7626 63.3083 40
88 50.1869 105.752 40
89 51.8553 80.7962 40
90 52.4613 99.6865 40
91 51.7244 91.5298 40
92 52.6027 65.6083 40
93 51.4022 60.2716 40
94 52.5539 107.695 40