0 48.288 137.26 40
1 46.1409 85.6496 40
2 47.696 98.9991 40
3 48.1529 144.939 40
4 47.8377 148.637 40
5 48.9393 139.139 40
6 47.6159 158.631 40
7 47.1408 119.951 40
8 47.191 140.843 40
9 48.3895 134.484 40
10 48.0312 142.121 40
11 47.4213 139.298 40
12 46.6822 121.941 40
13 46.2608 130.648 40
14 46.1112 109.301 40
15 46.9646 124.862 40
16 47.6646 137.753 40
17 47.1314 122.82 40
18 46.017 134.95 40
19 45.9303 131.275 40
20 43.9888 89.8331 40
21 45.413 127.282 40
22 45.897 116.587 40
23 47.2368 119.298 40
24 46.8002 132.997 40
25 46.5185 140.182 40
26 45.7173 123.863 40
27 45.8527 131.143 40
28 45.9416 141.243 40
29 46.723 92.8364 40
30 45.7053 83.2529 40
31 45.8004 140.32 40
32 49.6547 70.0007 40
33 48.9091 95.7503 40
34 48.7901 95.1812 40
35 50.3214 105.26 40
36 49.2781 85.4865 40
37 49.9954 101.786 40
38 48.718 96.256 40
39 49.3993 117.434 40
40 49.3351 81.7241 40
41 50.7589 98.7747 40
42 48.8293 82.6525 40
43 48.7739 72.8554 40
44 49.943 95.6202 40
45 48.9536 63.9513 40
46 48.4001 82.6206 40
47 48.7306 94.4206 40
48 48.392 129.022 40
49 49.0497 84.2022 40
50 48.3292 72.9521 40
51 47.4476 94.1674 40
52 46.697 53.1342 40
53 47.999 121.446 40
54 49.1928 78.5091 40
55 48.0067 87.9113 40
56 47.7038 90.7821 40
57 47.2459 121.253 40
58 47.1719 87.4692 40
59 48.1567 110.57 40
60 47.974 81.0303 40
61 48.3737 106.471 40
62 47.533 91.3152 40
63 46.9405 79.7318 40
64 49.6399 200.452 40
65 48.6903 198.477 40
66 48.3578 154.419 40
67 48.6169 176.001 40
68 48.1942 201.995 40
69 48.4264 201.71 40
70 48.898 189.564 40
71 47.5389 183.229 40
72 49.2827 189.355 40
73 47.2209 188.319 40
74 47.8048 170.909 40
75 48.9232 187.363 40
76 47.6544 175.299 40
77 47.4983 170.232 40
78 48.1885 188.947 40
79 48.2902 171.811 40
80 48.1821 199.763 40
81 47.7521 197.206 40
82 48.2611 214.775 40
83 47.2035 182.135 40
84 48.189 179.452 40
85 47.7377 168.167 40
86 47.0577 175.838 40
87 48.1861 180.262 40
88 47.1091 192.169 40
89 46.5584 179.211 40
90 47.1632 164.206 40
91 46.1595 163.399 40
92 46.6734 174.265 40
93 47.5139 185.071 40
94 48.0471 196.882 40