0 49.7389 91.1925 40
1 48.492 88.5084 40
2 48.3498 114.481 40
3 47.0085 101.042 40
4 48.4137 98.5964 40
5 46.9601 95.6805 40
6 47.0547 100.156 40
7 46.1297 102.421 40
8 47.6132 95.7279 40
9 48.6304 118.703 40
10 45.8161 86.411 40
11 48.1762 114.348 40
12 46.1223 110.437 40
13 46.6131 114.956 40
14 46.6291 116.018 40
15 45.9879 108.419 40
16 47.8004 126.832 40
17 47.018 101.691 40
18 46.2558 119.461 40
19 46.3787 104.467 40
20 45.15 92.5556 40
21 46.3594 110.297 40
22 45.9347 114.29 40
23 46.9621 96.8509 40
24 46.7135 127.344 40
25 45.6368 83.1477 40
26 45.7701 123.339 40
27 45.3985 133.521 40
28 46.7669 120.081 40
29 45.7073 111.631 40
30 46.2923 133.223 40
31 45.4077 95.3657 40
32 48.3288 123.748 40
33 47.7529 122.834 40
34 50.4728 120.679 40
35 48.9977 124.619 40
36 47.6062 119.158 40
37 48.0973 111.916 40
38 47.9304 124.953 40
39 47.6087 113.69 40
40 48.7371 122.958 40
41 34.1783 83.5397 40
42 48.9513 102.273 40
43 44.6345 106.385 40
44 48.9572 103.76 40
45 48.6458 147.011 40
46 47.236 120.092 40
47 46.7299 143.248 40
48 46.3398 102.12 40
49 46.0834 134.707 40
50 47.6378 117.651 40
51 47.2706 130.11 40
52 45.2784 123.44 40
53 45.8428 128.389 40
54 46.7343 135.258 40
55 47.4569 144.007 40
56 46.9617 149.409 40
57 47.2348 131.182 40
58 45.0169 125.288 40
59 43.824 127.188 40
60 47.1952 134.374 40
61 46.2505 141.659 40
62 48.1558 126.564 40
63 46.215 121.285 40
64 47.6676 118.027 40
65 48.8636 79.4412 40
66 46.709 99.8515 40
67 47.2274 82.4482 40
68 46.3593 72.205 40
69 47.454 97.8238 40
70 48.6335 107.638 40
71 46.9085 110.618 40
72 45.8043 111.587 40
73 46.6704 92.5034 40
74 46.1873 70.2783 40
75 46.8069 95.6241 40
76 46.5242 111.303 40
77 48.614 92.5104 40
78 46.6954 97.7711 40
79 47.2388 99.8674 40
80 45.9363 93.9608 40
81 46.1539 98.7302 40
82 46.6002 111.382 40
83 46.8535 85.258 40
84 46.2363 97.6791 40
85 46.3045 126.662 40
86 46.0261 100.677 40
87 46.3089 69.0392 40
88 47.2877 89.7993 40
89 44.4623 91.9469 40
90 44.3419 112.367 40
91 44.2487 102.529 40
92 45.2273 108.421 40
93 45.6059 84.0265 40
94 47.0858 85.058 40