0 49.3964 97.6056 40
1 50.3587 113.223 40
2 49.4712 83.6868 40
3 49.0096 91.9392 40
4 48.9752 116.692 40
5 51.2023 111.513 40
6 51.4504 97.4186 40
7 50.1947 100.914 40
8 48.6945 79.5883 40
9 47.7589 99.319 40
10 49.3382 117.162 40
11 49.8196 82.8454 40
12 51.2785 95.8561 40
13 51.8874 129.639 40
14 50.3878 108.952 40
15 50.339 115.042 40
16 49.1386 86.0971 40
17 51.4279 115.15 40
18 50.7079 114.156 40
19 51.0863 115.002 40
20 49.1364 97.7145 40
21 50.2425 114.08 40
22 48.5422 125.626 40
23 50.3421 115.245 40
24 50.8919 109.701 40
25 51.3299 122.998 40
26 50.5998 101.513 40
27 49.3087 94.5716 40
28 50.3817 96.3335 40
29 50.8027 117.721 40
30 51.8692 116.745 40
31 52.0848 84.7541 40
32 50.6141 76.0699 40
33 51.9657 81.0359 40
34 51.6632 86.186 40
35 49.7916 69.4092 40
36 49.3811 72.3055 40
37 50.4752 95.3733 40
38 51.5575 99.0644 40
39 49.7898 89.822 40
40 50.267 78.64 40
41 50.6335 54.2215 40
42 50.005 101.77 40
43 51.166 90.0038 40
44 51.0515 93.1821 40
45 51.3321 78.3948 40
46 51.6276 88.5194 40
47 50.7224 94.2499 40
48 50.5134 81.8156 40
49 50.5188 84.2022 40
50 50.5166 84.3208 40
51 50.681 86.7945 40
52 49.5899 58.7169 40
53 48.9504 75.9637 40
54 50.2694 55.9512 40
55 49.5956 74.0517 40
56 49.6196 65.4928 40
57 49.9172 64.9009 40
58 51.295 81.3403 40
59 50.6679 81.605 40
60 50.6197 87.7476 40
61 48.3768 76.6496 40
62 50.5558 85.559 40
63 54.2506 52.5004 40
64 49.8088 81.4131 40
65 48.833 106.524 40
66 49.998 75.6781 40
67 49.9854 76.2164 40
68 48.4923 80.521 40
69 51.2592 101.055 40
70 51.5375 75.4456 40
71 49.2905 84.0664 40
72 50.0629 95.4497 40
73 48.1561 93.667 40
74 48.5799 76.1913 40
75 46.9448 95.1923 40
76 50.2684 81.1719 40
77 49.8797 74.7797 40
78 50.4162 70.5355 40
79 50.2142 56.8454 40
80 53.1301 101.969 40
81 50.9539 79.3601 40
82 50.2986 93.3996 40
83 50.0849 111.098 40
84 50.8607 69.353 40
85 51.4837 79.3067 40
86 51.4302 54.0354 40
87 53.1189 80.7596 40
88 51.0864 110.559 40
89 47.88 91.0584 40
90 50.7544 82.8483 40
91 50.2805 71.4339 40
92 51.0415 84.1994 40
93 50.8029 86.2867 40
94 51.2218 66.2625 40