0 49.7374 51.535 40
1 49.1971 50.9146 40
2 47.8305 91.5202 40
3 47.6367 83.2485 40
4 46.4024 96.9129 40
5 47.7951 61.5695 40
6 49.4508 53.7219 40
7 49.3817 91.2989 40
8 47.5727 58.6835 40
9 47.7736 86.2256 40
10 48.1189 88.2083 40
11 49.3948 89.2162 40
12 48.3223 95.0351 40
13 48.2016 84.7672 40
14 50.3561 53.7275 40
15 48.0732 73.8382 40
16 47.4373 75.1443 40
17 48.2199 95.9996 40
18 48.9557 54.9329 40
19 46.4696 79.1949 40
20 45.9236 94.367 40
21 45.7463 96.9479 40
22 45.7003 83.6165 40
23 46.0766 56.6028 40
24 44.8617 89.0978 40
25 46.418 85.8556 40
26 45.6189 100.649 40
27 46.162 92.6854 40
28 45.5442 83.5141 40
29 48.6974 56.4709 40
30 46.4132 99.5385 40
31 48.0194 54.0764 40
32 44.1853 152.805 40
33 43.2238 134.713 40
34 43.6313 157.011 40
35 44.2233 120.077 40
36 46.1341 111.687 40
37 42.7158 92.9796 40
38 44.2152 125.802 40
39 43.8747 91.9576 40
40 42.6999 149.681 40
41 44.2232 171.094 40
42 43.3892 148.183 40
43 44.9366 134.587 40
44 46.1888 119.756 40
45 44.5398 154.031 40
46 44.7688 106.934 40
47 44.124 104.887 40
48 44.1184 135.75 40
49 43.5043 132.075 40
50 43.4569 127.673 40
51 43.2962 158.757 40
52 43.0796 91.2521 40
53 43.4769 88.0777 40
54 43.4224 92.1176 40
55 45.1258 91.5954 40
56 43.3806 129.175 40
57 44.2268 92.2963 40
58 42.4196 123.854 40
59 42.8269 83.0099 40
60 42.426 154.105 40
61 42.4077 146.051 40
62 43.4391 136.45 40
63 41.9616 150.515 40
64 43.1232 80.4944 40
65 47.056 130.802 40
66 46.4523 122.441 40
67 45.2323 100.515 40
68 47.1082 107.917 40
69 47.2849 106.797 40
70 45.901 90.2759 40
71 45.0427 91.5501 40
72 46.8292 96.5993 40
73 44.3981 83.8468 40
74 44.3998 103.205 40
75 46.1719 93.002 40
76 43.0128 115.658 40
77 47.1333 92.8014 40
78 46.5568 87.7712 40
79 46.8315 97.6513 40
80 46.3988 58.8704 40
81 44.7233 88.2517 40
82 44.3783 69.6432 40
83 43.4088 100.331 40
84 43.8185 104.396 40
85 44.3136 82.3475 40
86 43.4994 78.7928 40
87 46.313 86.5951 40
88 43.4801 73.8167 40
89 43.9752 93.5386 40
90 45.5253 84.2366 40
91 46.8938 77.9532 40
92 43.3705 100.448 40
93 46.6986 94.8889 40
94 44.9767 101.212 40