0 47.2753 98.3911 40
1 49.4494 78.1029 40
2 48.7367 87.1661 40
3 49.5808 92.8335 40
4 49.9224 66.9221 40
5 50.0302 99.1847 40
6 49.2828 79.6281 40
7 50.4432 94.7453 40
8 49.4571 110.652 40
9 46.5612 113.752 40
10 48.0252 80.036 40
11 49.6471 83.9924 40
12 48.2363 96.7062 40
13 48.971 114.433 40
14 48.1107 99.406 40
15 48.4531 108.671 40
16 49.2397 133.801 40
17 47.734 111.492 40
18 49.6941 96.192 40
19 50.5313 86.2443 40
20 50.377 69.036 40
21 47.5424 76.5392 40
22 49.5255 106.898 40
23 48.3298 94.2469 40
24 47.0934 119.749 40
25 48.6147 77.2945 40
26 49.5522 107.1 40
27 48.8451 59.0937 40
28 49.9112 87.0342 40
29 47.3057 73.5824 40
30 47.7313 97.2658 40
31 48.8388 105.077 40
32 51.035 120.004 40
33 50.8415 123.657 40
34 50.2867 116.14 40
35 49.6193 109.973 40
36 50.3067 113.04 40
37 49.636 102.988 40
38 51.9051 109.607 40
39 49.9761 124.258 40
40 50.144 115.951 40
41 50.617 98.7135 40
42 51.1789 109.158 40
43 49.8473 87.6022 40
44 49.5391 121.499 40
45 50.6785 118.844 40
46 49.311 106.739 40
47 49.6365 120.86 40
48 48.5199 83.2894 40
49 49.6224 111.072 40
50 50.6797 125.6 40
51 48.7842 89.072 40
52 48.9717 137.623 40
53 49.2118 110.569 40
54 48.4684 103.649 40
55 49.9856 108.632 40
56 47.2477 105.719 40
57 48.2119 103.632 40
58 47.5964 107.173 40
59 48.2318 101.795 40
60 47.7829 98.712 40
61 47.8566 84.9011 40
62 47.0115 120.684 40
63 48.223 111.312 40
64 49.3044 68.9228 40
65 47.4167 78.0578 40
66 50.6514 100.784 40
67 48.6243 53.7249 40
68 49.4474 91.5625 40
69 50.7028 72.0524 40
70 48.8687 84.4148 40
71 48.9764 79.5451 40
72 47.8109 61.1185 40
73 50.2376 72.0898 40
74 47.9786 64.585 40
75 49.0494 72.6952 40
76 48.2575 76.8986 40
77 48.9639 86.2757 40
78 47.7112 86.3012 40
79 50.196 57.8943 40
80 49.1236 74.4221 40
81 48.8718 68.5789 40
82 48.2899 58.9482 40
83 47.7069 56.7743 40
84 48.1068 78.237 40
85 46.9221 82.341 40
86 48.2845 77.0078 40
87 51.0968 76.7467 40
88 48.2428 59.0886 40
89 46.6509 64.9228 40
90 47.7724 78.1506 40
91 47.8861 70.7501 40
92 48.5968 63.0537 40
93 48.4213 79.2657 40
94 48.084 85.2505 40