0 48.6256 141.073 40
1 47.8245 141.404 40
2 47.5466 107.876 40
3 49.5886 103.97 40
4 48.4829 87.8778 40
5 47.3506 91.3412 40
6 48.77 147.912 40
7 47.6796 82.4945 40
8 47.3534 128.543 40
9 48.9067 146.423 40
10 47.6275 92.6833 40
11 48.446 87.3438 40
12 46.9722 138.823 40
13 47.7012 104.85 40
14 46.198 129.92 40
15 49.1205 76.3617 40
16 47.9394 115.616 40
17 47.9031 75.458 40
18 48.3723 108.819 40
19 46.6178 91.7274 40
20 44.8746 88.2114 40
21 45.8192 141.224 40
22 46.4232 138.084 40
23 44.7421 145.409 40
24 44.9817 107.241 40
25 45.3545 116.755 40
26 45.3946 108.023 40
27 45.5197 111.488 40
28 45.5434 130.978 40
29 46.3051 88.1128 40
30 46.3399 57.8718 40
31 47.2649 84.2908 40
32 48.8194 74.4964 40
33 49.0656 132.87 40
34 47.0702 71.6875 40
35 46.6863 101.212 40
36 48.6868 87.3114 40
37 48.1404 94.3589 40
38 47.7112 84.4775 40
39 47.6831 109.713 40
40 47.704 89.9382 40
41 49.2586 105.007 40
42 48.8923 95.249 40
43 48.9277 103.783 40
44 46.7663 102.663 40
45 47.5647 97.2185 40
46 47.4683 151.136 40
47 47.9104 93.4238 40
48 45.9293 89.2136 40
49 49.8732 93.4057 40
50 48.1014 88.9546 40
51 46.8115 76.2242 40
52 45.0292 101.96 40
53 48.7152 97.4393 40
54 46.5021 102.248 40
55 48.7013 83.1404 40
56 46.9225 89.2668 40
57 48.1025 83.5372 40
58 47.4739 107.126 40
59 48.3723 88.4892 40
60 46.2967 72.1544 40
61 46.5332 101.568 40
62 45.66 140.036 40
63 48.2475 84.8425 40
64 48.8984 74.7224 40
65 48.5678 69.8782 40
66 48.8576 70.1364 40
67 48.2215 59.679 40
68 51.7457 63.5066 40
69 51.2407 86.3153 40
70 49.6962 52.6455 40
71 49.7553 65.4272 40
72 49.6426 54.8178 40
73 48.8914 80.9285 40
74 48.6787 58.6428 40
75 49.4469 62.0937 40
76 49.4195 78.9847 40
77 49.2947 81.7251 40
78 49.4169 61.7529 40
79 48.7215 60.655 40
80 48.4282 86.834 40
81 49.2528 62.2353 40
82 47.7278 92.1537 40
83 49.4614 63.6941 40
84 48.2284 84.6018 40
85 48.1442 67.0622 40
86 47.29 75.5012 40
87 46.8612 85.995 40
88 49.5019 71.2714 40
89 47.2133 60.0552 40
90 48.8415 101.766 40
91 46.4144 90.8683 40
92 48.0783 69.7176 40
93 46.5597 59.8307 40
94 45.8966 95.4714 40