0 45.7836 134.443 40
1 46.29 115.427 40
2 45.4995 132.406 40
3 44.7197 104.921 40
4 45.6034 127.242 40
5 46.0712 120.986 40
6 45.0562 103.826 40
7 44.1816 115.28 40
8 43.7906 126.316 40
9 46.2672 115.598 40
10 43.6952 124.96 40
11 45.8827 112.334 40
12 45.2719 132.629 40
13 44.9464 121.812 40
14 44.0704 112.515 40
15 43.5155 126.222 40
16 44.1096 126.38 40
17 44.0962 123.871 40
18 43.5622 110.787 40
19 43.0269 127.724 40
20 43.2748 124.424 40
21 44.437 138.193 40
22 44.1514 127.782 40
23 45.1582 159.244 40
24 43.5729 122.331 40
25 43.0002 124.461 40
26 43.3898 125.974 40
27 43.1399 109.389 40
28 44.2637 132.288 40
29 43.9465 129.142 40
30 44.8331 116.784 40
31 43.8105 106.349 40
32 45.9691 147.671 40
33 45.5204 161.718 40
34 46.5243 124.504 40
35 45.2367 148.717 40
36 46.1887 122.272 40
37 45.6697 143.206 40
38 46.731 151.432 40
39 45.2453 131.838 40
40 45.2374 157.372 40
41 46.3863 148.33 40
42 45.2669 169.712 40
43 46.1139 147.34 40
44 44.6183 136.668 40
45 44.8982 162.129 40
46 44.8667 161.924 40
47 45.2821 146.449 40
48 44.9696 143.303 40
49 45.3567 131.172 40
50 43.8704 131.342 40
51 45.7033 145.237 40
52 45.1739 171.646 40
53 43.6521 124.166 40
54 43.0595 141.761 40
55 44.182 130.739 40
56 44.1996 126.192 40
57 44.2788 146.45 40
58 43.5868 123.547 40
59 43.5038 122.674 40
60 43.5511 148.099 40
61 43.5711 161.922 40
62 43.1692 120.024 40
63 44.2802 126.268 40
64 46.9357 134.684 40
65 46.3999 150.683 40
66 46.0419 149.552 40
67 45.832 153.48 40
68 44.6291 152.528 40
69 45.8734 145.309 40
70 46.2161 145.419 40
71 47.0285 146.792 40
72 46.1623 148.097 40
73 46.4362 120.737 40
74 46.1679 137.486 40
75 46.54 141.071 40
76 44.3795 161.864 40
77 46.2362 158.99 40
78 45.4022 161.797 40
79 44.497 142.864 40
80 45.0622 156.983 40
81 44.7152 140.443 40
82 45.2596 150.99 40
83 43.815 119.295 40
84 43.6143 148.3 40
85 45.0138 132.5 40
86 43.8444 131.916 40
87 45.1711 143.227 40
88 43.8207 152.949 40
89 43.7205 162.066 40
90 42.9961 147.974 40
91 43.6617 140.479 40
92 45.0636 129.332 40
93 43.1015 140.092 40
94 44.2732 146.367 40