0 47.0234 175.379 40
1 47.3393 161.901 40
2 45.6096 152.387 40
3 47.4633 160.698 40
4 47.017 186.261 40
5 43.8572 162.237 40
6 46.4251 158.818 40
7 47.9073 164.659 40
8 43.9149 190.873 40
9 45.3205 144.756 40
10 46.8591 166.325 40
11 47.0044 180.151 40
12 46.5377 161.172 40
13 46.8962 171.892 40
14 46.9326 186.978 40
15 47.7792 183.847 40
16 46.587 171.207 40
17 45.2444 173.135 40
18 45.8012 154.543 40
19 45.8193 161.474 40
20 45.3415 157.378 40
21 45.3775 187.21 40
22 45.8043 184.784 40
23 44.9051 189.529 40
24 45.9614 169.171 40
25 44.9591 191.053 40
26 44.1417 191.037 40
27 44.4724 193.889 40
28 43.6454 176.011 40
29 45.2769 143.308 40
30 45.5804 155.951 40
31 44.0013 173.847 40
32 46.0542 155.966 40
33 46.9987 129.693 40
34 48.7585 132.761 40
35 48.5372 159.905 40
36 47.947 148.228 40
37 47.8018 119.994 40
38 49.1479 147.967 40
39 46.8088 157.164 40
40 45.8532 136.463 40
41 47.3412 165.071 40
42 46.0788 150.17 40
43 46.0535 119.646 40
44 46.4834 147.427 40
45 47.6574 170.969 40
46 47.5785 152.648 40
47 45.2312 137.253 40
48 46.0548 158.609 40
49 47.6129 158.181 40
50 47.2581 137.823 40
51 46.6774 145.583 40
52 45.7881 144.008 40
53 45.5035 151.967 40
54 45.7776 145.634 40
55 46.8631 137.196 40
56 46.0966 156.664 40
57 45.4686 165.307 40
58 46.0137 149.648 40
59 45.623 160.017 40
60 46.1317 151.198 40
61 44.5557 152.242 40
62 46.4789 166.162 40
63 44.2631 140.709 40
64 46.1016 53.4236 40
65 44.8245 52.2976 40
66 46.4799 87.6089 40
67 48.0334 92.3035 40
68 45.5716 55.7181 40
69 47.3807 51.1137 40
70 46.7632 104.348 40
71 46.1313 72.6654 40
72 46.9798 86.82 40
73 46.16 78.5056 40
74 45.0435 82.7614 40
75 46.0292 108.26 40
76 46.734 86.3564 40
77 45.0141 100.204 40
78 45.5685 71.5401 40
79 44.4693 86.823 40
80 44.7442 98.4441 40
81 44.7479 61.5065 40
82 45.6614 113.03 40
83 46.5378 83.1593 40
84 44.0832 82.5224 40
85 44.6029 97.0794 40
86 45.1005 87.2141 40
87 44.9641 65.8363 40
88 44.2427 78.7518 40
89 45.2183 70.5548 40
90 43.351 51.7753 40
91 44.0955 95.9331 40
92 45.0539 94.491 40
93 46.1593 84.865 40
94 45.0645 85.2379 40