0 47.9614 116.191 40
1 47.7195 132.878 40
2 45.7859 79.3503 40
3 45.5072 115.492 40
4 46.8225 128.849 40
5 46.8957 119.295 40
6 46.9996 120.471 40
7 46.3597 124.996 40
8 47.9838 111.967 40
9 48.1559 112.864 40
10 46.9505 142.698 40
11 46.526 119.185 40
12 46.6612 112.581 40
13 46.9773 109.747 40
14 46.6269 116.655 40
15 45.4824 118.566 40
16 44.9332 131.875 40
17 44.7496 107.493 40
18 45.0163 124.758 40
19 47.4295 134.324 40
20 44.1989 99.6077 40
21 45.0727 144.257 40
22 46.4388 106.028 40
23 45.8163 152.09 40
24 44.9091 114.033 40
25 44.1676 97.3094 40
26 45.5437 131.679 40
27 43.7731 130.81 40
28 44.4267 127.054 40
29 44.9943 125.646 40
30 44.4495 126.33 40
31 46.1774 91.0719 40
32 44.5411 153.422 40
33 45.8394 140.256 40
34 45.7757 144.289 40
35 45.5812 154.589 40
36 45.3531 173.07 40
37 46.8274 145.765 40
38 43.5065 133.008 40
39 45.1501 157.478 40
40 44.457 137.35 40
41 45.8073 162.318 40
42 46.6255 156.424 40
43 44.7412 141.688 40
44 44.0679 164.782 40
45 43.4076 163.333 40
46 44.8604 172.531 40
47 43.87 145.779 40
48 44.5619 160.976 40
49 44.1085 148.139 40
50 44.9987 166.061 40
51 42.6319 171.629 40
52 42.9179 172.443 40
53 43.4393 146.179 40
54 43.7171 152.167 40
55 44.3721 166.322 40
56 43.7623 152.035 40
57 42.7293 138.826 40
58 44.0323 189.81 40
59 42.9034 167.159 40
60 43.837 154.097 40
61 41.5836 139.46 40
62 42.8033 152.78 40
63 44.33 198.219 40
64 47.6068 81.8512 40
65 47.179 110.119 40
66 46.2537 97.5502 40
67 46.7591 89.0053 40
68 47.4642 113.595 40
69 46.8065 118.359 40
70 46.6564 100.064 40
71 45.1648 97.3448 40
72 45.0745 127.258 40
73 46.2689 88.235 40
74 47.1669 111.504 40
75 46.4133 102.028 40
76 45.2968 100.817 40
77 46.2448 107.564 40
78 46.073 89.4171 40
79 46.2586 118.723 40
80 44.6416 93.8534 40
81 46.2069 126.982 40
82 46.8889 126.701 40
83 45.8767 122.715 40
84 45.464 113.552 40
85 45.6697 92.0018 40
86 45.3207 90.0648 40
87 45.1496 87.8756 40
88 46.8096 112.063 40
89 44.1719 100.374 40
90 45.193 89.6555 40
91 45.3167 132.6 40
92 44.9683 92.1386 40
93 44.7575 112.545 40
94 44.8347 111.448 40