0 46.8524 65.8304 40
1 46.5989 107.725 40
2 46.6214 83.1997 40
3 46.5924 70.887 40
4 46.5552 80.2473 40
5 47.1757 92.4531 40
6 47.1747 74.7825 40
7 47.2472 118.288 40
8 45.4971 86.442 40
9 46.0085 84.1622 40
10 45.8973 66.796 40
11 46.716 79.5409 40
12 45.0984 77.8803 40
13 45.865 130.492 40
14 45.7301 93.2375 40
15 46.0108 103.756 40
16 44.9865 96.3745 40
17 46.2117 112.143 40
18 44.2157 91.1995 40
19 44.3613 108.485 40
20 45.1299 73.6568 40
21 44.6016 100.405 40
22 42.8925 96.6222 40
23 44.7167 84.1632 40
24 44.0677 75.9854 40
25 43.6555 98.1177 40
26 45.4333 101.493 40
27 46.0546 103.14 40
28 43.8387 106.098 40
29 44.2972 66.0929 40
30 45.8445 96.5045 40
31 44.6348 103.951 40
32 46.0929 78.9549 40
33 46.0172 83.0439 40
34 46.8189 67.7006 40
35 45.901 76.3899 40
36 46.0205 82.5528 40
37 46.3684 51.0453 40
38 47.7239 84.6564 40
39 46.9344 66.6288 40
40 43.3066 91.5215 40
41 45.0789 73.1534 40
42 45.3285 75.5833 40
43 45.7156 65.5222 40
44 44.9184 91.5936 40
45 44.2618 72.8559 40
46 44.3837 79.4314 40
47 44.6305 77.1798 40
48 42.4002 88.0095 40
49 45.5337 90.3929 40
50 44.2737 72.219 40
51 44.8378 65.9004 40
52 44.9856 84.7386 40
53 44.216 50.0463 40
54 43.8741 86.5309 40
55 43.7257 100.96 40
56 43.987 90.395 40
57 44.3678 68.8508 40
58 43.3946 75.1764 40
59 43.2767 97.1647 40
60 43.0632 79.62 40
61 43.6238 72.8655 40
62 45.1522 107.006 40
63 43.003 95.5876 40
64 46.9911 109.063 40
65 46.4522 98.037 40
66 47.1393 92.6185 40
67 46.4452 88.3009 40
68 47.1848 111.856 40
69 46.8329 95.6383 40
70 47.5155 92.4437 40
71 47.5751 137.216 40
72 46.4892 100.225 40
73 46.1591 87.1205 40
74 46.8687 97.9645 40
75 45.9883 91.1588 40
76 45.8947 92.7994 40
77 45.3709 89.7254 40
78 45.8285 121.322 40
79 46.1421 101.116 40
80 44.8148 100.06 40
81 46.2501 106.351 40
82 48.058 103.447 40
83 45.6604 103.207 40
84 43.4046 87.2748 40
85 44.3017 62.2823 40
86 43.8006 94.0178 40
87 46.4374 88.1753 40
88 44.8486 85.4828 40
89 45.2548 95.1991 40
90 44.7815 94.5971 40
91 44.228 59.4292 40
92 44.1765 109.519 40
93 45.3899 107.92 40
94 44.0577 112.673 40