0 49.1975 94.1214 40
1 46.1756 93.9538 40
2 46.4125 77.7054 40
3 47.9871 75.9453 40
4 47.3965 99.8964 40
5 46.7197 115.617 40
6 46.9691 80.0346 40
7 46.0482 64.4132 40
8 47.3653 110.116 40
9 47.9936 75.2433 40
10 46.7439 90.7612 40
11 45.8362 75.2456 40
12 47.3082 103.394 40
13 47.8755 94.7735 40
14 48.7226 90.9288 40
15 47.8709 92.6456 40
16 48.0945 87.1893 40
17 48.2852 86.1644 40
18 48.2879 96.0245 40
19 46.8046 95.8721 40
20 46.189 90.5018 40
21 48.5378 115.364 40
22 46.6407 107.109 40
23 48.7268 86.235 40
24 44.459 106.231 40
25 46.8727 68.1587 40
26 48.9866 110.639 40
27 47.8794 78.8701 40
28 48.3175 87.7509 40
29 49.22 70.1235 40
30 47.0752 76.4072 40
31 48.5101 99.1321 40
32 47.7697 95.7546 40
33 48.378 51.2282 40
34 46.9557 54.3129 40
35 48.8795 58.8589 40
36 47.806 76.5554 40
37 46.3373 65.3609 40
38 47.2434 92.5904 40
39 47.9321 66.8351 40
40 44.9162 85.6862 40
41 46.0669 93.5426 40
42 47.4904 52.5278 40
43 46.9437 80.9512 40
44 49.101 65.6501 40
45 47.3406 58.4994 40
46 47.4843 97.6905 40
47 46.4362 63.746 40
48 45.5315 98.0766 40
49 47.9659 58.4428 40
50 45.6275 52.117 40
51 45.3934 73.4915 40
52 46.1723 52.0337 40
53 47.4155 61.3123 40
54 45.7393 78.034 40
55 44.7859 96.422 40
56 46.1833 86.7509 40
57 44.7288 53.8237 40
58 45.8012 57.8823 40
59 45.2197 63.0286 40
60 46.3532 62.8383 40
61 43.6617 89.9692 40
62 45.1372 56.8906 40
63 46.1571 99.8771 40
64 43.4058 75.559 40
65 43.8454 52.2899 40
66 43.9387 91.6592 40
67 44.7517 95.8697 40
68 43.0973 85.649 40
69 43.564 75.0485 40
70 43.3583 84.3591 40
71 44.3038 96.1541 40
72 42.4548 52.2574 40
73 44.1771 111.753 40
74 43.0871 84.5257 40
75 42.4695 98.9548 40
76 42.4206 69.6686 40
77 42.644 85.3383 40
78 42.0777 97.0692 40
79 44 118.741 40
80 42.7497 100.519 40
81 41.6817 90.3146 40
82 43.3968 112.773 40
83 42.5792 65.1731 40
84 42.148 95.3314 40
85 41.5346 61.1667 40
86 40.6182 77.2331 40
87 41.9088 87.4425 40
88 42.0564 72.0031 40
89 41.0088 78.4392 40
90 41.0093 82.6868 40
91 41.0639 78.0015 40
92 41.7626 77.6547 40
93 39.7186 58.7652 40
94 42.0126 102.425 40