0 46.0472 128.808 40
1 47.8561 158.627 40
2 46.3341 145.591 40
3 46.3477 123.615 40
4 45.5393 131.456 40
5 46.1837 163.043 40
6 47.4478 154.104 40
7 45.6292 125.562 40
8 46.818 150.714 40
9 47.0218 138.101 40
10 44.4524 120.415 40
11 45.8739 126.501 40
12 46.8966 160.899 40
13 45.9259 132.639 40
14 45.8232 141.889 40
15 47.1016 155.595 40
16 45.1755 120.132 40
17 45.1172 129.984 40
18 45.4596 133.079 40
19 45.2398 147.747 40
20 45.3488 138.663 40
21 44.9163 136.277 40
22 45.6517 148.265 40
23 45.1254 157.672 40
24 45.649 133.919 40
25 45.2502 145.814 40
26 44.7266 152.8 40
27 45.181 171.465 40
28 43.8668 154.88 40
29 44.1694 123.775 40
30 44.5317 151.186 40
31 44.5452 148.731 40
32 48.8248 162.202 40
33 49.1741 112.571 40
34 48.5764 136.875 40
35 49.1005 139.238 40
36 49.5985 121.29 40
37 47.2895 130.543 40
38 49.2832 152.514 40
39 48.5459 108.924 40
40 48.2941 127.934 40
41 48.5161 151.652 40
42 47.518 132.728 40
43 47.7554 121.52 40
44 46.6499 140.314 40
45 46.5205 131.601 40
46 47.4698 133.492 40
47 47.0142 115.116 40
48 45.1523 144.411 40
49 46.1236 125.598 40
50 47.5565 147.961 40
51 47.4843 129.126 40
52 46.2473 115.374 40
53 47.1339 151.81 40
54 47.5913 131.575 40
55 46.0478 121.662 40
56 46.8621 137.663 40
57 47.2716 141.053 40
58 47.9194 171.81 40
59 47.1777 126.002 40
60 46.6127 125.929 40
61 44.8625 145.79 40
62 47.598 123.678 40
63 47.8422 142.5 40
64 44.8544 129.247 40
65 45.6447 151.662 40
66 45.8026 120.996 40
67 44.7746 140.147 40
68 45.3789 135.258 40
69 45.0779 127.783 40
70 47.0078 128.574 40
71 44.0924 145.472 40
72 44.6802 151.102 40
73 44.6031 106.862 40
74 43.8074 147.336 40
75 45.3864 134.621 40
76 43.9556 140.713 40
77 43.8167 120.188 40
78 44.9132 152.8 40
79 45.6536 120.97 40
80 44.066 147.17 40
81 45.1662 141.746 40
82 44.5213 112.176 40
83 45.7117 93.3273 40
84 42.1026 136.928 40
85 44.3619 133.903 40
86 43.1197 122.013 40
87 44.8702 156.761 40
88 44.0642 156.184 40
89 43.9745 138.393 40
90 44.8846 128.372 40
91 43.6792 118.811 40
92 43.9461 155.709 40
93 44.8503 132.892 40
94 43.8781 129.539 40