0 46.3706 111.139 40
1 49.4278 138.02 40
2 47.4804 142.531 40
3 48.3997 136.743 40
4 47.9112 144.828 40
5 46.146 112.835 40
6 47.5671 133.105 40
7 48.1212 126.999 40
8 46.0581 138.115 40
9 47.0485 119.408 40
10 46.6915 142.956 40
11 48.4042 131.892 40
12 47.3774 117.669 40
13 44.5792 117.986 40
14 47.8722 134.054 40
15 47.2147 154.339 40
16 46.9032 150.92 40
17 47.7521 158.075 40
18 45.6262 146.242 40
19 46.6864 148.102 40
20 45.2459 146.01 40
21 47.4445 136.529 40
22 46.6856 119.523 40
23 46.0999 130.723 40
24 45.613 123.354 40
25 45.593 135.438 40
26 45.8315 118.569 40
27 45.2069 128.441 40
28 45.7645 158.664 40
29 45.8573 115.624 40
30 45.8522 152.247 40
31 45.76 149.172 40
32 47.9089 106.875 40
33 47.33 133.489 40
34 48.3218 137.26 40
35 46.5234 107.353 40
36 47.6585 114.266 40
37 47.5163 126.075 40
38 49.0263 126.725 40
39 47.4721 138.451 40
40 46.0519 131.357 40
41 47.0916 126.578 40
42 46.362 138.037 40
43 47.7016 127.406 40
44 46.8983 118.336 40
45 47.5433 123.308 40
46 47.2369 115.59 40
47 47.4411 147.428 40
48 46.8125 135.119 40
49 47.164 131.829 40
50 47.5328 154.278 40
51 47.0581 160.912 40
52 47.0604 108.487 40
53 45.3864 116.255 40
54 44.803 113.197 40
55 47.7495 128.446 40
56 45.7428 128.095 40
57 45.7525 132.056 40
58 45.2523 118.01 40
59 46.8246 119.947 40
60 45.5871 124.038 40
61 46.289 128.649 40
62 47.1182 125.817 40
63 45.9588 131.387 40
64 48.5064 76.2629 40
65 47.7418 91.6693 40
66 49.2336 62.2185 40
67 49.7224 66.0086 40
68 49.5513 64.043 40
69 48.5641 71.733 40
70 48.884 60.0366 40
71 47.5996 61.9746 40
72 46.2008 95.6876 40
73 49.1779 62.1691 40
74 48.2951 58.2538 40
75 48.1788 55.7625 40
76 49.164 76.3978 40
77 47.4285 64.5389 40
78 47.8064 64.1378 40
79 47.2895 78.1362 40
80 47.787 60.0607 40
81 46.0479 87.5758 40
82 48.1376 68.0464 40
83 49.6187 69.0027 40
84 46.7248 52.3618 40
85 47.6841 68.2124 40
86 46.6478 78.0668 40
87 48.5673 60.3349 40
88 47.21 78.9147 40
89 47.2803 69.3463 40
90 46.4005 55.1644 40
91 47.6543 79.9347 40
92 48.595 67.7258 40
93 46.9626 71.432 40
94 45.6126 50.8025 40