0 47.9577 92.4421 40
1 48.3416 102.146 40
2 48.5537 67.507 40
3 46.427 70.5061 40
4 47.0016 104.347 40
5 46.9365 99.0274 40
6 48.6692 91.707 40
7 49.5742 79.9927 40
8 48.7057 111.871 40
9 48.0938 114.634 40
10 47.4882 117.29 40
11 46.5397 76.134 40
12 47.8184 74.7268 40
13 48.1746 75.2034 40
14 47.8792 97.1874 40
15 46.9092 86.7142 40
16 46.0831 100.542 40
17 48.1611 90.1163 40
18 46.4776 79.4883 40
19 49.3199 112.097 40
20 46.8729 93.4079 40
21 48.7756 89.7588 40
22 46.7428 91.9645 40
23 46.5798 102.604 40
24 46.6919 83.284 40
25 47.2493 89.851 40
26 47.5743 97.1158 40
27 47.0749 91.0277 40
28 49.5472 89.726 40
29 48.4176 96.2578 40
30 48.1659 75.9611 40
31 49.169 80.6664 40
32 48.4237 85.1991 40
33 48.0862 87.2352 40
34 47.7063 70.4156 40
35 48.7131 92.5497 40
36 49.217 88.1617 40
37 47.8197 92.3369 40
38 49.087 86.3206 40
39 48.015 57.1178 40
40 48.762 70.6639 40
41 50.4498 84.267 40
42 49.0274 50.1475 40
43 50.3258 84.8949 40
44 49.5603 66.3338 40
45 47.5892 87.6353 40
46 48.5873 97.661 40
47 50.2177 57.3448 40
48 47.2814 66.6631 40
49 49.2558 52.2087 40
50 48.1315 71.9955 40
51 46.5207 76.1684 40
52 45.6169 67.7499 40
53 47.6492 75.1688 40
54 46.4217 88.5693 40
55 50.0051 84.9429 40
56 47.7366 63.7909 40
57 49.8874 50.6188 40
58 47.2926 91.6454 40
59 47.8419 94.4614 40
60 48.8182 78.5459 40
61 46.9655 93.0169 40
62 49.6069 86.4534 40
63 49.2187 62.751 40
64 48.0381 81.314 40
65 47.6506 80.5293 40
66 46.1263 53.3153 40
67 49.8172 66.8573 40
68 47.3363 75.2937 40
69 47.6034 79.6217 40
70 48.7048 82.2414 40
71 46.8402 90.5109 40
72 49.4262 69.9942 40
73 46.9297 79.5338 40
74 48.383 95.0647 40
75 47.448 84.1459 40
76 49.4718 55.1799 40
77 48.7807 63.7615 40
78 47.4003 83.2483 40
79 47.3101 92.2759 40
80 48.3158 100.965 40
81 48.6729 64.5177 40
82 45.4153 96.3969 40
83 47.803 66.911 40
84 46.5738 50.2859 40
85 46.7909 62.1401 40
86 48.1585 67.3713 40
87 47.2485 95.9738 40
88 47.2765 51.553 40
89 45.5978 56.2438 40
90 45.8327 97.3995 40
91 48.3438 64.7656 40
92 47.0915 55.6713 40
93 47.6865 61.8362 40
94 48.0565 54.2063 40