0 47.5082 102.15 40
1 48.9712 93.6062 40
2 48.2779 93.165 40
3 48.7275 79.5653 40
4 49.576 106.113 40
5 49.6875 99.677 40
6 47.8801 89.419 40
7 48.2766 73.1126 40
8 47.6992 96.7567 40
9 49.3073 101.33 40
10 48.1155 105.054 40
11 49.6915 101.835 40
12 48.0908 163.031 40
13 48.3519 87.2946 40
14 47.1388 127.054 40
15 50.0561 96.0607 40
16 49.3317 90.2803 40
17 48.9391 105.782 40
18 48.546 96.3824 40
19 48.2808 109.594 40
20 45.9365 73.1402 40
21 47.7703 101.492 40
22 48.0731 91.802 40
23 46.4924 87.6043 40
24 46.8047 104.991 40
25 48.0012 95.0816 40
26 46.9691 95.381 40
27 48.2444 99.1221 40
28 47.1033 119.384 40
29 46.2425 102.667 40
30 45.8601 89.1729 40
31 48.1555 102.246 40
32 48.9652 91.0429 40
33 49.3243 65.5158 40
34 50.2057 86.9695 40
35 49.0581 69.6106 40
36 49.0853 68.5789 40
37 49.0655 97.8724 40
38 49.5547 50.3805 40
39 49.7533 91.6324 40
40 48.4991 58.4643 40
41 48.0566 75.6539 40
42 48.508 57.2304 40
43 47.4319 54.2575 40
44 47.7882 79.7581 40
45 49.2838 88.545 40
46 46.6708 64.7228 40
47 47.6865 75.7845 40
48 48.5707 84.0249 40
49 47.1983 91.4151 40
50 46.7109 68.7009 40
51 47.3174 95.5509 40
52 47.3695 70.6606 40
53 45.7405 67.2098 40
54 44.2355 65.8278 40
55 47.0678 62.1993 40
56 47.2266 91.6839 40
57 47.9675 54.1827 40
58 48.0659 79.21 40
59 46.2755 85.3123 40
60 46.3331 83.8063 40
61 46.4776 91.6849 40
62 47.7768 55.9736 40
63 48.5882 91.6645 40
64 49.0857 77.503 40
65 48.4403 85.1958 40
66 49.174 79.8661 40
67 50.1232 97.006 40
68 50.4017 52.2333 40
69 48.9064 59.7333 40
70 47.7535 69.0524 40
71 47.7157 67.1194 40
72 48.2932 69.1028 40
73 48.6551 56.5228 40
74 48.0586 80.9288 40
75 48.2804 93.0261 40
76 50.2792 95.1278 40
77 48.3785 79.1062 40
78 48.6358 57.5884 40
79 48.418 84.6831 40
80 50.4193 87.1251 40
81 47.6915 89.5804 40
82 49.4788 87.7147 40
83 47.8765 76.2692 40
84 47.8458 61.0387 40
85 47.0859 93.1438 40
86 47.7922 92.1836 40
87 47.1279 64.5286 40
88 47.2726 51.7446 40
89 48.1096 78.9994 40
90 46.8225 67.0638 40
91 47.5345 55.5027 40
92 48.3298 59.5469 40
93 48.4543 72.0533 40
94 46.8654 65.8077 40