0 47.3892 139.02 40
1 44.5899 127.872 40
2 45.6091 125.383 40
3 46.3792 141.84 40
4 45.616 109.062 40
5 45.3038 145.727 40
6 47.0658 114.071 40
7 44.9751 127.183 40
8 46.1752 127.894 40
9 45.3177 139.723 40
10 46.4143 115.81 40
11 45.8798 136.6 40
12 46.2067 113.423 40
13 44.4644 112.682 40
14 46.1048 137.823 40
15 47.3194 132.793 40
16 45.7931 92.7861 40
17 44.4603 116.45 40
18 45.4165 121.871 40
19 46.3694 110.112 40
20 44.2728 103.959 40
21 44.3447 125.872 40
22 45.9091 117.009 40
23 46.8378 117.612 40
24 46.7225 159.74 40
25 45.5655 103.718 40
26 44.7438 121.707 40
27 44.7337 141.847 40
28 47.8004 123.367 40
29 46.5116 137.081 40
30 46.0405 137.522 40
31 46.0693 127.64 40
32 48.6279 94.9884 40
33 49.2134 81.9872 40
34 50.3197 100.103 40
35 47.5154 61.644 40
36 47.7902 91.6022 40
37 48.2653 56.751 40
38 47.6129 61.4719 40
39 48.3437 70.0206 40
40 48.6072 64.3654 40
41 47.7075 86.5096 40
42 48.0488 74.3724 40
43 48.057 76.8754 40
44 47.5298 72.5553 40
45 48.3389 91.4609 40
46 48.8337 55.2197 40
47 48.2712 74.5364 40
48 46.8898 83.8954 40
49 48.7806 69.2587 40
50 48.9601 62.4983 40
51 49.5506 87.634 40
52 47.7581 73.4493 40
53 48.6117 79.8745 40
54 46.9118 85.6816 40
55 48.3179 88.7158 40
56 46.3272 83.1067 40
57 46.7597 94.27 40
58 47.3681 58.1591 40
59 46.9882 84.8934 40
60 47.9973 94.3474 40
61 48.5676 90.0174 40
62 48.2409 91.2802 40
63 50.7366 90.88 40
64 46.663 71.7652 40
65 48.8278 73.29 40
66 46.0965 86.3549 40
67 45.4317 65.3323 40
68 45.0127 64.7214 40
69 46.8553 94.1917 40
70 45.1857 81.7883 40
71 47.1564 115.091 40
72 45.1317 88.2178 40
73 46.7263 109.425 40
74 47.2267 108.029 40
75 45.4503 57.8852 40
76 45.9994 111.282 40
77 47.518 101.083 40
78 44.0468 87.4099 40
79 45.9974 96.3128 40
80 46.7911 86.7893 40
81 47.2004 88.2124 40
82 46.6242 86.7548 40
83 46.5476 80.9445 40
84 44.5403 72.9757 40
85 45.4538 84.3367 40
86 44.3775 58.7996 40
87 45.8598 90.6225 40
88 45.8874 78.0512 40
89 46.3826 91.1169 40
90 46.2448 73.5159 40
91 47.0896 97.5034 40
92 44.7797 86.7675 40
93 46.0247 85.1466 40
94 45.8124 101.003 40