0 48.9546 68.9439 40
1 50.4249 69.7029 40
2 51.379 65.1039 40
3 49.3899 74.161 40
4 49.2997 64.8891 40
5 48.9432 70.501 40
6 49.9799 82.5935 40
7 48.2215 82.3251 40
8 50.5054 79.1576 40
9 49.6066 77.44 40
10 49.2547 72.5012 40
11 50.5655 51.5227 40
12 47.8141 74.3748 40
13 50.548 88.507 40
14 49.1039 67.4993 40
15 47.9215 94.9018 40
16 47.6966 64.5337 40
17 47.3083 84.1481 40
18 47.5819 90.1538 40
19 48.1368 65.5131 40
20 47.8705 68.5093 40
21 48.5523 67.2295 40
22 47.4143 52.836 40
23 48.7072 62.5049 40
24 47.4907 64.4537 40
25 46.2384 82.939 40
26 48.9433 67.1626 40
27 47.5647 79.0401 40
28 47.0891 72.5591 40
29 47.3915 62.8724 40
30 48.0628 66.7692 40
31 48.4793 73.5173 40
32 50.3103 62.3359 40
33 49.2465 83.9932 40
34 49.3356 57.9101 40
35 51.5222 54.6024 40
36 49.3225 90.5783 40
37 50.6369 53.0118 40
38 49.1995 63.2573 40
39 49.8261 64.64 40
40 49.2878 76.4222 40
41 48.8972 91.7094 40
42 50.8961 54.5873 40
43 50.1079 60.7796 40
44 48.5705 94.0107 40
45 48.5787 53.5173 40
46 49.1074 58.362 40
47 49.9279 57.1592 40
48 48.2263 87.7618 40
49 47.6726 94.4603 40
50 48.8644 56.3369 40
51 50.1544 99.6952 40
52 47.1505 83.3437 40
53 48.6316 91.4494 40
54 48.6288 99.86 40
55 49.6 62.3206 40
56 49.7434 58.6215 40
57 47.9439 94.4702 40
58 47.5612 90.0876 40
59 46.6116 57.6681 40
60 46.3397 94.0983 40
61 47.9262 78.5859 40
62 48.6269 91.7308 40
63 49.0164 58.1469 40
64 50.3011 63.8247 40
65 52.6936 82.0628 40
66 50.864 95.4537 40
67 49.0231 74.6195 40
68 51.6159 78.1427 40
69 51.5972 74.0271 40
70 50.3032 68.1149 40
71 51.1237 89.275 40
72 50.323 85.4692 40
73 49.4156 101.505 40
74 48.4378 137.529 40
75 50.0146 105.625 40
76 49.1761 102.868 40
77 50.4692 111.204 40
78 48.8078 146.246 40
79 49.4036 83.3518 40
80 47.6134 118.381 40
81 50.5443 72.3666 40
82 49.2242 61.1091 40
83 49.5245 57.2684 40
84 49.1137 76.2516 40
85 47.5616 68.9213 40
86 48.2754 112.304 40
87 47.9098 105.146 40
88 47.8235 142.624 40
89 48.4443 93.0345 40
90 48.046 67.7586 40
91 48.7212 69.5271 40
92 49.3311 98.9407 40
93 48.933 71.1137 40
94 50.2087 63.4148 40