0 49.6328 58.8867 40
1 49.9747 64.5285 40
2 49.9324 74.244 40
3 47.7905 84.094 40
4 48.3836 81.0365 40
5 48.3265 91.3168 40
6 48.4529 57.7096 40
7 48.73 67.853 40
8 48.2136 108.398 40
9 48.5069 96.5187 40
10 47.5446 84.4576 40
11 47.7824 66.6046 40
12 47.6801 70.1715 40
13 48.8551 68.3297 40
14 48.0603 77.1703 40
15 48.1384 79.5488 40
16 48.0235 82.9784 40
17 47.4716 52.6041 40
18 46.8933 78.9547 40
19 47.1744 53.2591 40
20 47.0111 73.2239 40
21 46.8347 84.384 40
22 47.6199 58.6861 40
23 48.7102 74.4365 40
24 47.7743 72.1156 40
25 48.2118 90.6239 40
26 49.3004 84.7766 40
27 48.4523 100.582 40
28 47.361 77.3109 40
29 46.6989 63.2058 40
30 45.9068 59.2455 40
31 47.9455 80.2984 40
32 48.4262 82.2811 40
33 47.7923 142.916 40
34 49.0147 93.4216 40
35 47.2884 144.782 40
36 46.7312 110.558 40
37 47.9096 82.989 40
38 48.0909 108.975 40
39 48.5342 118.006 40
40 48.3925 150.172 40
41 45.9412 122.91 40
42 47.0658 163.552 40
43 49.3151 138.135 40
44 47.5123 161.785 40
45 48.8063 83.241 40
46 49.1316 94.8008 40
47 46.2663 124.459 40
48 48.2879 88.0611 40
49 47.9916 118.642 40
50 48.8999 103.293 40
51 47.0061 69.8703 40
52 45.9679 105.69 40
53 47.8937 85.9677 40
54 46.0947 157.069 40
55 46.9517 182.52 40
56 46.6272 133.602 40
57 48.0219 119.39 40
58 46.0098 105.865 40
59 47.1078 99.111 40
60 46.5537 104.575 40
61 46.6 123.781 40
62 46.8059 83.522 40
63 47.7744 78.6948 40
64 48.8552 153.116 40
65 47.5153 162.96 40
66 45.9164 116.008 40
67 47.9165 110.098 40
68 48.162 146.467 40
69 47.5007 155.526 40
70 48.3128 144.451 40
71 47.6267 161.402 40
72 46.6824 156.655 40
73 47.0025 160.115 40
74 47.2744 129.757 40
75 45.498 157.446 40
76 46.0161 168.568 40
77 46.6237 146.69 40
78 44.2369 147.586 40
79 46.6373 112.748 40
80 47.1224 141.129 40
81 45.836 123.233 40
82 46.6906 151.521 40
83 45.8773 173.244 40
84 42.6244 133.988 40
85 45.3211 155.595 40
86 46.0973 98.2807 40
87 47.0226 154.724 40
88 45.0408 167.567 40
89 44.8734 143.797 40
90 44.568 144.159 40
91 46.5702 166.764 40
92 45.6198 164.721 40
93 44.8559 153.94 40
94 46.605 93.1682 40