0 45.2122 98.5761 40
1 46.1624 94.5409 40
2 45.6583 94.9262 40
3 46.6796 105.242 40
4 45.4155 76.8542 40
5 46.2131 93.4731 40
6 45.0343 115.675 40
7 47.4955 119.331 40
8 44.4078 99.8595 40
9 46.5274 95.7568 40
10 44.4939 107.54 40
11 45.2615 89.6932 40
12 45.5548 99.8945 40
13 45.1707 77.6134 40
14 45.4445 86.3909 40
15 44.6835 94.5648 40
16 44.9938 102.662 40
17 46.3127 108.244 40
18 44.3783 86.2691 40
19 46.878 85.5768 40
20 45.9678 109.71 40
21 44.7131 91.1537 40
22 44.8187 109.207 40
23 44.2809 91.4202 40
24 43.3899 100.346 40
25 44.0347 72.0094 40
26 43.8698 103.851 40
27 44.6955 99.3634 40
28 44.4935 104.559 40
29 45.1124 85.6441 40
30 44.1132 65.0242 40
31 44.8604 90.9708 40
32 49.0673 93.6499 40
33 48.7064 94.8375 40
34 48.0874 118.495 40
35 46.7383 79.6314 40
36 47.3747 117.39 40
37 46.4086 102.722 40
38 48.1709 98.8182 40
39 46.5944 92.6456 40
40 47.6333 97.5486 40
41 47.6959 117.355 40
42 47.9752 112.463 40
43 47.496 93.3172 40
44 47.0243 104.285 40
45 47.893 102.07 40
46 46.8743 89.2333 40
47 46.5771 102.85 40
48 46.1691 102.851 40
49 46.6345 83.696 40
50 44.6206 95.1852 40
51 45.5974 89.9385 40
52 46.2369 99.0206 40
53 45.7721 121.598 40
54 46.5295 126.289 40
55 46.1754 111.308 40
56 45.2409 119.524 40
57 44.6514 99.128 40
58 47.9534 135.034 40
59 44.9603 111.156 40
60 46.7668 136.269 40
61 44.6325 93.2157 40
62 46.1173 144 40
63 45.7354 118.077 40
64 47.4383 61.1317 40
65 47.5804 76.802 40
66 47.9592 64.369 40
67 46.2556 74.4715 40
68 45.8974 89.3867 40
69 45.81 52.1353 40
70 45.5191 87.6403 40
71 46.4123 67.9238 40
72 45.1007 90.4779 40
73 46.1817 68.247 40
74 47.3603 84.5828 40
75 46.0927 83.1555 40
76 46.7558 88.5688 40
77 45.9333 82.8168 40
78 44.542 80.5819 40
79 46.2608 74.3305 40
80 45.9886 57.4753 40
81 45.6664 59.0453 40
82 45.3091 68.633 40
83 46.752 72.808 40
84 43.8696 71.8789 40
85 45.0351 92.8826 40
86 45.5241 72.3273 40
87 45.8829 77.2028 40
88 46.8571 62.1284 40
89 45.3139 93.4268 40
90 46.1618 68.3571 40
91 45.2242 92.6901 40
92 44.8278 70.763 40
93 46.3125 55.6908 40
94 45.1734 60.3974 40