0 50.4932 77.8404 40
1 50.5444 157.227 40
2 47.4338 89.45 40
3 49.9486 136.047 40
4 49.263 138.306 40
5 48.9293 87.4344 40
6 49.6974 97.5758 40
7 48.8451 95.3526 40
8 47.7485 101.009 40
9 49.7931 89.4324 40
10 49.1251 79.0152 40
11 49.8061 88.7687 40
12 49.2465 96.3743 40
13 50.5518 78.3519 40
14 50.8552 85.8118 40
15 50.7703 132.364 40
16 50.014 128.7 40
17 50.5756 126.749 40
18 49.0982 121.312 40
19 49.122 146.231 40
20 49.6947 164.829 40
21 49.4988 156.96 40
22 48.7992 151.654 40
23 48.5743 116.523 40
24 50.4645 148.101 40
25 48.9854 70.4685 40
26 49.0553 138.774 40
27 49.0518 106.39 40
28 49.2801 136.503 40
29 48.6834 142.02 40
30 49.682 143.754 40
31 48.2647 121.385 40
32 47.1003 52.02 40
33 47.6309 66.9131 40
34 48.3016 63.545 40
35 46.1923 86.2435 40
36 47.7196 86.3524 40
37 49.4383 67.3937 40
38 48.6463 92.6498 40
39 49.5622 82.4289 40
40 46.5704 61.6384 40
41 47.7119 84.6482 40
42 46.8034 77.9691 40
43 46.6879 57.6335 40
44 45.2832 91.9695 40
45 46.3129 74.4683 40
46 46.2565 92.2982 40
47 47.8692 87.1191 40
48 46.1913 96.5594 40
49 45.3718 91.1566 40
50 47.2869 62.6403 40
51 45.6236 71.9079 40
52 47.062 64.0889 40
53 46.5303 66.9553 40
54 46.0524 94.1554 40
55 47.0413 84.4171 40
56 45.3521 59.1449 40
57 47.3698 52.2145 40
58 46.6338 68.8779 40
59 45.1609 69.2264 40
60 46.3647 65.1758 40
61 44.6149 75.2539 40
62 44.8351 64.9201 40
63 45.3694 72.0743 40