0 48.5399 97.4029 40
1 49.8777 122.422 40
2 47.5659 112.656 40
3 47.5859 91.3938 40
4 47.6121 101.389 40
5 47.9988 70.9594 40
6 48.6707 88.8179 40
7 47.7653 97.9535 40
8 47.203 76.7837 40
9 46.2596 109.673 40
10 47.4857 84.698 40
11 48.2107 86.6962 40
12 47.9092 77.9292 40
13 47.7384 86.0142 40
14 46.8649 93.6547 40
15 46.9008 114.59 40
16 48.4132 71.0854 40
17 48.1654 95.1735 40
18 47.769 102.395 40
19 46.9849 74.7091 40
20 47.1361 81.1059 40
21 46.3322 53.4268 40
22 46.5838 65.4977 40
23 47.4107 92.928 40
24 46.957 80.8732 40
25 45.7991 90.4493 40
26 46.9976 113.556 40
27 45.0751 87.4281 40
28 45.7919 109.457 40
29 45.5248 81.3943 40
30 45.6863 80.0923 40
31 46.5435 94.9649 40
32 46.6339 76.6559 40
33 47.7029 79.1063 40
34 47.6531 93.8232 40
35 46.2436 89.2437 40
36 46.2909 100.558 40
37 45.7748 123.16 40
38 46.3722 98.2382 40
39 46.6495 92.8432 40
40 46.188 112.737 40
41 48.5762 98.2409 40
42 47.4252 81.309 40
43 45.5099 80.3986 40
44 46.7746 80.9155 40
45 45.9173 86.6752 40
46 48.3108 98.1245 40
47 46.6404 108.94 40
48 46.6946 90.7182 40
49 48.2281 76.2712 40
50 45.8688 86.4355 40
51 46.4963 123.964 40
52 46.6344 103.905 40
53 49.1162 102.881 40
54 45.3053 92.341 40
55 46.203 99.8486 40
56 44.6974 98.9887 40
57 45.4033 109.945 40
58 46.2572 107.246 40
59 46.0618 75.938 40
60 47.4309 127.515 40
61 45.4303 78.6344 40
62 47.0251 95.573 40
63 48.1309 101.133 40
64 49.5046 94.2421 40
65 48.1371 87.9871 40
66 49.4587 85.3796 40
67 47.4081 83.091 40
68 47.7031 65.7586 40
69 48.7415 77.9651 40
70 48.1066 64.0445 40
71 46.9043 75.0516 40
72 47.6374 73.3892 40
73 48.2866 66.173 40
74 48.1514 70.9047 40
75 48.2876 67.079 40
76 47.7769 79.4271 40
77 47.8469 92.9228 40
78 47.3761 78.4083 40
79 48.8162 78.6759 40
80 47.3665 60.0719 40
81 47.705 76.6085 40
82 47.882 95.1593 40
83 46.8686 91.973 40
84 46.4342 80.0742 40
85 47.6138 87.492 40
86 46.2028 93.5868 40
87 46.748 89.1242 40
88 46.2935 53.2618 40
89 47.3778 74.0894 40
90 47.294 71.6843 40
91 45.9989 80.0856 40
92 46.0499 88.4827 40
93 47.7357 104.399 40
94 47.3868 96.694 40