0 44.9377 122.826 40
1 43.6886 122.27 40
2 43.4036 81.7424 40
3 43.8618 111.903 40
4 44.038 76.2189 40
5 42.6571 93.8344 40
6 44.284 93.6111 40
7 43.5989 122.393 40
8 44.5345 88.0295 40
9 44.7572 144.624 40
10 45.1577 108.377 40
11 44.9074 76.8317 40
12 43.276 90.3045 40
13 44.4178 105.416 40
14 43.8495 70.8883 40
15 44.6585 76.4668 40
16 44.1635 92.6653 40
17 42.0481 88.6893 40
18 43.5317 99.8083 40
19 44.0058 89.6845 40
20 42.2436 86.9367 40
21 44.5047 108.428 40
22 43.2517 103.548 40
23 43.8229 103.405 40
24 44.6084 90.6479 40
25 43.858 106.059 40
26 42.2696 92.7177 40
27 43.0468 91.5518 40
28 45.1478 93.8748 40
29 43.8463 86.3854 40
30 41.554 100.686 40
31 42.7802 136.009 40
32 46.7661 139.89 40
33 47.5913 161.636 40
34 45.8965 142.899 40
35 46.923 136.264 40
36 45.2906 121.097 40
37 46.2078 130.635 40
38 45.0533 121.154 40
39 45.7789 142.239 40
40 46.5336 135.07 40
41 44.2354 103.379 40
42 46.1819 134.337 40
43 44.7972 129.798 40
44 44.3283 114.294 40
45 45.6982 141.484 40
46 44.3695 135.162 40
47 46.7032 138.361 40
48 44.3596 130.881 40
49 46.9961 146.93 40
50 46.0319 124.737 40
51 44.7769 132.55 40
52 43.6992 117.378 40
53 44.6116 111.203 40
54 43.7767 106.015 40
55 45.3991 151.537 40
56 44.4452 137.362 40
57 44.7294 103.398 40
58 43.5806 114.418 40
59 45.574 118.797 40
60 45.1788 129.159 40
61 45.1144 158.828 40
62 44.2305 138.778 40
63 44.3612 131.072 40
64 45.6095 89.8363 40
65 44.7666 50.803 40
66 46.0737 74.8782 40
67 45.375 77.3825 40
68 45.2543 90.5296 40
69 46.4476 97.0863 40
70 44.8988 83.6434 40
71 44.3256 83.1538 40
72 46.1608 52.2441 40
73 45.2802 81.677 40
74 45.1669 53.8498 40
75 44.7219 55.5356 40
76 43.2937 88.851 40
77 43.7822 84.0996 40
78 43.4906 71.4884 40
79 46.0363 88.4116 40
80 45.6717 59.9956 40
81 45.539 55.4901 40
82 44.6108 71.8858 40
83 44.835 70.6243 40
84 43.7989 55.7337 40
85 43.4617 84.0479 40
86 43.84 66.8285 40
87 44.1094 90.7834 40
88 42.9587 60.6586 40
89 44.0894 81.0458 40
90 44.2321 52.5367 40
91 43.8011 64.915 40
92 43.3725 91.3225 40
93 43.8738 72.0634 40
94 43.6184 82.7199 40