0 47.6907 84.2678 40
1 46.0777 66.6456 40
2 47.502 92.1411 40
3 46.8808 63.3166 40
4 46.9781 94.7716 40
5 46.549 68.8605 40
6 46.8549 104.63 40
7 48.1757 107.715 40
8 47.4574 61.4202 40
9 48.8188 78.0345 40
10 45.5564 75.0393 40
11 45.7046 74.9753 40
12 46.2532 105.919 40
13 46.0419 85.7904 40
14 46.9573 56.9096 40
15 45.737 81.4101 40
16 46.5061 102.551 40
17 47.808 81.7781 40
18 46.9747 62.5699 40
19 46.3477 71.534 40
20 45.3671 96.6117 40
21 46.542 105.847 40
22 45.7325 88.0465 40
23 45.5826 75.8149 40
24 46.1953 100.791 40
25 44.8169 98.5963 40
26 45.3169 77.1779 40
27 46.277 77.4795 40
28 44.851 69.0446 40
29 44.9989 86.561 40
30 44.3715 63.4939 40
31 44.5839 62.8771 40
32 47.677 161.59 40
33 46.5386 126.971 40
34 47.7477 125.099 40
35 47.3585 129.694 40
36 46.4407 135.217 40
37 46.5579 141.129 40
38 45.1816 128.527 40
39 46.5301 129.682 40
40 47.4595 129.659 40
41 46.6195 136.648 40
42 45.871 128.086 40
43 46.3798 151.862 40
44 46.3395 135.594 40
45 46.9256 105.581 40
46 44.7264 132.923 40
47 46.1317 133.931 40
48 45.3237 138.671 40
49 44.03 150.929 40
50 44.1043 143.599 40
51 44.3188 128.248 40
52 43.9597 152.516 40
53 44.2107 135.469 40
54 43.4378 146.214 40
55 43.8323 120.32 40
56 45.1571 121.099 40
57 44.5827 150.401 40
58 44.4554 131.585 40
59 44.4839 130.267 40
60 45.0036 140.575 40
61 44.941 126.752 40
62 44.7369 132.723 40
63 44.5512 151.782 40
64 47.0015 143.649 40
65 44.6844 87.1019 40
66 47.5611 135.209 40
67 48.1236 59.0531 40
68 46.8151 98.3398 40
69 46.7706 105.392 40
70 46.6465 82.4161 40
71 47.6841 145.327 40
72 47.2989 139.364 40
73 46.9584 144.653 40
74 45.642 141.152 40
75 46.8594 111.687 40
76 46.1903 133.934 40
77 45.9557 125.413 40
78 46.6277 144.692 40
79 45.4847 122.335 40
80 45.2352 130.114 40
81 45.1276 124.583 40
82 46.1004 106.99 40
83 45.4526 123.401 40
84 44.4759 79.3671 40
85 44.1922 83.0572 40
86 45.4592 120.857 40
87 46.5524 157.927 40
88 44.2499 112.272 40
89 44.3156 123.63 40
90 45.275 134.044 40
91 44.2782 124.813 40
92 45.164 114.934 40
93 44.3099 84.2815 40
94 45.7457 91.9895 40