0 46.3692 55.499 40
1 48.2067 75.7495 40
2 48.3508 92.6603 40
3 47.28 87.0015 40
4 47.2587 51.6145 40
5 46.7142 70.3497 40
6 48.0081 84.421 40
7 48.8598 93.8503 40
8 47.1426 52.7228 40
9 46.9032 66.3252 40
10 48.1722 65.3124 40
11 47.5676 51.8524 40
12 46.0312 67.1951 40
13 45.3242 97.0818 40
14 46.1472 55.4481 40
15 47.8791 67.106 40
16 47.8875 61.4697 40
17 49.1596 65.553 40
18 48.8072 85.6726 40
19 48.8323 69.7065 40
20 47.0246 56.4529 40
21 48.1987 57.0667 40
22 47.2141 54.4859 40
23 47.91 84.9108 40
24 46.2917 74.9587 40
25 45.9392 86.6799 40
26 47.2508 81.4339 40
27 46.7263 70.9626 40
28 46.3556 59.8666 40
29 47.6047 78.2332 40
30 47.3886 57.2389 40
31 47.8093 80.4712 40
32 49.2876 70.6529 40
33 49.9231 81.32 40
34 49.4805 60.4776 40
35 50.4837 63.286 40
36 48.0909 61.7814 40
37 48.5381 50.7309 40
38 49.3849 64.6343 40
39 49.6231 62.7571 40
40 50.0788 88.4113 40
41 49.1207 74.4415 40
42 47.6994 63.5533 40
43 49.734 68.9537 40
44 47.7432 83.3073 40
45 48.8042 74.5594 40
46 47.4709 92.767 40
47 48.7634 88.9509 40
48 48.4381 70.7227 40
49 48.4112 78.4533 40
50 48.8292 84.7218 40
51 47.7755 87.1039 40
52 47.1638 86.2363 40
53 46.9587 64.0569 40
54 47.8919 69.5954 40
55 47.8433 54.377 40
56 48.923 97.0082 40
57 47.0117 96.1747 40
58 48.6624 67.4236 40
59 48.4325 76.7832 40
60 47.3238 71.3075 40
61 48.4086 68.1896 40
62 48.5471 69.6269 40
63 49.2339 93.5038 40
64 45.2773 98.8018 40
65 46.3806 79.0306 40
66 45.1478 105.347 40
67 48.0324 59.1306 40
68 46.7794 98.9446 40
69 45.7837 66.0332 40
70 46.853 85.5931 40
71 46.3532 83.3321 40
72 46.1177 90.1736 40
73 46.328 78.23 40
74 47.7939 73.0647 40
75 46.4378 100.042 40
76 46.8958 74.4426 40
77 45.1825 100.685 40
78 45.9204 89.8703 40
79 45.7259 77.9592 40
80 46.7149 83.6635 40
81 46.6693 80.1327 40
82 45.9011 57.4257 40
83 45.2602 90.208 40
84 44.9277 85.3704 40
85 44.3024 93.9136 40
86 44.1347 80.3068 40
87 45.8891 80.9161 40
88 44.674 90.0118 40
89 46.8643 75.1254 40
90 47.084 67.9863 40
91 45.7183 95.8646 40
92 46.9522 86.7026 40
93 46.834 95.6979 40
94 45.986 94.5661 40