0 49.4653 175.817 40
1 48.9129 205.809 40
2 49.4979 145.495 40
3 50.8469 139.35 40
4 50.7092 142.762 40
5 51.2318 156.219 40
6 48.6468 161.886 40
7 49.283 175.229 40
8 49.7688 176.167 40
9 48.3368 183.174 40
10 49.0381 193.244 40
11 49.1254 184.068 40
12 49.6564 150.698 40
13 49.9831 132.746 40
14 49.1074 159.348 40
15 51.0251 152.053 40
16 48.2382 191.754 40
17 48.3981 141.665 40
18 49.3548 184.576 40
19 48.6894 143.736 40
20 48.6724 170.756 40
21 48.961 159.611 40
22 50.2832 147.825 40
23 49.631 175.321 40
24 48.2822 151.009 40
25 48.3403 208.96 40
26 48.5743 148.471 40
27 48.6824 152.958 40
28 48.8781 157.428 40
29 48.8542 146.106 40
30 48.0403 160.633 40
31 48.9269 167.565 40
32 51.0878 57.2987 40
33 51.2206 96.0511 40
34 51.023 76.8104 40
35 51.1065 96.0771 40
36 50.133 79.4481 40
37 50.6568 61.8336 40
38 51.3139 72.005 40
39 49.7362 55.5373 40
40 49.0918 104.047 40
41 49.9497 63.3503 40
42 51.273 95.8328 40
43 48.7447 76.7879 40
44 49.576 75.4544 40
45 49.1691 78.3872 40
46 49.6856 62.676 40
47 49.7072 83.4368 40
48 48.1644 73.4124 40
49 48.3067 55.3236 40
50 48.9213 118.085 40
51 47.3735 61.3499 40
52 48.2716 78.949 40
53 48.2903 118.247 40
54 48.7778 93.753 40
55 48.1664 96.0928 40
56 48.0128 93.2163 40
57 48.3084 90.4353 40
58 48.4264 70.5994 40
59 48.8316 83.3471 40
60 48.1006 89.6296 40
61 49.2107 97.3701 40
62 48.5713 82.3903 40
63 48.4163 82.3583 40
64 51.2334 82.5497 40
65 51.197 107.797 40
66 50.7782 89.216 40
67 53.3389 64.6379 40
68 52.6233 85.0289 40
69 52.8387 96.889 40
70 51.8265 81.941 40
71 52.2021 76.7291 40
72 50.4044 74.7945 40
73 50.483 92.7194 40
74 52.568 95.2521 40
75 50.9899 50.9947 40
76 51.0915 81.7452 40
77 50.2551 79.5229 40
78 51.8875 56.4143 40
79 50.987 70.1695 40
80 50.4797 57.8546 40
81 50.7587 77.3833 40
82 52.1264 96.3328 40
83 50.0721 70.6948 40
84 49.6807 63.6271 40
85 50.3433 103.155 40
86 49.5775 85.6633 40
87 50.647 96.1995 40
88 50.7555 61.8273 40
89 50.2679 96.4867 40
90 51.3847 73.559 40
91 49.282 79.0562 40
92 51.1013 67.6524 40
93 51.4145 64.2717 40
94 50.5809 61.4504 40