0 49.3227 76.046 40
1 50.0209 131.055 40
2 49.991 64.1432 40
3 48.9407 54.4897 40
4 49.2046 74.0807 40
5 50.4842 122.781 40
6 49.9578 101.134 40
7 49.4382 88.2017 40
8 49.9887 87.3734 40
9 50.4444 88.8268 40
10 50.3772 85.9324 40
11 48.5048 74.3145 40
12 48.4208 109.572 40
13 49.6913 52.4592 40
14 48.6522 87.2721 40
15 50.2998 94.5087 40
16 49.989 109.628 40
17 50.1574 60.5225 40
18 49.5607 87.2229 40
19 50.5772 73.5077 40
20 48.2809 86.7722 40
21 49.6058 77.603 40
22 48.153 59.7472 40
23 49.4155 99.0115 40
24 50.9698 94.2001 40
25 49.6349 54.4121 40
26 48.1837 109.415 40
27 48.4073 106.907 40
28 48.6604 107.977 40
29 47.8444 99.2315 40
30 46.7325 102.775 40
31 49.0139 59.6989 40
32 50.2506 115.918 40
33 51.3993 108.185 40
34 49.5467 117.195 40
35 50.4197 108.777 40
36 48.5183 95.5882 40
37 49.2885 141.141 40
38 49.503 124.399 40
39 50.3378 109.236 40
40 48.8854 130.855 40
41 50.7852 94.094 40
42 51.1729 121.857 40
43 49.8944 111.869 40
44 49.8415 112.404 40
45 49.7382 138.154 40
46 50.0311 141.773 40
47 49.2397 101.557 40
48 50.2405 105.517 40
49 49.017 135.932 40
50 49.4739 114.201 40
51 49.271 114.006 40
52 48.409 119.066 40
53 48.9897 112.727 40
54 48.0721 96.4902 40
55 49.7207 122.257 40
56 48.042 105.435 40
57 48.2776 129.62 40
58 48.975 143.3 40
59 47.3691 113.401 40
60 48.5906 121.461 40
61 47.0205 125.977 40
62 48.1516 126.796 40
63 49.231 114.034 40
64 50.7106 82.6343 40
65 51.1456 73.4389 40
66 50.4107 90.372 40
67 51.1564 54.277 40
68 51.2986 68.9756 40
69 51.7214 85.3851 40
70 50.9048 97.7289 40
71 49.7751 65.3857 40
72 50.3098 87.8425 40
73 48.613 84.7053 40
74 50.8288 93.1193 40
75 50.5866 81.5549 40
76 49.336 105.956 40
77 48.9949 82.8563 40
78 49.7653 97.0969 40
79 49.1591 79.6745 40
80 49.8016 69.6452 40
81 48.6778 86.9954 40
82 48.6368 87.9974 40
83 48.7185 77.2827 40
84 47.6631 76.1657 40
85 48.8047 88.16 40
86 47.3438 75.436 40
87 48.5919 91.5526 40
88 48.25 65.2374 40
89 49.594 85.958 40
90 49.3209 86.4606 40
91 49.0003 75.9326 40
92 48.9504 78.2804 40
93 46.5182 76.1898 40
94 49.5976 107.488 40