0 50.168 78.1712 40
1 50.5432 80.8024 40
2 49.6184 54.9642 40
3 48.8149 56.8815 40
4 49.4609 70.8092 40
5 48.3259 73.3928 40
6 48.4364 78.3344 40
7 49.779 76.08 40
8 48.7456 85.5424 40
9 49.7081 88.9734 40
10 49.5281 93.5555 40
11 51.1286 92.4916 40
12 49.034 70.3747 40
13 49.0543 75.9517 40
14 47.461 93.7165 40
15 47.4872 51.9498 40
16 47.0168 93.7414 40
17 48.7783 88.5026 40
18 48.8659 73.6427 40
19 49.5845 83.8219 40
20 48.6575 90.8266 40
21 48.1183 98.1825 40
22 48.2489 72.6518 40
23 49.3546 65.2579 40
24 48.3354 109.624 40
25 46.0861 78.589 40
26 47.2083 61.3585 40
27 48.1184 85.3929 40
28 48.258 62.7712 40
29 49.5034 87.4028 40
30 46.9135 63.7187 40
31 48.761 65.8793 40
32 48.9367 67.8616 40
33 47.0305 72.9682 40
34 48.508 75.7355 40
35 48.8915 56.4299 40
36 48.4412 88.6488 40
37 49.6368 86.3109 40
38 49.6317 71.6654 40
39 47.6688 94.6199 40
40 48.9709 53.9068 40
41 49.6352 54.8446 40
42 50.4517 68.6697 40
43 49.4291 96.7302 40
44 49.7295 50.5615 40
45 47.2865 97.6808 40
46 49.4854 55.8801 40
47 47.259 87.2414 40
48 46.7453 87.9589 40
49 47.7344 100.455 40
50 48.4314 80.9447 40
51 49.0779 65.8571 40
52 47.8708 67.0108 40
53 48.575 81.7812 40
54 47.1277 54.3923 40
55 47.0793 95.8448 40
56 44.1058 92.176 40
57 47.7001 56.2342 40
58 48.5049 55.8577 40
59 47.6127 78.3861 40
60 46.2656 77.5759 40
61 46.6624 75.1368 40
62 47.0106 73.5195 40
63 47.4986 73.7433 40
64 49.0036 101.348 40
65 49.1189 100.894 40
66 50.2303 91.6534 40
67 49.376 80.3009 40
68 49.7862 106.594 40
69 50.0493 81.9776 40
70 48.8306 64.0059 40
71 48.6593 93.9785 40
72 48.8939 82.8501 40
73 48.697 66.4588 40
74 48.0978 78.054 40
75 48.4359 80.4128 40
76 47.9827 61.6859 40
77 48.9285 77.7854 40
78 50.2147 78.2293 40
79 49.1165 76.0753 40
80 50.6452 83.4358 40
81 48.6908 99.3734 40
82 47.6273 66.6636 40
83 48.3645 115.199 40
84 47.3423 96.1988 40
85 46.4499 78.9943 40
86 47.3669 61.5984 40
87 47.6062 77.0781 40
88 46.7798 74.0325 40
89 47.9435 125.038 40
90 49.4397 99.8851 40
91 47.8409 101.034 40
92 49.1807 72.076 40
93 47.0079 96.2669 40
94 47.4733 82.5659 40