0 48.2537 117.387 40
1 46.5526 96.4312 40
2 47.2726 100.471 40
3 47.9218 112.663 40
4 48.0895 105.241 40
5 48.7576 104.371 40
6 45.7941 99.4685 40
7 45.5166 119.576 40
8 45.4788 102.424 40
9 46.0146 102.861 40
10 46.5065 128.186 40
11 46.9857 101.339 40
12 46.2349 88.8588 40
13 47.0141 97.1008 40
14 46.3174 104.229 40
15 46.547 96.5231 40
16 47.3021 130.418 40
17 45.7857 106.142 40
18 45.5601 96.1871 40
19 46.9096 121.339 40
20 45.1454 92.3226 40
21 46.0826 118.186 40
22 45.9434 127.042 40
23 44.0552 93.8198 40
24 45.7469 111.618 40
25 45.3507 89.4192 40
26 45.8865 96.2868 40
27 45.3043 126.365 40
28 45.6016 114.994 40
29 45.3141 111.624 40
30 46.4085 102.569 40
31 45.2967 120.312 40
32 46.7096 132.172 40
33 46.4757 126.98 40
34 46.4186 161.022 40
35 47.3625 131.113 40
36 47.2858 145.159 40
37 46.5472 155.236 40
38 45.8325 140.779 40
39 46.4107 128.223 40
40 46.6223 151.097 40
41 46.2389 147.054 40
42 47.3249 179.284 40
43 46.0168 151.685 40
44 45.5679 136.853 40
45 47.0718 159.455 40
46 47.708 148.618 40
47 45.0901 156.365 40
48 45.2738 135.967 40
49 45.2221 148.251 40
50 47.0776 131.682 40
51 47.6501 160.084 40
52 46.033 154.462 40
53 45.6649 144.349 40
54 46.0204 135.516 40
55 45.1453 144.448 40
56 46.2087 149.455 40
57 44.4973 129.621 40
58 44.9821 139.661 40
59 46.087 145.554 40
60 45.3372 135.222 40
61 44.8643 129.382 40
62 45.2021 140.462 40
63 46.0879 152.824 40
64 46.4372 52.1348 40
65 46.9934 87.3821 40
66 47.9436 78.2178 40
67 46.9559 54.6222 40
68 46.6723 63.7478 40
69 47.8449 80.6711 40
70 49.0068 87.855 40
71 46.7869 85.2831 40
72 48.1425 89.2455 40
73 48.717 88.3644 40
74 48.3516 60.5345 40
75 47.1212 81.7883 40
76 46.6822 65.0822 40
77 47.7001 87.6359 40
78 48.0006 82.129 40
79 46.7303 75.5083 40
80 47.4168 87.2938 40
81 47.3487 92.3181 40
82 46.6089 76.9497 40
83 46.6307 68.3746 40
84 46.8269 81.2421 40
85 47.1861 93.9532 40
86 45.6101 81.8031 40
87 46.3027 54.6364 40
88 46.466 74.5461 40
89 45.7173 80.3918 40
90 46.3555 53.4811 40
91 46.323 61.9008 40
92 46.1447 58.343 40
93 47.7214 59.541 40
94 45.8908 70.8861 40
95 47.11 85.051 40