0 49.3161 64.0796 40
1 48.4594 60.1714 40
2 48.9557 59.3677 40
3 49.688 52.7404 40
4 49.8618 82.7653 40
5 48.045 69.0291 40
6 49.9229 67.5763 40
7 47.8586 59.0728 40
8 46.6267 60.3887 40
9 47.9936 52.5626 40
10 48.105 53.0576 40
11 47.8236 92.0904 40
12 46.6819 95.1917 40
13 47.5492 69.1025 40
14 49.3645 85.6097 40
15 47.9293 72.7769 40
16 45.9452 58.2109 40
17 47.3922 91.7616 40
18 47.793 75.1356 40
19 46.8554 92.4824 40
20 46.1693 75.5387 40
21 48.3065 66.9349 40
22 47.3034 52.3109 40
23 46.5087 60.5971 40
24 46.6406 74.3367 40
25 46.9852 74.3021 40
26 46.8807 80.2817 40
27 48.0634 82.1737 40
28 46.6966 98.1065 40
29 47.3789 67.4527 40
30 46.7174 58.0682 40
31 46.1827 60.2237 40
32 50.0427 108.799 40
33 48.8648 86.8201 40
34 49.7247 104.354 40
35 50.332 121.672 40
36 50.0673 87.0088 40
37 50.1792 104.877 40
38 49.0828 89.7741 40
39 48.7946 101.92 40
40 48.7716 76.3496 40
41 47.9609 78.5493 40
42 47.2837 92.4797 40
43 49.456 111.848 40
44 48.7757 89.049 40
45 48.0919 89.6974 40
46 49.8674 121.316 40
47 46.519 101.188 40
48 46.8356 80.9992 40
49 48.7326 97.5331 40
50 47.9973 85.7997 40
51 47.8677 71.1782 40
52 47.9731 114.388 40
53 47.2288 88.8968 40
54 47.3934 102.737 40
55 48.1723 127.461 40
56 47.5183 120.387 40
57 46.3882 102.516 40
58 47.4691 84.2665 40
59 47.0422 110.256 40
60 47.5815 77.2115 40
61 48.3797 99.5298 40
62 47.0633 79.6208 40
63 46.9779 120.814 40
64 50.4015 79.0096 40
65 51.4409 74.6744 40
66 49.8067 80.2934 40
67 50.8636 68.5937 40
68 49.873 65.9534 40
69 49.8212 72.3988 40
70 51.1877 92.0287 40
71 49.4559 87.2585 40
72 49.4753 53.7362 40
73 50.4617 87.4018 40
74 48.2192 83.2511 40
75 49.7328 89.7261 40
76 48.9604 82.0769 40
77 50.2842 116.04 40
78 50.4914 112.313 40
79 49.6969 100.097 40
80 49.1382 75.147 40
81 49.7797 58.7 40
82 49.2818 74.1663 40
83 48.1039 84.2465 40
84 47.9446 77.6141 40
85 47.4987 102.623 40
86 48.7606 56.1943 40
87 49.0843 79.9609 40
88 47.9127 77.0651 40
89 47.9143 61.9796 40
90 48.0796 53.9868 40
91 49.1993 99.5437 40
92 47.8127 79.8056 40
93 48.9123 92.475 40
94 48.3827 69.5814 40