0 49.0148 117.898 40
1 50.3071 126.893 40
2 48.9827 101.135 40
3 49.4092 88.1175 40
4 49.6041 132.369 40
5 47.2021 109.252 40
6 49.1023 104.586 40
7 48.8346 122.007 40
8 48.5006 131.7 40
9 50.4967 131.198 40
10 49.0199 116.586 40
11 47.4164 114.13 40
12 48.8201 106.543 40
13 48.7038 128.091 40
14 48.2497 129.495 40
15 49.2845 92.5426 40
16 47.4256 106.917 40
17 47.5343 80.8462 40
18 48.1337 108.801 40
19 47.6685 106.659 40
20 48.7742 151.283 40
21 47.4592 124.851 40
22 47.3718 129.297 40
23 46.9472 127.975 40
24 47.194 91.4808 40
25 47.3465 94.4942 40
26 48.2161 127.197 40
27 48.0189 129.781 40
28 48.0709 154.714 40
29 48.0094 117.747 40
30 48.185 124.961 40
31 46.4018 102.372 40
32 48.1599 84.6734 40
33 49.1835 75.156 40
34 51.867 89.8772 40
35 50.1539 103.357 40
36 48.6479 81.913 40
37 49.0386 110.028 40
38 49.4443 118.835 40
39 49.7384 87.6849 40
40 48.2931 67.1276 40
41 49.148 105.49 40
42 48.4959 101.558 40
43 49.7918 98.6726 40
44 48.5084 97.5351 40
45 49.3445 92.2344 40
46 49.2392 73.9222 40
47 48.9783 87.3584 40
48 48.4046 106.505 40
49 47.4855 73.0711 40
50 46.8026 92.4938 40
51 50.0967 70.6473 40
52 47.5115 96.5199 40
53 48.5482 88.783 40
54 48.2659 97.9055 40
55 48.1408 66.4122 40
56 47.3336 79.6505 40
57 47.3915 111.193 40
58 47.6066 123.302 40
59 47.8565 68.8045 40
60 47.5244 88.7859 40
61 46.4951 57.6522 40
62 44.8875 72.6661 40
63 45.922 90.5581 40