0 47.858 75.8674 40
1 48.1243 61.131 40
2 48.6678 87.7399 40
3 47.2184 73.4467 40
4 47.1769 53.6788 40
5 48.8884 96.6176 40
6 49.2487 69.5615 40
7 49.171 53.1396 40
8 47.9197 74.7101 40
9 48.2379 74.6249 40
10 48.7523 59.6166 40
11 48.017 60.2662 40
12 49.2572 75.0617 40
13 46.2807 78.7979 40
14 48.6301 51.6658 40
15 48.2484 90.2972 40
16 48.0512 67.9564 40
17 48.1781 56.7232 40
18 48.5032 79.1695 40
19 48.3597 94.1113 40
20 46.0083 80.7679 40
21 46.8997 78.541 40
22 45.6688 58.888 40
23 48.6947 61.526 40
24 46.695 88.4343 40
25 47.3125 58.5539 40
26 49.7233 65.2124 40
27 48.2912 72.1844 40
28 44.8099 89.7803 40
29 49.3226 58.4182 40
30 48.0997 101.824 40
31 48.2223 58.5111 40
32 47.163 85.3468 40
33 46.6877 73.6794 40
34 47.2494 65.6891 40
35 46.5213 74.0428 40
36 46.0974 72.6223 40
37 45.1958 50.6419 40
38 46.3962 66.3691 40
39 47.2241 79.3618 40
40 45.5698 61.3943 40
41 47.9572 86.85 40
42 48.3334 80.8512 40
43 48.0404 63.178 40
44 47.8963 74.9361 40
45 49.2741 72.401 40
46 48.7857 68.2213 40
47 48.0508 52.2727 40
48 47.0433 75.7453 40
49 46.9452 51.8337 40
50 46.3155 74.0125 40
51 47.9794 94.3979 40
52 47.1179 81.4036 40
53 48.301 91.5461 40
54 45.0902 90.6721 40
55 46.7071 98.2197 40
56 46.7367 92.6239 40
57 47.1465 61.3811 40
58 47.242 94.0227 40
59 46.3976 87.012 40
60 47.1601 87.104 40
61 48.5433 76.0168 40
62 47.3739 56.5335 40
63 49.8476 77.5001 40
64 49.0318 109.842 40
65 49.7473 87.1483 40
66 48.4872 86.9852 40
67 48.9543 96.7792 40
68 47.4523 93.7244 40
69 49.2104 99.6186 40
70 49.2435 100.799 40
71 48.5163 94.3207 40
72 48.6943 108.186 40
73 47.9479 99.4317 40
74 48.5954 70.678 40
75 47.1018 105.091 40
76 47.9857 79.9203 40
77 50.1428 84.1343 40
78 48.5581 120.874 40
79 47.2657 106.465 40
80 48.4636 84.7673 40
81 47.7891 118.601 40
82 48.5678 134.24 40
83 48.0941 88.2061 40
84 46.1175 87.5125 40
85 48.8137 97.4807 40
86 46.5864 110.716 40
87 47.853 82.5398 40
88 48.6695 99.7668 40
89 48.8645 94.5543 40
90 49.1945 105.306 40
91 46.1823 132.733 40
92 48.2099 81.3941 40
93 46.7321 104.167 40
94 48.0819 95.6654 40