0 46.5856 152.601 40
1 46.689 150.045 40
2 46.2643 159.114 40
3 47.4395 137.95 40
4 46.2966 131.415 40
5 46.2322 139.261 40
6 46.1188 146.286 40
7 45.6288 135.215 40
8 47.0523 178.184 40
9 46.911 169.188 40
10 44.9166 156.824 40
11 47.0185 130.884 40
12 46.103 153.449 40
13 46.9042 127.944 40
14 46.2895 137.227 40
15 45.9344 135.8 40
16 47.2576 160.47 40
17 46.8389 148.298 40
18 44.8799 121.883 40
19 46.4132 156.859 40
20 44.9095 156.469 40
21 44.9179 141.876 40
22 46.5625 147.819 40
23 46.1139 158.931 40
24 45.845 147.27 40
25 44.7654 139.379 40
26 44.5693 159.847 40
27 44.9932 141.46 40
28 44.3224 160.151 40
29 44.8174 147.364 40
30 45.1532 142.817 40
31 45.4743 178.74 40
32 45.1644 79.236 40
33 46.7688 62.7261 40
34 46.5569 59.6696 40
35 46.4536 77.1492 40
36 47.1297 73.7089 40
37 46.1583 63.34 40
38 46.4477 61.8409 40
39 45.9784 67.4288 40
40 44.9159 67.1265 40
41 45.5425 69.0791 40
42 45.4819 72.7016 40
43 46.1657 63.4239 40
44 45.0045 80.1801 40
45 47.4927 65.8918 40
46 45.8579 70.9287 40
47 45.9373 62.0595 40
48 45.4799 51.6391 40
49 46.032 94.1566 40
50 45.4273 77.7207 40
51 46.4674 71.5821 40
52 45.4569 60.6895 40
53 44.9661 74.2126 40
54 45.4046 106.363 40
55 46.4054 91.644 40
56 44.6972 77.6423 40
57 44.8065 100.757 40
58 45.7474 85.2249 40
59 45.1693 68.5415 40
60 45.1049 85.5369 40
61 45.3291 72.9164 40
62 45.1315 85.5182 40
63 46.0493 82.3812 40