0 -61.3093 5.83081 0.0457196 -0.0152913 0.000590027
1 -61.3093 5.83081 0.0457196 -0.0152913 0.000590027
2 -61.3093 5.83081 0.0457196 -0.0152913 0.000590027
3 -61.3093 5.83081 0.0457196 -0.0152913 0.000590027
4 -61.3093 5.83081 0.0457196 -0.0152913 0.000590027
5 -61.3093 5.83081 0.0457196 -0.0152913 0.000590027
6 -61.3093 5.83081 0.0457196 -0.0152913 0.000590027
7 -61.3093 5.83081 0.0457196 -0.0152913 0.000590027
8 -61.3093 5.83081 0.0457196 -0.0152913 0.000590027
9 -61.3093 5.83081 0.0457196 -0.0152913 0.000590027
10 -61.3093 5.83081 0.0457196 -0.0152913 0.000590027
11 -61.3093 5.83081 0.0457196 -0.0152913 0.000590027
12 -61.3093 5.83081 0.0457196 -0.0152913 0.000590027
14 -61.3093 5.83081 0.0457196 -0.0152913 0.000590027
15 -61.3093 5.83081 0.0457196 -0.0152913 0.000590027
18 -61.3093 5.83081 0.0457196 -0.0152913 0.000590027
19 -61.3093 5.83081 0.0457196 -0.0152913 0.000590027
20 -61.3093 5.83081 0.0457196 -0.0152913 0.000590027
21 -61.3093 5.83081 0.0457196 -0.0152913 0.000590027
22 -61.3093 5.83081 0.0457196 -0.0152913 0.000590027
23 -61.3093 5.83081 0.0457196 -0.0152913 0.000590027
24 -61.3093 5.83081 0.0457196 -0.0152913 0.000590027
25 -61.3093 5.83081 0.0457196 -0.0152913 0.000590027
26 -61.3093 5.83081 0.0457196 -0.0152913 0.000590027
27 -61.3093 5.83081 0.0457196 -0.0152913 0.000590027
28 -61.3093 5.83081 0.0457196 -0.0152913 0.000590027
29 -61.3093 5.83081 0.0457196 -0.0152913 0.000590027
30 -61.3093 5.83081 0.0457196 -0.0152913 0.000590027
31 -61.3093 5.83081 0.0457196 -0.0152913 0.000590027
34 -61.3093 5.83081 0.0457196 -0.0152913 0.000590027
37 -61.3093 5.83081 0.0457196 -0.0152913 0.000590027
40 -61.3093 5.83081 0.0457196 -0.0152913 0.000590027
41 -61.3093 5.83081 0.0457196 -0.0152913 0.000590027
42 -61.3093 5.83081 0.0457196 -0.0152913 0.000590027
45 -61.3093 5.83081 0.0457196 -0.0152913 0.000590027
46 -61.3093 5.83081 0.0457196 -0.0152913 0.000590027
49 -61.3093 5.83081 0.0457196 -0.0152913 0.000590027
53 -61.3093 5.83081 0.0457196 -0.0152913 0.000590027
55 -61.3093 5.83081 0.0457196 -0.0152913 0.000590027
56 -61.3093 5.83081 0.0457196 -0.0152913 0.000590027
58 -61.3093 5.83081 0.0457196 -0.0152913 0.000590027
59 -61.3093 5.83081 0.0457196 -0.0152913 0.000590027
64 -61.3093 5.83081 0.0457196 -0.0152913 0.000590027
65 -61.3093 5.83081 0.0457196 -0.0152913 0.000590027
66 -61.3093 5.83081 0.0457196 -0.0152913 0.000590027
67 -61.3093 5.83081 0.0457196 -0.0152913 0.000590027
68 -61.3093 5.83081 0.0457196 -0.0152913 0.000590027
69 -61.3093 5.83081 0.0457196 -0.0152913 0.000590027
70 -61.3093 5.83081 0.0457196 -0.0152913 0.000590027
71 -61.3093 5.83081 0.0457196 -0.0152913 0.000590027
72 -61.3093 5.83081 0.0457196 -0.0152913 0.000590027
73 -61.3093 5.83081 0.0457196 -0.0152913 0.000590027
74 -61.3093 5.83081 0.0457196 -0.0152913 0.000590027
75 -61.3093 5.83081 0.0457196 -0.0152913 0.000590027
76 -61.3093 5.83081 0.0457196 -0.0152913 0.000590027
77 -61.3093 5.83081 0.0457196 -0.0152913 0.000590027
78 -61.3093 5.83081 0.0457196 -0.0152913 0.000590027
79 -61.3093 5.83081 0.0457196 -0.0152913 0.000590027
80 -61.3093 5.83081 0.0457196 -0.0152913 0.000590027
81 -80.2871 6.68443 0.140361 -0.0131309 4.35199e-05
82 -80.2871 6.68443 0.140361 -0.0131309 4.35199e-05
83 -80.2871 6.68443 0.140361 -0.0131309 4.35199e-05
84 -80.2871 6.68443 0.140361 -0.0131309 4.35199e-05
85 -80.2871 6.68443 0.140361 -0.0131309 4.35199e-05
86 -80.2871 6.68443 0.140361 -0.0131309 4.35199e-05
87 -80.2871 6.68443 0.140361 -0.0131309 4.35199e-05
88 -80.2871 6.68443 0.140361 -0.0131309 4.35199e-05
89 -80.2871 6.68443 0.140361 -0.0131309 4.35199e-05
90 -80.2871 6.68443 0.140361 -0.0131309 4.35199e-05
91 -80.2871 6.68443 0.140361 -0.0131309 4.35199e-05
92 -80.2871 6.68443 0.140361 -0.0131309 4.35199e-05
93 -80.2871 6.68443 0.140361 -0.0131309 4.35199e-05
94 -80.2871 6.68443 0.140361 -0.0131309 4.35199e-05
