0 83.7187 -2.3171 -0.259227 -0.00672377 0.000907964
1 83.7187 -2.3171 -0.259227 -0.00672377 0.000907964
2 83.7187 -2.3171 -0.259227 -0.00672377 0.000907964
3 83.7187 -2.3171 -0.259227 -0.00672377 0.000907964
4 83.7187 -2.3171 -0.259227 -0.00672377 0.000907964
5 83.7187 -2.3171 -0.259227 -0.00672377 0.000907964
6 83.7187 -2.3171 -0.259227 -0.00672377 0.000907964
7 83.7187 -2.3171 -0.259227 -0.00672377 0.000907964
8 83.7187 -2.3171 -0.259227 -0.00672377 0.000907964
9 83.7187 -2.3171 -0.259227 -0.00672377 0.000907964
11 83.7187 -2.3171 -0.259227 -0.00672377 0.000907964
13 83.7187 -2.3171 -0.259227 -0.00672377 0.000907964
14 83.7187 -2.3171 -0.259227 -0.00672377 0.000907964
15 83.7187 -2.3171 -0.259227 -0.00672377 0.000907964
18 83.7187 -2.3171 -0.259227 -0.00672377 0.000907964
19 83.7187 -2.3171 -0.259227 -0.00672377 0.000907964
23 83.7187 -2.3171 -0.259227 -0.00672377 0.000907964
25 83.7187 -2.3171 -0.259227 -0.00672377 0.000907964
32 83.7187 -2.3171 -0.259227 -0.00672377 0.000907964
33 83.7187 -2.3171 -0.259227 -0.00672377 0.000907964
36 83.7187 -2.3171 -0.259227 -0.00672377 0.000907964
38 83.7187 -2.3171 -0.259227 -0.00672377 0.000907964
40 83.7187 -2.3171 -0.259227 -0.00672377 0.000907964
41 83.7187 -2.3171 -0.259227 -0.00672377 0.000907964
42 83.7187 -2.3171 -0.259227 -0.00672377 0.000907964
44 83.7187 -2.3171 -0.259227 -0.00672377 0.000907964
46 83.7187 -2.3171 -0.259227 -0.00672377 0.000907964
47 -53.3401 6.0197 0.037643 -0.0170736 0.000396635
50 -53.3401 6.0197 0.037643 -0.0170736 0.000396635
52 -53.3401 6.0197 0.037643 -0.0170736 0.000396635
55 -53.3401 6.0197 0.037643 -0.0170736 0.000396635
57 -53.3401 6.0197 0.037643 -0.0170736 0.000396635
58 -53.3401 6.0197 0.037643 -0.0170736 0.000396635
59 -53.3401 6.0197 0.037643 -0.0170736 0.000396635
60 -53.3401 6.0197 0.037643 -0.0170736 0.000396635
61 -53.3401 6.0197 0.037643 -0.0170736 0.000396635
62 -53.3401 6.0197 0.037643 -0.0170736 0.000396635
64 -53.3401 6.0197 0.037643 -0.0170736 0.000396635
65 -53.3401 6.0197 0.037643 -0.0170736 0.000396635
66 -53.3401 6.0197 0.037643 -0.0170736 0.000396635
67 -53.3401 6.0197 0.037643 -0.0170736 0.000396635
68 -53.3401 6.0197 0.037643 -0.0170736 0.000396635
69 -53.3401 6.0197 0.037643 -0.0170736 0.000396635
70 -53.3401 6.0197 0.037643 -0.0170736 0.000396635
71 -53.3401 6.0197 0.037643 -0.0170736 0.000396635
72 -53.3401 6.0197 0.037643 -0.0170736 0.000396635
73 -53.3401 6.0197 0.037643 -0.0170736 0.000396635
74 -53.3401 6.0197 0.037643 -0.0170736 0.000396635
75 -53.3401 6.0197 0.037643 -0.0170736 0.000396635
76 -53.3401 6.0197 0.037643 -0.0170736 0.000396635
77 -53.3401 6.0197 0.037643 -0.0170736 0.000396635
78 -53.3401 6.0197 0.037643 -0.0170736 0.000396635
79 -53.3401 6.0197 0.037643 -0.0170736 0.000396635
80 -53.3401 6.0197 0.037643 -0.0170736 0.000396635
81 -53.3401 6.0197 0.037643 -0.0170736 0.000396635
82 -53.3401 6.0197 0.037643 -0.0170736 0.000396635
83 -53.3401 6.0197 0.037643 -0.0170736 0.000396635
84 -53.3401 6.0197 0.037643 -0.0170736 0.000396635
85 -53.3401 6.0197 0.037643 -0.0170736 0.000396635
86 -53.3401 6.0197 0.037643 -0.0170736 0.000396635
87 -53.3401 6.0197 0.037643 -0.0170736 0.000396635
88 -53.3401 6.0197 0.037643 -0.0170736 0.000396635
89 -53.3401 6.0197 0.037643 -0.0170736 0.000396635
90 -53.3401 6.0197 0.037643 -0.0170736 0.000396635
91 -53.3401 6.0197 0.037643 -0.0170736 0.000396635
92 -53.3401 6.0197 0.037643 -0.0170736 0.000396635
93 -53.3401 6.0197 0.037643 -0.0170736 0.000396635
94 -53.3401 6.0197 0.037643 -0.0170736 0.000396635
