0 -18.6514 4.61315 -0.0589441 -0.0177314 0.000667191
1 -18.6514 4.61315 -0.0589441 -0.0177314 0.000667191
2 -18.6514 4.61315 -0.0589441 -0.0177314 0.000667191
3 -18.6514 4.61315 -0.0589441 -0.0177314 0.000667191
4 -18.6514 4.61315 -0.0589441 -0.0177314 0.000667191
5 -18.6514 4.61315 -0.0589441 -0.0177314 0.000667191
6 -18.6514 4.61315 -0.0589441 -0.0177314 0.000667191
7 -18.6514 4.61315 -0.0589441 -0.0177314 0.000667191
8 -18.6514 4.61315 -0.0589441 -0.0177314 0.000667191
9 -18.6514 4.61315 -0.0589441 -0.0177314 0.000667191
10 -18.6514 4.61315 -0.0589441 -0.0177314 0.000667191
11 -18.6514 4.61315 -0.0589441 -0.0177314 0.000667191
12 -18.6514 4.61315 -0.0589441 -0.0177314 0.000667191
13 -18.6514 4.61315 -0.0589441 -0.0177314 0.000667191
14 -18.6514 4.61315 -0.0589441 -0.0177314 0.000667191
15 -18.6514 4.61315 -0.0589441 -0.0177314 0.000667191
16 -18.6514 4.61315 -0.0589441 -0.0177314 0.000667191
17 -18.6514 4.61315 -0.0589441 -0.0177314 0.000667191
18 -18.6514 4.61315 -0.0589441 -0.0177314 0.000667191
19 -18.6514 4.61315 -0.0589441 -0.0177314 0.000667191
20 -18.6514 4.61315 -0.0589441 -0.0177314 0.000667191
21 -18.6514 4.61315 -0.0589441 -0.0177314 0.000667191
22 -18.6514 4.61315 -0.0589441 -0.0177314 0.000667191
23 -18.6514 4.61315 -0.0589441 -0.0177314 0.000667191
24 -18.6514 4.61315 -0.0589441 -0.0177314 0.000667191
25 -18.6514 4.61315 -0.0589441 -0.0177314 0.000667191
26 -18.6514 4.61315 -0.0589441 -0.0177314 0.000667191
27 -18.6514 4.61315 -0.0589441 -0.0177314 0.000667191
28 -18.6514 4.61315 -0.0589441 -0.0177314 0.000667191
29 -18.6514 4.61315 -0.0589441 -0.0177314 0.000667191
30 -18.6514 4.61315 -0.0589441 -0.0177314 0.000667191
31 -18.6514 4.61315 -0.0589441 -0.0177314 0.000667191
32 -18.6514 4.61315 -0.0589441 -0.0177314 0.000667191
33 -18.6514 4.61315 -0.0589441 -0.0177314 0.000667191
34 -18.6514 4.61315 -0.0589441 -0.0177314 0.000667191
35 -18.6514 4.61315 -0.0589441 -0.0177314 0.000667191
36 -18.6514 4.61315 -0.0589441 -0.0177314 0.000667191
37 -18.6514 4.61315 -0.0589441 -0.0177314 0.000667191
38 -18.6514 4.61315 -0.0589441 -0.0177314 0.000667191
39 -18.6514 4.61315 -0.0589441 -0.0177314 0.000667191
40 -18.6514 4.61315 -0.0589441 -0.0177314 0.000667191
41 -18.6514 4.61315 -0.0589441 -0.0177314 0.000667191
42 -18.6514 4.61315 -0.0589441 -0.0177314 0.000667191
43 -18.6514 4.61315 -0.0589441 -0.0177314 0.000667191
44 -18.6514 4.61315 -0.0589441 -0.0177314 0.000667191
45 -18.6514 4.61315 -0.0589441 -0.0177314 0.000667191
46 -18.6514 4.61315 -0.0589441 -0.0177314 0.000667191
47 -18.6514 4.61315 -0.0589441 -0.0177314 0.000667191
48 -18.6514 4.61315 -0.0589441 -0.0177314 0.000667191
49 -18.6514 4.61315 -0.0589441 -0.0177314 0.000667191
50 -18.6514 4.61315 -0.0589441 -0.0177314 0.000667191
51 -18.6514 4.61315 -0.0589441 -0.0177314 0.000667191
52 -18.6514 4.61315 -0.0589441 -0.0177314 0.000667191
53 -18.6514 4.61315 -0.0589441 -0.0177314 0.000667191
54 -18.6514 4.61315 -0.0589441 -0.0177314 0.000667191
55 -18.6514 4.61315 -0.0589441 -0.0177314 0.000667191
56 -18.6514 4.61315 -0.0589441 -0.0177314 0.000667191
57 -18.6514 4.61315 -0.0589441 -0.0177314 0.000667191
58 -18.6514 4.61315 -0.0589441 -0.0177314 0.000667191
59 -18.6514 4.61315 -0.0589441 -0.0177314 0.000667191
60 -18.6514 4.61315 -0.0589441 -0.0177314 0.000667191
61 -18.6514 4.61315 -0.0589441 -0.0177314 0.000667191
62 -18.6514 4.61315 -0.0589441 -0.0177314 0.000667191
63 -18.6514 4.61315 -0.0589441 -0.0177314 0.000667191
64 -18.6514 4.61315 -0.0589441 -0.0177314 0.000667191
65 -18.6514 4.61315 -0.0589441 -0.0177314 0.000667191
66 -18.6514 4.61315 -0.0589441 -0.0177314 0.000667191
67 -18.6514 4.61315 -0.0589441 -0.0177314 0.000667191
68 -18.6514 4.61315 -0.0589441 -0.0177314 0.000667191
69 -18.6514 4.61315 -0.0589441 -0.0177314 0.000667191
70 -18.6514 4.61315 -0.0589441 -0.0177314 0.000667191
71 -18.6514 4.61315 -0.0589441 -0.0177314 0.000667191
72 -18.6514 4.61315 -0.0589441 -0.0177314 0.000667191
73 -18.6514 4.61315 -0.0589441 -0.0177314 0.000667191
74 -18.6514 4.61315 -0.0589441 -0.0177314 0.000667191
75 -18.6514 4.61315 -0.0589441 -0.0177314 0.000667191
76 -18.6514 4.61315 -0.0589441 -0.0177314 0.000667191
77 -18.6514 4.61315 -0.0589441 -0.0177314 0.000667191
78 -18.6514 4.61315 -0.0589441 -0.0177314 0.000667191
79 -18.6514 4.61315 -0.0589441 -0.0177314 0.000667191
80 -18.6514 4.61315 -0.0589441 -0.0177314 0.000667191
81 -18.6514 4.61315 -0.0589441 -0.0177314 0.000667191
82 -18.6514 4.61315 -0.0589441 -0.0177314 0.000667191
83 -18.6514 4.61315 -0.0589441 -0.0177314 0.000667191
84 -18.6514 4.61315 -0.0589441 -0.0177314 0.000667191
85 -18.6514 4.61315 -0.0589441 -0.0177314 0.000667191
86 -18.6514 4.61315 -0.0589441 -0.0177314 0.000667191
87 -18.6514 4.61315 -0.0589441 -0.0177314 0.000667191
88 -18.6514 4.61315 -0.0589441 -0.0177314 0.000667191
89 -18.6514 4.61315 -0.0589441 -0.0177314 0.000667191
90 -18.6514 4.61315 -0.0589441 -0.0177314 0.000667191
91 -18.6514 4.61315 -0.0589441 -0.0177314 0.000667191
92 -18.6514 4.61315 -0.0589441 -0.0177314 0.000667191
93 -18.6514 4.61315 -0.0589441 -0.0177314 0.000667191
94 -18.6514 4.61315 -0.0589441 -0.0177314 0.000667191
95 -18.6514 4.61315 -0.0589441 -0.0177314 0.000667191
