0 14.2044 3.50369 -0.174003 -0.0206377 0.00104343
1 14.2044 3.50369 -0.174003 -0.0206377 0.00104343
2 14.2044 3.50369 -0.174003 -0.0206377 0.00104343
3 14.2044 3.50369 -0.174003 -0.0206377 0.00104343
4 14.2044 3.50369 -0.174003 -0.0206377 0.00104343
5 14.2044 3.50369 -0.174003 -0.0206377 0.00104343
6 14.2044 3.50369 -0.174003 -0.0206377 0.00104343
7 14.2044 3.50369 -0.174003 -0.0206377 0.00104343
8 14.2044 3.50369 -0.174003 -0.0206377 0.00104343
9 14.2044 3.50369 -0.174003 -0.0206377 0.00104343
10 14.2044 3.50369 -0.174003 -0.0206377 0.00104343
11 14.2044 3.50369 -0.174003 -0.0206377 0.00104343
12 14.2044 3.50369 -0.174003 -0.0206377 0.00104343
13 14.2044 3.50369 -0.174003 -0.0206377 0.00104343
14 14.2044 3.50369 -0.174003 -0.0206377 0.00104343
15 14.2044 3.50369 -0.174003 -0.0206377 0.00104343
16 14.2044 3.50369 -0.174003 -0.0206377 0.00104343
17 14.2044 3.50369 -0.174003 -0.0206377 0.00104343
18 14.2044 3.50369 -0.174003 -0.0206377 0.00104343
19 14.2044 3.50369 -0.174003 -0.0206377 0.00104343
20 14.2044 3.50369 -0.174003 -0.0206377 0.00104343
21 14.2044 3.50369 -0.174003 -0.0206377 0.00104343
22 14.2044 3.50369 -0.174003 -0.0206377 0.00104343
23 14.2044 3.50369 -0.174003 -0.0206377 0.00104343
24 14.2044 3.50369 -0.174003 -0.0206377 0.00104343
25 14.2044 3.50369 -0.174003 -0.0206377 0.00104343
26 14.2044 3.50369 -0.174003 -0.0206377 0.00104343
27 14.2044 3.50369 -0.174003 -0.0206377 0.00104343
28 14.2044 3.50369 -0.174003 -0.0206377 0.00104343
29 14.2044 3.50369 -0.174003 -0.0206377 0.00104343
30 14.2044 3.50369 -0.174003 -0.0206377 0.00104343
31 14.2044 3.50369 -0.174003 -0.0206377 0.00104343
32 14.2044 3.50369 -0.174003 -0.0206377 0.00104343
33 14.2044 3.50369 -0.174003 -0.0206377 0.00104343
34 14.2044 3.50369 -0.174003 -0.0206377 0.00104343
35 14.2044 3.50369 -0.174003 -0.0206377 0.00104343
36 14.2044 3.50369 -0.174003 -0.0206377 0.00104343
37 14.2044 3.50369 -0.174003 -0.0206377 0.00104343
38 14.2044 3.50369 -0.174003 -0.0206377 0.00104343
39 14.2044 3.50369 -0.174003 -0.0206377 0.00104343
40 14.2044 3.50369 -0.174003 -0.0206377 0.00104343
41 14.2044 3.50369 -0.174003 -0.0206377 0.00104343
42 14.2044 3.50369 -0.174003 -0.0206377 0.00104343
43 14.2044 3.50369 -0.174003 -0.0206377 0.00104343
44 14.2044 3.50369 -0.174003 -0.0206377 0.00104343
45 14.2044 3.50369 -0.174003 -0.0206377 0.00104343
46 14.2044 3.50369 -0.174003 -0.0206377 0.00104343
47 14.2044 3.50369 -0.174003 -0.0206377 0.00104343
48 14.2044 3.50369 -0.174003 -0.0206377 0.00104343
49 14.2044 3.50369 -0.174003 -0.0206377 0.00104343
50 14.2044 3.50369 -0.174003 -0.0206377 0.00104343
51 14.2044 3.50369 -0.174003 -0.0206377 0.00104343
52 14.2044 3.50369 -0.174003 -0.0206377 0.00104343
53 14.2044 3.50369 -0.174003 -0.0206377 0.00104343
54 14.2044 3.50369 -0.174003 -0.0206377 0.00104343
55 14.2044 3.50369 -0.174003 -0.0206377 0.00104343
56 14.2044 3.50369 -0.174003 -0.0206377 0.00104343
57 14.2044 3.50369 -0.174003 -0.0206377 0.00104343
58 14.2044 3.50369 -0.174003 -0.0206377 0.00104343
59 14.2044 3.50369 -0.174003 -0.0206377 0.00104343
60 14.2044 3.50369 -0.174003 -0.0206377 0.00104343
61 14.2044 3.50369 -0.174003 -0.0206377 0.00104343
62 14.2044 3.50369 -0.174003 -0.0206377 0.00104343
63 14.2044 3.50369 -0.174003 -0.0206377 0.00104343
64 14.2044 3.50369 -0.174003 -0.0206377 0.00104343
65 14.2044 3.50369 -0.174003 -0.0206377 0.00104343
66 14.2044 3.50369 -0.174003 -0.0206377 0.00104343
67 96.6059 -9.30821 0.0793143 0.0211823 -0.000612478
68 96.6059 -9.30821 0.0793143 0.0211823 -0.000612478
69 96.6059 -9.30821 0.0793143 0.0211823 -0.000612478
70 96.6059 -9.30821 0.0793143 0.0211823 -0.000612478
71 96.6059 -9.30821 0.0793143 0.0211823 -0.000612478
72 96.6059 -9.30821 0.0793143 0.0211823 -0.000612478
73 96.6059 -9.30821 0.0793143 0.0211823 -0.000612478
74 96.6059 -9.30821 0.0793143 0.0211823 -0.000612478
75 96.6059 -9.30821 0.0793143 0.0211823 -0.000612478
76 96.6059 -9.30821 0.0793143 0.0211823 -0.000612478
77 96.6059 -9.30821 0.0793143 0.0211823 -0.000612478
78 96.6059 -9.30821 0.0793143 0.0211823 -0.000612478
79 96.6059 -9.30821 0.0793143 0.0211823 -0.000612478
80 96.6059 -9.30821 0.0793143 0.0211823 -0.000612478
81 156.252 -11.3036 -0.164988 0.0136669 0.000337023
82 156.252 -11.3036 -0.164988 0.0136669 0.000337023
83 156.252 -11.3036 -0.164988 0.0136669 0.000337023
84 156.252 -11.3036 -0.164988 0.0136669 0.000337023
85 156.252 -11.3036 -0.164988 0.0136669 0.000337023
86 156.252 -11.3036 -0.164988 0.0136669 0.000337023
87 156.252 -11.3036 -0.164988 0.0136669 0.000337023
88 156.252 -11.3036 -0.164988 0.0136669 0.000337023
89 156.252 -11.3036 -0.164988 0.0136669 0.000337023
90 156.252 -11.3036 -0.164988 0.0136669 0.000337023
91 156.252 -11.3036 -0.164988 0.0136669 0.000337023
92 156.252 -11.3036 -0.164988 0.0136669 0.000337023
93 156.252 -11.3036 -0.164988 0.0136669 0.000337023
94 156.252 -11.3036 -0.164988 0.0136669 0.000337023
