0 -18.1364 4.65168 -0.0561649 -0.017536 0.000680674
1 -18.1364 4.65168 -0.0561649 -0.017536 0.000680674
2 -18.1364 4.65168 -0.0561649 -0.017536 0.000680674
3 -18.1364 4.65168 -0.0561649 -0.017536 0.000680674
4 -18.1364 4.65168 -0.0561649 -0.017536 0.000680674
5 -18.1364 4.65168 -0.0561649 -0.017536 0.000680674
6 -18.1364 4.65168 -0.0561649 -0.017536 0.000680674
7 -18.1364 4.65168 -0.0561649 -0.017536 0.000680674
8 -18.1364 4.65168 -0.0561649 -0.017536 0.000680674
9 -18.1364 4.65168 -0.0561649 -0.017536 0.000680674
10 -18.1364 4.65168 -0.0561649 -0.017536 0.000680674
11 -18.1364 4.65168 -0.0561649 -0.017536 0.000680674
12 -18.1364 4.65168 -0.0561649 -0.017536 0.000680674
13 -18.1364 4.65168 -0.0561649 -0.017536 0.000680674
14 -18.1364 4.65168 -0.0561649 -0.017536 0.000680674
15 -18.1364 4.65168 -0.0561649 -0.017536 0.000680674
16 -18.1364 4.65168 -0.0561649 -0.017536 0.000680674
17 -18.1364 4.65168 -0.0561649 -0.017536 0.000680674
18 -18.1364 4.65168 -0.0561649 -0.017536 0.000680674
19 -18.1364 4.65168 -0.0561649 -0.017536 0.000680674
20 -18.1364 4.65168 -0.0561649 -0.017536 0.000680674
21 -18.1364 4.65168 -0.0561649 -0.017536 0.000680674
22 -18.1364 4.65168 -0.0561649 -0.017536 0.000680674
23 -18.1364 4.65168 -0.0561649 -0.017536 0.000680674
24 -18.1364 4.65168 -0.0561649 -0.017536 0.000680674
25 -18.1364 4.65168 -0.0561649 -0.017536 0.000680674
26 -18.1364 4.65168 -0.0561649 -0.017536 0.000680674
27 -18.1364 4.65168 -0.0561649 -0.017536 0.000680674
28 -18.1364 4.65168 -0.0561649 -0.017536 0.000680674
29 -18.1364 4.65168 -0.0561649 -0.017536 0.000680674
30 -18.1364 4.65168 -0.0561649 -0.017536 0.000680674
31 -18.1364 4.65168 -0.0561649 -0.017536 0.000680674
32 -18.1364 4.65168 -0.0561649 -0.017536 0.000680674
33 -18.1364 4.65168 -0.0561649 -0.017536 0.000680674
34 -18.1364 4.65168 -0.0561649 -0.017536 0.000680674
35 -18.1364 4.65168 -0.0561649 -0.017536 0.000680674
36 -18.1364 4.65168 -0.0561649 -0.017536 0.000680674
37 -18.1364 4.65168 -0.0561649 -0.017536 0.000680674
38 -18.1364 4.65168 -0.0561649 -0.017536 0.000680674
39 -18.1364 4.65168 -0.0561649 -0.017536 0.000680674
40 -18.1364 4.65168 -0.0561649 -0.017536 0.000680674
41 -18.1364 4.65168 -0.0561649 -0.017536 0.000680674
42 -18.1364 4.65168 -0.0561649 -0.017536 0.000680674
43 -18.1364 4.65168 -0.0561649 -0.017536 0.000680674
44 -18.1364 4.65168 -0.0561649 -0.017536 0.000680674
45 -18.1364 4.65168 -0.0561649 -0.017536 0.000680674
46 -18.1364 4.65168 -0.0561649 -0.017536 0.000680674
47 -18.1364 4.65168 -0.0561649 -0.017536 0.000680674
48 -18.1364 4.65168 -0.0561649 -0.017536 0.000680674
49 -18.1364 4.65168 -0.0561649 -0.017536 0.000680674
50 -18.1364 4.65168 -0.0561649 -0.017536 0.000680674
51 -18.1364 4.65168 -0.0561649 -0.017536 0.000680674
52 -18.1364 4.65168 -0.0561649 -0.017536 0.000680674
53 -18.1364 4.65168 -0.0561649 -0.017536 0.000680674
54 -18.1364 4.65168 -0.0561649 -0.017536 0.000680674
55 -18.1364 4.65168 -0.0561649 -0.017536 0.000680674
56 -18.1364 4.65168 -0.0561649 -0.017536 0.000680674
57 -18.1364 4.65168 -0.0561649 -0.017536 0.000680674
58 -18.1364 4.65168 -0.0561649 -0.017536 0.000680674
59 -18.1364 4.65168 -0.0561649 -0.017536 0.000680674
60 -18.1364 4.65168 -0.0561649 -0.017536 0.000680674
61 -18.1364 4.65168 -0.0561649 -0.017536 0.000680674
62 -18.1364 4.65168 -0.0561649 -0.017536 0.000680674
63 -18.1364 4.65168 -0.0561649 -0.017536 0.000680674
