0 -80.2871 6.68443 0.140361 -0.0131309 4.35199e-05
1 -80.2871 6.68443 0.140361 -0.0131309 4.35199e-05
2 -80.2871 6.68443 0.140361 -0.0131309 4.35199e-05
3 -80.2871 6.68443 0.140361 -0.0131309 4.35199e-05
4 -80.2871 6.68443 0.140361 -0.0131309 4.35199e-05
5 -80.2871 6.68443 0.140361 -0.0131309 4.35199e-05
6 -80.2871 6.68443 0.140361 -0.0131309 4.35199e-05
7 -80.2871 6.68443 0.140361 -0.0131309 4.35199e-05
8 -80.2871 6.68443 0.140361 -0.0131309 4.35199e-05
9 -80.2871 6.68443 0.140361 -0.0131309 4.35199e-05
11 -80.2871 6.68443 0.140361 -0.0131309 4.35199e-05
12 -80.2871 6.68443 0.140361 -0.0131309 4.35199e-05
13 -80.2871 6.68443 0.140361 -0.0131309 4.35199e-05
14 -80.2871 6.68443 0.140361 -0.0131309 4.35199e-05
15 -80.2871 6.68443 0.140361 -0.0131309 4.35199e-05
16 -80.2871 6.68443 0.140361 -0.0131309 4.35199e-05
17 -80.2871 6.68443 0.140361 -0.0131309 4.35199e-05
18 -80.2871 6.68443 0.140361 -0.0131309 4.35199e-05
19 -80.2871 6.68443 0.140361 -0.0131309 4.35199e-05
20 -80.2871 6.68443 0.140361 -0.0131309 4.35199e-05
22 -80.2871 6.68443 0.140361 -0.0131309 4.35199e-05
23 -80.2871 6.68443 0.140361 -0.0131309 4.35199e-05
25 -80.2871 6.68443 0.140361 -0.0131309 4.35199e-05
26 -80.2871 6.68443 0.140361 -0.0131309 4.35199e-05
27 -80.2871 6.68443 0.140361 -0.0131309 4.35199e-05
28 -80.2871 6.68443 0.140361 -0.0131309 4.35199e-05
29 -80.2871 6.68443 0.140361 -0.0131309 4.35199e-05
30 -80.2871 6.68443 0.140361 -0.0131309 4.35199e-05
31 -80.2871 6.68443 0.140361 -0.0131309 4.35199e-05
34 -80.2871 6.68443 0.140361 -0.0131309 4.35199e-05
35 -80.2871 6.68443 0.140361 -0.0131309 4.35199e-05
47 -19.9074 4.54128 -0.0630508 -0.0179657 0.000653848
51 -19.9074 4.54128 -0.0630508 -0.0179657 0.000653848
64 -19.9074 4.54128 -0.0630508 -0.0179657 0.000653848
65 -19.9074 4.54128 -0.0630508 -0.0179657 0.000653848
66 -19.9074 4.54128 -0.0630508 -0.0179657 0.000653848
68 -19.9074 4.54128 -0.0630508 -0.0179657 0.000653848
69 -19.9074 4.54128 -0.0630508 -0.0179657 0.000653848
70 -19.9074 4.54128 -0.0630508 -0.0179657 0.000653848
71 -19.9074 4.54128 -0.0630508 -0.0179657 0.000653848
72 -19.9074 4.54128 -0.0630508 -0.0179657 0.000653848
73 -19.9074 4.54128 -0.0630508 -0.0179657 0.000653848
74 -19.9074 4.54128 -0.0630508 -0.0179657 0.000653848
75 -19.9074 4.54128 -0.0630508 -0.0179657 0.000653848
79 -19.9074 4.54128 -0.0630508 -0.0179657 0.000653848
80 -19.9074 4.54128 -0.0630508 -0.0179657 0.000653848
81 -19.9074 4.54128 -0.0630508 -0.0179657 0.000653848
84 -19.9074 4.54128 -0.0630508 -0.0179657 0.000653848
85 -19.9074 4.54128 -0.0630508 -0.0179657 0.000653848
86 -19.9074 4.54128 -0.0630508 -0.0179657 0.000653848
88 -19.9074 4.54128 -0.0630508 -0.0179657 0.000653848
89 -19.9074 4.54128 -0.0630508 -0.0179657 0.000653848
90 -19.9074 4.54128 -0.0630508 -0.0179657 0.000653848
91 -19.9074 4.54128 -0.0630508 -0.0179657 0.000653848
92 -19.9074 4.54128 -0.0630508 -0.0179657 0.000653848
93 -18.3685 4.63641 -0.0571699 -0.0176021 0.000676321
94 -18.3685 4.63641 -0.0571699 -0.0176021 0.000676321
