0 2.86161 0.384623 0.141741 -0.0132567 0.00033588
1 2.86161 0.384623 0.141741 -0.0132567 0.00033588
2 2.86161 0.384623 0.141741 -0.0132567 0.00033588
3 2.86161 0.384623 0.141741 -0.0132567 0.00033588
4 2.86161 0.384623 0.141741 -0.0132567 0.00033588
5 2.86161 0.384623 0.141741 -0.0132567 0.00033588
6 2.86161 0.384623 0.141741 -0.0132567 0.00033588
7 2.86161 0.384623 0.141741 -0.0132567 0.00033588
8 2.86161 0.384623 0.141741 -0.0132567 0.00033588
9 2.86161 0.384623 0.141741 -0.0132567 0.00033588
10 2.86161 0.384623 0.141741 -0.0132567 0.00033588
11 2.86161 0.384623 0.141741 -0.0132567 0.00033588
12 2.86161 0.384623 0.141741 -0.0132567 0.00033588
13 2.86161 0.384623 0.141741 -0.0132567 0.00033588
14 2.86161 0.384623 0.141741 -0.0132567 0.00033588
15 2.86161 0.384623 0.141741 -0.0132567 0.00033588
16 2.86161 0.384623 0.141741 -0.0132567 0.00033588
17 2.86161 0.384623 0.141741 -0.0132567 0.00033588
18 2.86161 0.384623 0.141741 -0.0132567 0.00033588
19 2.86161 0.384623 0.141741 -0.0132567 0.00033588
20 2.86161 0.384623 0.141741 -0.0132567 0.00033588
21 2.86161 0.384623 0.141741 -0.0132567 0.00033588
22 2.86161 0.384623 0.141741 -0.0132567 0.00033588
23 2.86161 0.384623 0.141741 -0.0132567 0.00033588
24 2.86161 0.384623 0.141741 -0.0132567 0.00033588
25 2.86161 0.384623 0.141741 -0.0132567 0.00033588
26 2.86161 0.384623 0.141741 -0.0132567 0.00033588
27 2.86161 0.384623 0.141741 -0.0132567 0.00033588
28 2.86161 0.384623 0.141741 -0.0132567 0.00033588
29 2.86161 0.384623 0.141741 -0.0132567 0.00033588
30 2.86161 0.384623 0.141741 -0.0132567 0.00033588
31 2.86161 0.384623 0.141741 -0.0132567 0.00033588
32 2.86161 0.384623 0.141741 -0.0132567 0.00033588
33 2.86161 0.384623 0.141741 -0.0132567 0.00033588
34 2.86161 0.384623 0.141741 -0.0132567 0.00033588
35 2.86161 0.384623 0.141741 -0.0132567 0.00033588
36 2.86161 0.384623 0.141741 -0.0132567 0.00033588
37 2.86161 0.384623 0.141741 -0.0132567 0.00033588
38 2.86161 0.384623 0.141741 -0.0132567 0.00033588
39 2.86161 0.384623 0.141741 -0.0132567 0.00033588
40 2.86161 0.384623 0.141741 -0.0132567 0.00033588
41 2.86161 0.384623 0.141741 -0.0132567 0.00033588
42 2.86161 0.384623 0.141741 -0.0132567 0.00033588
43 2.86161 0.384623 0.141741 -0.0132567 0.00033588
44 2.86161 0.384623 0.141741 -0.0132567 0.00033588
45 2.86161 0.384623 0.141741 -0.0132567 0.00033588
46 2.86161 0.384623 0.141741 -0.0132567 0.00033588
47 2.86161 0.384623 0.141741 -0.0132567 0.00033588
48 2.86161 0.384623 0.141741 -0.0132567 0.00033588
49 2.86161 0.384623 0.141741 -0.0132567 0.00033588
50 2.86161 0.384623 0.141741 -0.0132567 0.00033588
51 2.86161 0.384623 0.141741 -0.0132567 0.00033588
52 2.86161 0.384623 0.141741 -0.0132567 0.00033588
53 2.86161 0.384623 0.141741 -0.0132567 0.00033588
54 2.86161 0.384623 0.141741 -0.0132567 0.00033588
55 2.86161 0.384623 0.141741 -0.0132567 0.00033588
56 2.86161 0.384623 0.141741 -0.0132567 0.00033588
57 2.86161 0.384623 0.141741 -0.0132567 0.00033588
58 2.86161 0.384623 0.141741 -0.0132567 0.00033588
59 2.86161 0.384623 0.141741 -0.0132567 0.00033588
60 2.86161 0.384623 0.141741 -0.0132567 0.00033588
61 2.86161 0.384623 0.141741 -0.0132567 0.00033588
62 2.86161 0.384623 0.141741 -0.0132567 0.00033588
63 2.86161 0.384623 0.141741 -0.0132567 0.00033588
