0 -51.7812 6.5426 0.00412139 236.268 0
1 -41.4513 5.54929 0.00620124 193.329 0
2 -23.1257 3.61196 0.010222 171.091 0
3 -66.1991 8.01009 0.000923041 252.451 0
4 -52.0018 6.49066 0.00389156 252.588 0
5 -55.8101 6.93964 0.00291377 234.671 0
6 -49.0137 6.37026 0.00397326 250.265 0
7 -66.6153 8.12917 0.000517026 299.379 0
8 -50.1601 6.35929 0.00428162 212.15 0
9 -74.0206 8.65161 -0.00043237 290.583 0
10 -24.8865 3.80649 0.00912885 164.224 0
11 -33.7191 4.92189 0.00662445 181.669 0
12 -51.2231 6.33501 0.00385419 263.111 0
13 -51.3271 6.45009 0.00386722 240.455 0
14 -43.6383 5.74987 0.00609252 192.282 0
15 -68.4873 8.04856 0.000476402 281.458 0
16 -37.7055 5.2643 0.00597259 221.025 0
17 -30.2502 3.98343 0.00850649 192.495 0
18 -44.8875 5.86299 0.00487419 200.32 0
19 -31.9631 4.72152 0.00740654 175.921 0
20 -46.4553 5.95266 0.00436769 241.988 0
21 -49.7793 6.53152 0.00438832 253.985 0
22 -48.5319 6.36971 0.00390246 233.415 0
23 -44.1154 5.95266 0.00487695 212.513 0
24 154.493 -14.2706 0.0473025 -273.305 0
25 -47.2131 6.08482 0.00453386 244.242 0
26 -51.7282 6.64843 0.0032208 231.771 0
27 -50.6719 6.3486 0.00433543 231.683 0
28 -34.2129 4.87147 0.00702544 182.343 0
29 -32.9988 4.70376 0.00728324 195.74 0
30 -39.3168 5.38355 0.00566588 198.903 0
31 -28.9868 4.29042 0.00761031 165.002 0
32 -33.2102 4.56655 0.00910676 261.925 0
33 -76.1235 8.8509 0.000911486 340.266 0
34 -71.9448 8.39377 0.00141621 325.897 0
35 -76.7556 9.00509 -1.28971e-05 342.264 0
36 -67.5906 8.15257 0.00114256 324.243 0
37 -73.151 8.5949 0.000243289 347.659 0
38 190.437 -16.9808 0.0514984 -378.092 0
39 -74.5437 8.86978 -0.00067033 337.236 0
40 -75.7406 8.77207 -0.000457374 342.613 0
41 -64.3232 7.78518 0.00102601 323.117 0
42 -38.9303 5.34761 0.00675809 245.68 0
43 -71.4942 8.28585 0.000665914 355.413 0
44 3.57224 1.06013 0.0150396 135.477 0
45 -70.1121 8.23975 0.00109012 305.533 0
46 -48.1582 6.06116 0.00445494 282.389 0
47 -70.8077 8.32313 0.000531733 336.116 0
48 -51.1421 6.08794 0.00520538 309.175 0
49 -53.7496 6.63831 0.00384647 320.221 0
50 -84.0389 9.01332 2.44485e-05 412.08 0
51 -37.1747 4.86905 0.00672504 245.697 0
52 -65.6437 7.3585 0.00215704 369.567 0
53 -45.6967 5.78977 0.00504486 285.405 0
54 188.253 -15.4071 0.044769 -385.643 0
55 -49.2459 5.90886 0.00508167 285.325 0
56 -45.1658 5.79127 0.00468448 263.389 0
57 48.5001 -2.94608 0.0215735 30.3358 0
58 15.1912 0.182157 0.015682 101.644 0
59 -44.9015 5.59203 0.00554931 275.248 0
60 -60.1038 7.03372 0.00291554 330.041 0
61 -58.7449 6.98452 0.00308983 310.575 0
62 -45.0772 5.34395 0.00672523 289.678 0
63 -63.0804 7.19742 0.00320745 356.811 0
64 90.8766 -8.07636 0.0345605 -80.1039 0
65 -67.3034 7.71011 0.000574034 313.314 0
66 -79.3249 9.21146 -0.00168982 349.641 0
67 -89.72 9.2689 -0.000176928 368.298 0
68 -57.1362 6.68088 0.00381719 300.216 0
69 -76.2666 8.6175 -0.00124764 316.511 0
70 -68.5372 7.78079 0.000627438 317.033 0
71 -44.8705 5.64583 0.00551143 272.239 0
72 -64.9853 7.61358 0.00101113 317.362 0
73 -67.0882 7.75394 0.000441688 330.078 0
74 -61.9703 7.29257 0.00157683 316.728 0
75 -63.7205 7.45431 0.00126519 333.083 0
76 -51.6194 6.27823 0.00415336 282.725 0
77 -58.8492 7.04893 0.00149999 289.606 0
78 -70.268 8.22433 -0.00184172 338.231 0
79 -58.6215 6.92056 0.00211609 291.752 0
80 -47.7414 5.78868 0.00475497 278.257 0
81 -55.7541 6.70412 0.00198876 280.986 0
82 -69.5658 8.02204 -0.000328712 303.202 0
83 -64.9511 7.60671 3.73996e-05 306.007 0
84 -58.096 7.00964 0.00227593 284.079 0
85 -46.4262 5.95289 0.00411551 258.322 0
86 -47.32 5.90374 0.00483723 263.528 0
87 -52.145 6.58977 0.00258768 306.198 0
88 -58.9766 6.79708 0.0031522 296.414 0
89 -49.5023 6.1267 0.00330491 271.884 0
90 -58.9416 7.22247 0.00181645 299.474 0
91 -41.369 5.4043 0.00558876 291.249 0
92 -55.9258 6.72358 0.00203522 285.403 0
93 -49.5043 6.18415 0.00359991 271.243 0
94 -61.297 7.40105 0.000444106 307.251 0
95 -64.9198 6.96632 -0.00581608 277.061 0
