0 -106.547 10.6283 -0.0095067 375.787 0
1 -121.469 11.437 -0.00909366 437.911 0
2 -101.263 9.85982 -0.00740968 354.958 0
3 -100.942 9.91942 -0.0053596 356.691 0
4 -120.171 11.1735 -0.00850495 426.29 0
5 -123.115 11.4567 -0.0094416 418.874 0
6 -119.267 10.8247 -0.00689533 414.776 0
7 -62.16 5.34246 0.00452551 259.903 0
32 -89.6276 9.6332 -0.00696591 319.255 0
33 -80.7357 8.87244 -0.006514 297.424 0
34 -80.3532 8.5939 -0.00516469 263.06 0
35 -48.2095 5.45416 0.00214998 203.157 0
36 -83.9615 8.8952 -0.00564896 283.537 0
37 -83.2975 9.03983 -0.00633393 284.54 0
38 -87.3592 9.47316 -0.00791492 292.505 0
39 -87.6568 9.40572 -0.0113798 291.192 0
