0 -55.6715 6.88415 0.00375046 229.034 0
1 -75.9711 8.98948 -0.0010408 272.515 0
2 -80.9074 9.50844 -0.00204987 283.337 0
3 -81.1226 9.51612 -0.00218756 277.425 0
4 -76.5773 8.98727 -0.00149688 298.098 0
5 -44.9578 5.88147 0.00517592 209.328 0
6 -76.4476 9.07118 -0.001203 281.043 0
7 -35.5475 5.07872 0.00649763 170.371 0
8 -35.7232 5.0101 0.00726649 173.411 0
9 -45.2633 5.93363 0.00548565 195.38 0
10 -68.4123 8.17073 0.000584328 249.109 0
11 -41.2014 5.74005 0.00561254 170.24 0
12 -39.802 5.25363 0.00605074 174.133 0
13 -43.2678 5.8825 0.00480451 200.479 0
14 -51.9141 6.61788 0.00343058 239.087 0
15 -52.2608 6.54953 0.00316469 231.557 0
16 -52.9536 6.43649 0.00414161 234.998 0
17 -34.8621 4.79659 0.00760341 212.262 0
18 -49.071 6.4173 0.00328999 221.199 0
19 -41.9066 5.60678 0.00548636 176.777 0
20 -55.8967 6.56511 0.0036523 259.057 0
21 -63.8926 7.81703 0.000909624 251.947 0
22 -55.7478 7.06846 0.00254145 215.971 0
23 -38.5633 5.2819 0.00607552 184.253 0
24 -47.2039 6.18944 0.00440489 218.975 0
25 -48.4657 6.44133 0.00361019 217.55 0
26 -49.9609 6.51093 0.00384364 228.583 0
27 -56.7873 7.12244 0.00234864 250.255 0
28 -90.5059 9.85995 -0.00224528 378.941 0
29 -58.2667 7.39581 0.00176667 235.034 0
30 -37.9832 5.29403 0.00665886 181.68 0
31 -66.9301 7.70865 0.00184627 277.607 0
32 -82.8463 9.597 -0.00173652 336.507 0
33 -86.7743 9.95426 -0.00316686 323.982 0
34 -77.5407 9.06749 0.000252826 317.478 0
35 70.8644 -5.33163 0.0284982 -69.7807 0
36 -78.4292 9.12487 -0.000788142 302.281 0
37 -70.7104 8.30282 0.000249124 301.733 0
38 -76.8318 9.09037 -0.000794336 301.328 0
39 -65.8569 8.00451 0.00131549 286.17 0
40 -51.8952 6.49289 0.00498554 232.168 0
41 -56.3577 7.07345 0.00295258 238.927 0
42 -48.469 6.20399 0.00503561 235.055 0
43 -58.5829 7.02691 0.00380512 278.91 0
44 -72.0009 8.41757 -6.96707e-05 291.684 0
45 -50.5431 6.31543 0.00451572 241.893 0
46 -52.2272 6.50547 0.00333484 271.423 0
47 -70.95 7.96879 0.00191122 324.3 0
48 -42.0404 5.56051 0.00563926 215.621 0
49 -58.6344 7.29883 0.00195042 264.999 0
50 -63.6692 7.61799 0.000953003 267.827 0
51 -66.3223 7.90611 0.000189432 262.113 0
52 -49.0041 6.12164 0.00459076 266.08 0
53 -45.0818 5.95815 0.00519417 223.965 0
54 111.375 -9.21209 0.0362172 -190.007 0
55 -55.8249 7.03184 0.00199263 286.756 0
56 -31.9566 4.41486 0.00806029 228.976 0
57 -44.5367 5.57673 0.00608336 249.054 0
58 -60.6067 7.38013 0.0023852 256.843 0
59 -8.17188 2.37268 0.0126415 145.598 0
60 -53.5213 6.71851 0.00425132 230.741 0
61 10.419 0.189965 0.0171866 90.3412 0
62 -74.3229 8.25967 0.00139383 312.464 0
63 84.3164 -6.00854 0.0274156 -115.561 0
64 -50.2005 6.03714 0.00481466 230.783 0
65 -54.1199 6.43519 0.00466028 233.691 0
66 182.958 -15.2978 0.0473952 -444.13 0
67 -57.4669 6.7001 0.00469015 241.205 0
68 -81.9773 8.75866 0.000911838 322.34 0
69 -42.7033 5.5429 0.00592182 192.956 0
70 -33.1718 4.66165 0.00779294 186.283 0
71 -76.5116 8.20467 0.0014543 329.419 0
72 -109.282 11.0467 -0.00336334 397.628 0
73 -59.3926 6.99585 0.00347297 266.38 0
74 -113.153 11.3288 -0.00339974 443.915 0
75 -95.5858 9.93505 -0.00178201 394.764 0
76 -86.4776 9.27138 -0.000410661 350.397 0
77 -36.2631 4.89452 0.006486 225.743 0
78 -68.8745 7.49403 0.00267875 330.989 0
79 -62.8985 6.98588 0.00397699 253.756 0
80 -96.9771 9.91526 -0.0014645 387.655 0
81 -49.9271 5.9722 0.00533655 213.925 0
82 -124.995 12.3697 -0.00705486 471.752 0
83 -104.063 10.3637 -0.0023963 421.874 0
84 -106.797 10.9017 -0.00332971 414.487 0
85 -101.358 10.6549 -0.00356082 422.274 0
86 -106.238 10.9364 -0.00331673 392.491 0
87 -73.5832 8.15904 0.00142991 316.255 0
88 -97.705 10.2707 -0.00226031 386.416 0
89 -87.4039 9.293 5.36703e-07 340.792 0
90 -102.854 10.7077 -0.0029379 378.683 0
91 -113.084 11.6051 -0.00435997 455.188 0
92 -110.889 11.2474 -0.00433883 430.173 0
93 -111.52 11.4445 -0.0040322 443.23 0
94 -173.288 16.9705 -0.0150919 603.27 0
95 380.992 -28.8197 0.0472155 -1231.81 0
