0 -37.1168 4.78774 0.00861318 280.947 0
1 -76.6328 8.92128 -0.00149818 377.656 0
2 -75.8577 8.82738 -0.000918012 335.779 0
3 -79.9322 9.32189 -0.00186847 377.35 0
4 -80.9334 9.31208 -0.00285146 344.693 0
5 -72.3328 8.53336 -4.74567e-05 338.637 0
6 -76.2103 8.96367 -0.00104005 349.982 0
7 56.9181 -4.87114 0.0302814 44.7258 0
8 -79.7809 9.20942 -0.00162483 357.877 0
9 -69.5685 8.2999 0.00063895 384.845 0
10 -74.3778 8.69108 -0.000315612 362.046 0
11 -68.1758 8.02078 0.00103657 317.31 0
12 -69.6747 8.0726 0.000597405 334.47 0
13 -65.035 7.76293 0.00136381 335.973 0
14 -70.4463 8.38875 -7.80142e-05 316.984 0
15 -67.9146 7.97845 0.00104638 319.199 0
16 -70.4929 8.36904 -0.000147141 341.017 0
17 -55.8515 6.99025 0.00288783 294.378 0
18 -67.8812 8.10041 -4.82824e-05 338.425 0
19 -40.8705 5.49879 0.00524109 252.818 0
20 -61.2468 7.54869 0.00080641 305.306 0
21 -9.86955 2.48948 0.0115242 190.416 0
22 -65.9055 7.94463 0.000134328 335.282 0
23 -71.7931 8.55394 -0.000751778 354.067 0
24 -63.4909 7.71284 0.00104258 320.899 0
25 -62.8504 7.54139 0.00177533 335.678 0
26 -33.1249 4.56435 0.0078323 241.556 0
27 -66.4945 7.90057 0.000834558 329.719 0
28 -60.8807 7.35229 0.00149305 320.032 0
29 -68.2543 8.13784 -0.00021195 330.689 0
30 -57.5984 7.81085 -0.00858828 307.884 0
31 -52.2011 6.60025 0.00334323 336.531 0
32 41.3594 -2.64885 0.0242379 40.3483 0
33 -6.59097 2.27032 0.0132744 183.768 0
34 -78.3319 9.17892 -0.00122009 363.276 0
35 -86.4569 10.242 -0.00319508 373.36 0
36 -76.279 8.9277 -0.00043192 338.169 0
37 -63.1062 7.79246 0.00167319 311.499 0
38 -77.4027 9.07833 -0.000650469 341.57 0
39 -89.3938 10.487 -0.00463656 389.241 0
40 -49.5616 6.24849 0.00468329 278.671 0
41 -79.133 9.28945 -0.001327 328.815 0
42 -63.241 7.78245 0.0012956 311.649 0
43 -76.5981 9.00253 -0.000797983 350.83 0
44 -53.9555 6.69729 0.00274735 274.793 0
45 -80.7135 9.47575 -0.00215309 370.632 0
46 -68.1668 8.16981 0.000128346 334.27 0
47 -50.1234 6.23959 0.00438361 291.34 0
48 -53.6415 6.81316 0.00329584 293.774 0
49 -38.3625 5.4394 0.00554732 256.763 0
50 -76.6559 9.10719 -0.00163045 344.24 0
51 -32.1178 4.65883 0.00677643 228.178 0
52 -56.6593 7.06019 0.00263384 287.595 0
53 -71.9846 8.44948 7.19612e-05 322.752 0
54 -65.4001 7.83437 0.00107028 299.078 0
55 15.4859 -0.303122 0.0192033 135.895 0
56 -14.754 2.83961 0.0113765 195.222 0
57 -70.7763 8.4442 0.000109528 308.555 0
58 -60.1029 7.41521 0.00217939 293.343 0
59 -74.2632 8.78296 -0.000708841 330.494 0
60 -70.9934 8.56717 -0.000637643 333.64 0
61 4.92941 0.929736 0.0166947 165.073 0
62 104.941 -9.31772 0.0389791 -111.952 0
63 -60.7054 7.33718 0.00214866 315.082 0
64 -120.908 11.8527 -0.00515243 452.471 0
65 -111.053 10.9786 -0.00382471 429.463 0
66 -114.905 11.5168 -0.00404884 415.2 0
67 -102.221 10.0485 -0.00128837 388.253 0
68 -87.0124 8.84108 0.000586548 353.945 0
69 -95.0722 9.4688 -0.000288785 381.376 0
70 -99.6034 9.94005 -0.00189543 384.413 0
71 -60.044 6.70652 0.00418709 260.591 0
72 -96.8839 9.8191 -0.00147094 390.248 0
73 -116.626 11.4909 -0.0039745 432.95 0
74 -85.5796 8.7754 -4.70505e-05 359.09 0
75 -63.5791 7.25038 0.00305235 283.977 0
76 -74.5251 8.25505 0.000445137 303.628 0
77 -69.0324 7.48079 0.00167838 289.021 0
78 -47.4881 5.60478 0.00540123 213.541 0
79 -93.9584 9.43543 -0.000839316 375.465 0
80 -63.4216 6.99527 0.00313851 298.533 0
81 -98.8136 9.81748 -0.00149046 406.045 0
82 -73.2114 7.6844 0.00262658 294.678 0
83 -96.5938 9.70883 -0.00151202 364.039 0
84 -54.5287 6.42934 0.00317306 214.371 0
85 -62.2222 7.31721 0.00185715 260.607 0
86 -61.593 6.99262 0.00319676 246.268 0
87 -70.3802 8.14923 6.50829e-05 289.378 0
88 58.4173 -4.31097 0.0255832 -48.8115 0
89 -40.2235 4.71471 0.00732891 207.427 0
90 -52.1585 6.18581 0.00415926 250.797 0
91 -48.7048 5.67703 0.00616862 210.541 0
92 -54.295 6.28045 0.00488282 249.55 0
93 -66.7403 7.64621 0.00199285 262.169 0
94 -75.1999 8.5724 -0.00146105 292.519 0
95 -75.7722 8.24497 -0.01282 302.648 0
