0 -69.465 7.83894 -0.00288945 284.156 0
1 -69.5918 8.02916 -0.00385565 311.708 0
2 -73.7079 8.22081 -0.00408125 320.421 0
3 -69.0536 7.96631 -0.00350167 276.797 0
4 -62.8557 7.0683 -0.00157349 292.497 0
5 -61.77 7.42066 -0.00377035 257.558 0
6 -56.9356 6.8426 -0.0016857 273.029 0
7 -144.834 14.816 -0.01762 525.99 0
8 -61.2957 7.07797 -0.00114408 297.19 0
9 65.6238 -3.90873 0.0188986 -109.008 0
10 -53.6896 6.19338 0.000303585 283.462 0
11 -67.746 7.62312 -0.00217816 299.296 0
12 -103.669 10.4665 -0.00866309 384.326 0
13 -70.6857 7.69789 -0.00319117 362.753 0
14 -98.0203 9.97786 -0.00744566 387.913 0
15 -35.3809 4.78444 0.00225452 210.89 0
16 -73.1214 8.20096 -0.00467756 333.435 0
17 -85.6658 9.25015 -0.00573659 367.028 0
18 -65.8477 7.19575 -0.00234793 325.485 0
19 -78.1314 8.45482 -0.00451583 318.329 0
20 -57.5407 6.41333 0.000151888 276.246 0
21 -37.7445 4.8917 0.00283093 224.464 0
22 -63.2797 7.09504 -0.00218471 291 0
23 -58.3161 6.94954 -0.00167299 279.601 0
24 -67.3028 7.27527 -0.0016666 323.82 0
25 -38.2495 5.21129 0.00172005 207.505 0
26 -35.6572 4.72383 0.00295853 229.757 0
27 -56.1161 6.58706 -0.00168261 285.056 0
28 -45.2124 5.4869 0.00135214 241.017 0
29 -110.077 11.4112 -0.00973708 420.138 0
30 -47.0651 5.57115 0.00153057 268.19 0
31 -74.2399 8.18896 -0.00433824 351.83 0
32 -48.8759 6.11781 -0.000178065 238.877 0
33 -67.0198 7.98166 -0.00474617 285.978 0
34 -55.9047 6.7619 -0.0019056 256.963 0
35 -66.229 8.05545 -0.00500161 273.203 0
36 -57.605 6.75194 -0.00123747 241.734 0
37 -94.0529 9.89041 -0.0076247 351.121 0
38 -82.6638 8.98806 -0.00580421 332.412 0
39 -61.4917 7.37846 -0.00283608 283.544 0
40 -71.6862 8.0123 -0.00420715 321.575 0
41 -72.4875 8.12045 -0.00448277 312.616 0
42 -61.9479 7.08723 -0.00221618 297.109 0
43 -63.1079 7.16393 -0.00196789 286.987 0
44 -67.0991 7.51009 -0.00385567 294.986 0
45 -35.8029 4.61043 0.00291431 209.23 0
46 -97.2782 10.1276 -0.00818946 379.092 0
47 -89.4398 9.37946 -0.00614321 378.94 0
48 -63.9006 7.20063 -0.00249315 281.056 0
49 -41.4694 5.18893 0.00194671 208.447 0
50 -56.396 6.56096 -0.00099501 277.493 0
51 -93.1728 9.69703 -0.00747166 410.476 0
52 56.7584 -3.98782 0.0211965 -35.2983 0
53 -80.1171 8.80287 -0.00575856 350.849 0
54 -64.1228 7.22746 -0.00205681 302.49 0
55 -66.5839 7.44491 -0.00304592 297.282 0
56 -54.9002 6.26957 0.000140793 252.103 0
57 -37.7257 5.04104 0.00176928 222.113 0
58 -74.6351 8.12073 -0.00346831 320.945 0
59 -45.3902 5.671 0.000599681 232.362 0
60 -46.3273 5.76316 -2.65022e-05 214.088 0
61 -49.3636 6.21478 -0.000391113 216.207 0
62 -44.7156 5.70172 8.69787e-05 219.743 0
63 -40.9535 5.32755 0.00118041 228.176 0
