0 -76.6196 8.85881 -0.00116456 347.575 0
1 -73.4985 8.53605 -0.000883363 325.003 0
2 -71.464 8.01653 0.00106088 299.322 0
3 -63.8627 7.64074 0.000915035 319.593 0
4 2.55934 1.32874 0.0133615 138.731 0
5 -13.3823 2.63165 0.0117791 177.267 0
6 -55.0841 6.75024 0.00290054 311.58 0
7 -53.8983 6.55869 0.00360336 275.438 0
8 -51.1178 6.30602 0.00385462 283.476 0
9 -54.3651 6.54942 0.00275126 287.413 0
10 -51.0018 6.16545 0.00410178 286.569 0
11 -67.3112 7.95132 -0.000863041 325.745 0
12 -23.0751 3.38101 0.00935421 194.189 0
13 70.6573 -5.6273 0.0280734 -49.8346 0
14 -54.2331 6.5353 0.00345498 268.262 0
15 -48.9888 6.16576 0.00294176 265.016 0
16 -64.1332 7.47061 0.000855199 319.366 0
17 -45.4501 5.67752 0.00469171 252.889 0
18 -47.9745 5.89652 0.0039149 277.226 0
19 -43.7245 5.6266 0.00551511 262.968 0
20 -64.0612 7.36189 0.00154734 313.647 0
21 -59.4455 7.09266 0.00188239 295.469 0
22 -52.3306 6.33711 0.00330823 269.151 0
23 -75.242 8.73321 -0.00135477 330.002 0
24 44.2927 -2.72598 0.0216404 14.8156 0
25 -44.0625 5.61639 0.00431547 266.883 0
26 -51.1109 6.18407 0.0040208 279.007 0
27 -42.88 5.44182 0.00478889 260.324 0
28 10.8166 0.363375 0.0153408 117.405 0
29 -75.8673 8.82978 -0.00150128 348.828 0
30 -5.2721 1.90288 0.0121092 146.874 0
31 -47.9656 5.68312 0.00459928 293.816 0
32 -49.2661 6.67929 0.0041244 203.915 0
33 -74.2097 8.9045 -0.000613033 298.096 0
34 -39.1614 5.46475 0.00660016 209.53 0
35 -86.6414 10.1532 -0.00264131 339.917 0
36 -48.5176 6.33623 0.00504929 222.271 0
37 -61.8535 7.655 0.00220646 274.492 0
38 16.7743 -0.111356 0.018308 64.7852 0
39 -60.2755 7.66898 0.00203978 282.811 0
40 -34.2785 4.90133 0.00797982 181.854 0
41 -70.853 8.55479 0.00102347 293.085 0
42 23.5301 -0.769763 0.0199417 34.0389 0
43 -52.8626 6.79117 0.00340374 222.318 0
44 -62.3917 7.59096 0.00180255 269.638 0
45 -58.5296 7.29784 0.00209681 227.311 0
46 -21.1109 3.56437 0.0104005 151.217 0
47 -45.7219 6.0563 0.00489234 226.763 0
48 -19.5079 3.60751 0.0104527 196.478 0
49 -68.8879 8.43276 -0.00015281 273.509 0
50 -51.1349 6.70529 0.00330945 216.95 0
51 -56.6448 6.98466 0.00307117 254.702 0
52 -39.201 5.19466 0.00610041 180.86 0
53 -35.8221 5.29868 0.00640613 225.848 0
54 -52.8515 6.81092 0.00296553 227.466 0
55 -31.7183 4.53269 0.00887406 194.444 0
56 -51.3581 6.63978 0.00397094 242.058 0
57 -26.7495 4.11756 0.00898604 207.711 0
58 -32.0415 4.80861 0.0076211 186.113 0
59 13.4881 0.00684962 0.0182993 91.7709 0
60 -29.284 4.56572 0.00810086 170.312 0
61 -39.0487 5.60128 0.00637477 219.472 0
62 -30.9231 4.66007 0.0079996 182.469 0
63 -37.9065 5.24091 0.00682093 196.401 0
64 -71.0299 8.21198 0.000500833 391.478 0
65 -43.2009 5.47418 0.00568504 311.062 0
66 -66.2394 7.96395 0.000575189 327.669 0
67 -28.8245 4.02801 0.00924636 254.817 0
68 -58.3445 7.02264 0.00283456 358.888 0
69 -33.3931 4.54565 0.00744424 289.887 0
70 -59.5886 7.10689 0.00221616 349.401 0
71 -59.9496 7.15437 0.00195913 348.056 0
72 -49.0728 5.91033 0.00459812 323.304 0
73 -29.586 4.14802 0.00759903 272.381 0
74 -43.7569 5.47648 0.00511898 296.833 0
75 142.2 -13.1125 0.0457061 -177.848 0
76 -53.2937 6.62371 0.00271514 319.277 0
77 -54.76 6.67055 0.00297787 322.78 0
78 -58.1141 6.92305 0.00190807 347.12 0
79 -50.9737 6.3085 0.0038784 311.613 0
80 -63.5096 7.53434 0.000900851 374.798 0
81 19.9438 -0.714488 0.0183372 150.063 0
82 -60.6153 7.28655 0.00134011 381.567 0
83 -31.788 4.53085 0.00683461 269.065 0
84 -57.4521 6.9629 0.00220566 340.288 0
85 -56.0235 6.92667 0.00238073 321.841 0
86 -59.7806 7.28354 0.00184211 338.313 0
87 -61.5345 7.49033 0.00142632 346.278 0
88 -50.4366 6.28256 0.00399383 334.702 0
89 -46.1288 5.73547 0.0045728 317.258 0
90 -24.8686 3.91609 0.00880616 237.559 0
91 9.24279 0.589255 0.0156263 144.123 0
92 -64.4914 7.39249 0.00230304 366.714 0
93 -44.051 5.65002 0.00553998 308.787 0
94 -29.4779 4.34642 0.0082877 281.438 0
95 -32.2987 3.96279 0.00119203 260.696 0
