0 -67.3243 7.94026 0.00108451 330.389 0
1 -23.7706 3.4867 0.0108638 212.038 0
2 -83.9859 9.58458 -0.00218818 364.978 0
3 -79.8654 9.39613 -0.00251152 338.857 0
4 37.7007 -2.49599 0.023134 56.1751 0
5 -78.6027 9.19284 -0.00143461 358.791 0
6 -74.258 8.71109 -0.000565767 335.203 0
7 -58.6871 7.28431 0.00201072 280.507 0
8 -37.39 5.02919 0.00680537 248.75 0
9 -65.0667 7.27632 0.00290526 335.405 0
10 -42.134 5.37806 0.00659182 271.082 0
11 73.2756 -5.69429 0.0293546 -47.3556 0
12 -56.6233 6.8104 0.00300614 322.084 0
13 -73.9076 8.61584 -0.000561794 336.405 0
14 -44.4728 5.70907 0.00614579 257.845 0
15 -75.2349 8.74392 -4.71474e-05 352.816 0
16 108.203 -9.17285 0.0368562 -148.049 0
17 -47.0124 6.01315 0.00541862 286.316 0
18 -58.1999 7.10837 0.00281067 307.297 0
19 -75.9432 8.9936 -0.00116329 362.41 0
20 -41.1989 5.26913 0.00592191 245.179 0
21 127.058 -11.7663 0.0431795 -161.541 0
22 -52.3735 6.69178 0.00328967 285.938 0
23 -54.4542 6.84853 0.00289278 286.159 0
24 -51.9353 6.48496 0.00408044 297.8 0
25 -54.8372 6.85193 0.00346809 297.543 0
26 -53.6819 6.88602 0.00279397 290.582 0
27 -44.5638 5.78705 0.00510336 275.018 0
28 -57.6593 7.03764 0.00254872 330.261 0
29 -52.3661 6.64981 0.0040346 297.862 0
30 -41.5541 5.47981 0.00633169 257.436 0
31 -66.8027 8.08803 0.000715391 334.66 0
32 -53.1265 6.75273 0.00361258 233.464 0
33 -86.3732 11.3162 -0.0165311 256.308 0
34 -77.4292 8.97495 -8.4342e-05 296.341 0
35 -55.5317 6.86702 0.00342257 220.965 0
36 -54.2787 6.91707 0.00343801 215.414 0
37 -70.9391 8.50135 0.000128157 289.467 0
38 -65.6176 7.90766 0.00120231 277.278 0
39 -50.6911 6.5948 0.00384052 228.774 0
40 -48.1417 6.20973 0.00446311 237.632 0
41 -35.978 5.2371 0.00661642 172.615 0
42 -54.1839 6.90172 0.00300322 251.656 0
43 -37.4889 5.35551 0.00595501 202.28 0
44 -42.7165 5.48725 0.00613844 201.959 0
45 -55.8943 7.04729 0.0027895 240.93 0
46 -36.508 5.1048 0.00641098 166.471 0
47 -32.8272 4.86803 0.00680919 166.408 0
48 -42.5433 5.66904 0.00501167 202.74 0
49 -26.1595 4.22992 0.00800724 167.049 0
50 -30.5857 4.41319 0.00819157 163.906 0
51 -43.9235 5.73343 0.00465975 218.87 0
52 -24.3507 4.09165 0.0079134 188.916 0
53 -37.4865 5.22929 0.0062178 172.804 0
54 -46.6143 5.98462 0.00485087 212.682 0
55 -30.8847 4.70492 0.00703463 150.056 0
56 -34.0745 4.82089 0.00660039 188.964 0
57 -33.9707 5.02025 0.00644518 199.785 0
58 -32.6641 4.79242 0.00687293 170.481 0
59 -41.0703 5.45691 0.00585755 202.52 0
60 -32.545 4.63144 0.00745294 177.913 0
61 -29.3458 4.31307 0.00773093 178.591 0
62 -24.7359 3.9508 0.00877124 180.317 0
63 -40.3751 5.44521 0.0060622 207.352 0
64 -23.6276 3.55436 0.00965186 99.1017 0
65 -34.1138 4.6323 0.00787518 133.771 0
66 -31.2792 4.70431 0.00767075 114.055 0
67 -54.5584 6.68829 0.00322756 193.314 0
68 -38.5402 5.13361 0.00647402 157 0
69 -53.4422 6.59905 0.00211691 154.837 0
70 -49.2937 5.72012 0.00600954 178.937 0
71 -42.2849 5.62901 0.00544564 132.181 0
72 -33.8646 4.69087 0.00776135 118.675 0
73 -35.7069 4.83952 0.00728947 105.13 0
74 -43.7279 5.60968 0.00499133 155.791 0
75 -27.2558 4.20116 0.00828484 130.201 0
76 -8.4145 1.95465 0.0128482 34.0376 0
77 -43.6694 5.61704 0.00561765 152.415 0
78 -20.1621 3.2721 0.00997069 74.8143 0
79 -44.4674 5.76652 0.0044682 157.493 0
80 -33.6628 4.6703 0.00712102 132.195 0
81 -40.0319 5.1165 0.00622877 162.44 0
82 -37.6558 5.18551 0.00630708 139.924 0
83 -29.8829 4.31925 0.00719574 117.303 0
84 -30.0027 4.65009 0.00667314 98.876 0
85 -29.9415 4.48856 0.00717882 138.177 0
86 -27.8834 4.27013 0.00825596 124.613 0
87 -26.1453 4.18821 0.00797529 94.444 0
88 -51.8718 6.37734 0.00407974 165.471 0
89 -26.1904 3.955 0.00851075 112.168 0
90 -28.3727 4.2355 0.00807106 104.157 0
91 -30.9258 4.533 0.00779475 97.4485 0
92 -33.2977 4.93398 0.00627513 102.088 0
93 -30.0183 4.57505 0.00773836 108.774 0
94 -26.3011 4.0402 0.00853416 99.3952 0
95 -25.1246 3.58485 -0.0100638 159.723 0
