0 -82.9615 8.90177 -6.09112e-05 351.518 0
1 -81.712 8.99641 -0.000483412 338.287 0
2 -54.7623 6.60396 0.00313606 253.517 0
3 72.4945 -5.57289 0.0283916 -90.6634 0
4 -95.9399 9.77917 -0.00121208 380.681 0
5 -68.3883 7.71045 0.0020685 303.55 0
6 -99.0983 10.1602 -0.00188816 427.502 0
7 -100.156 12.8382 -0.0212521 348.398 0
8 -116.557 11.686 -0.00539945 467.757 0
9 -83.4138 8.87244 0.000341107 360.858 0
10 -97.1875 9.91521 -0.00209302 417.29 0
11 -60.0652 6.7236 0.00382167 282.014 0
12 -51.5481 5.95223 0.00456922 264.467 0
13 -62.5973 6.96175 0.00302952 276.944 0
14 -80.5962 8.45348 0.000886676 344.267 0
15 -92.445 9.70525 -0.00255536 385.888 0
16 -81.22 8.50674 0.000323595 366.097 0
17 49.4151 -2.76491 0.0197149 -35.4645 0
18 -94.2446 9.7147 -0.0015999 388.54 0
19 -48.4889 6.20882 0.0026713 221.914 0
20 -63.6523 7.01672 0.00271202 315.55 0
21 -83.6267 8.87461 -0.00119146 356.283 0
22 -55.2241 6.32927 0.00420342 288.789 0
23 -80.6068 8.59575 -0.000732502 349.062 0
24 -103.137 10.2994 -0.00235592 437.443 0
25 -93.3348 9.53443 -0.000909429 374.625 0
26 -99.2571 10.0008 -0.00215604 426.27 0
27 -50.1974 6.0592 0.00379246 255.519 0
28 -87.3265 9.07715 -0.00116641 384.124 0
29 -73.1055 7.96502 0.00089375 315.317 0
30 -80.4613 8.50662 0.000913646 326.772 0
31 -71.145 7.8096 0.00122618 318.671 0
32 -48.818 6.2249 0.00627459 244.265 0
33 -59.0888 7.36503 0.00341315 266.515 0
34 -77.131 8.68502 0.000854746 359.597 0
35 -79.7775 9.07406 -0.000644255 321.518 0
36 -1.72788 1.57596 0.014918 143.94 0
37 -121.058 12.4688 -0.00559801 480.345 0
38 -59.3887 7.16646 0.00394179 280.052 0
39 -81.047 8.94397 0.000678336 352.226 0
40 -100.236 10.5401 -0.00290067 409.121 0
41 -49.6824 6.39901 0.00465524 270.443 0
42 -82.9509 9.26865 -0.000401743 366.525 0
43 -61.9224 7.48996 0.00257192 282.296 0
44 -81.4281 8.67424 0.00133628 365.485 0
45 137.962 -10.9154 0.0382113 -286.476 0
46 -103.518 10.6256 -0.00283633 419.963 0
47 -84.9141 11.7038 -0.0189963 292.549 0
48 -107.792 11.1226 -0.00391427 447.44 0
49 -102.969 10.6055 -0.00281352 417.137 0
50 121.668 -8.75964 0.0318196 -254.366 0
51 -99.3144 10.2256 -0.00210576 413.477 0
52 -93.386 9.90679 -0.00209907 399.711 0
53 -39.8242 5.48768 0.00575055 255.482 0
54 -38.9218 5.2213 0.0069233 259.88 0
55 -88.2706 9.64216 -0.00127844 393.116 0
56 -104.243 11.0072 -0.0045434 447.307 0
57 -84.5638 9.32326 -0.00116554 370.088 0
58 -96.7144 10.3598 -0.00229746 442.39 0
59 -97.7925 10.4204 -0.00248566 421.271 0
60 71.2763 -4.55577 0.0241831 -55.5884 0
61 -58.6735 7.01834 0.00366097 284.834 0
62 -98.9809 10.649 -0.00302927 453.715 0
63 -109.878 11.5367 -0.00507424 464.271 0
64 -90.9088 9.63358 -0.00150677 334.869 0
65 -80.2995 8.49957 0.000867564 324.206 0
66 -86.26 9.17576 0.000508815 329.998 0
67 -103.073 10.4357 -0.00238863 396.773 0
68 -113.501 11.4226 -0.00437253 395.803 0
69 -113.711 11.3126 -0.00456368 410.541 0
70 -113.809 11.3138 -0.00432538 398.649 0
71 -109.555 11.1581 -0.00458665 408.29 0
72 -112.938 11.131 -0.00334504 401.963 0
73 -84.874 8.88556 -0.00017051 335.333 0
74 -46.1751 5.67534 0.00485563 170.983 0
75 -55.362 6.52288 0.00390337 205.562 0
76 -73.7872 7.96491 0.00167983 273.131 0
77 -89.8044 9.25825 -0.000788328 368.756 0
78 -100.251 10.1295 -0.00245359 353.909 0
79 -75.1654 7.9532 0.00121039 314.24 0
80 -108.833 11.1153 -0.00481295 398.05 0
81 -77.451 8.24595 0.000864652 306.883 0
82 -85.2782 9.02783 -0.000385937 335.847 0
83 -51.4037 6.09614 0.00486733 232.846 0
84 -85.975 9.19128 -0.00101017 339.452 0
85 -61.0202 7.19854 0.00213302 232.525 0
86 -65.7213 7.60941 0.00183571 271.415 0
87 -83.5414 8.97931 -0.000847591 341.838 0
88 -74.2271 7.99822 0.00146537 296.332 0
89 -86.6339 9.21252 -0.000999911 366.425 0
90 -101.845 10.4742 -0.0030421 388.686 0
91 -74.4403 7.98759 0.00148158 283.889 0
92 -76.3622 8.20679 0.00117109 268.28 0
93 -77.3658 8.27567 0.00115743 300.56 0
94 -77.7751 8.5369 1.61817e-05 303.005 0
