0 -73.2682 8.76291 -0.00582788 282.665 0
1 -65.4593 8.0021 -0.00403653 305.457 0
2 -77.677 9.17074 -0.0069377 305.371 0
3 -60.8493 7.65139 -0.0030667 264.575 0
4 -62.2183 7.53895 -0.00287243 282.334 0
5 -73.585 8.86257 -0.00637016 292.509 0
6 -78.2971 9.33252 -0.00751797 315.961 0
7 -75.4212 9.08611 -0.00640354 306.41 0
8 -89.5327 10.7679 -0.0133866 342.923 0
9 -81.7113 9.60614 -0.00805361 318.588 0
10 -80.1845 9.22885 -0.0070373 307.789 0
11 -72.4032 8.73788 -0.00598516 293.907 0
12 -72.0124 8.38973 -0.00545238 305.807 0
13 -74.5198 8.8264 -0.00532131 293.779 0
14 -73.6681 8.72922 -0.00615336 298.428 0
15 -76.7435 9.01348 -0.00617898 307.049 0
16 -52.4279 6.82608 -0.00104824 240.091 0
17 -48.915 6.35502 -0.000438994 229.975 0
18 -52.0759 6.64464 -0.0010413 233.796 0
19 -55.8077 7.04844 -0.0014951 270.914 0
20 -39.0648 5.22146 0.0027689 245.112 0
21 -55.48 7.03906 -0.00198062 277.216 0
22 -58.623 7.44651 -0.0038043 278.132 0
23 -60.1153 7.486 -0.00271615 250.028 0
24 -64.2709 8.00656 -0.00345817 288.872 0
25 -74.2216 8.85667 -0.00598675 287.25 0
26 -59.5171 7.4631 -0.00231725 270.506 0
27 -74.1609 8.68541 -0.00489722 326.174 0
28 -72.0727 8.64649 -0.00548244 301.076 0
29 -73.4053 8.81768 -0.00562295 310.036 0
30 -62.884 7.83125 -0.00324981 282.075 0
31 -60.3921 7.46975 -0.00243711 257.448 0
32 -37.2963 5.38892 0.00199382 129.554 0
33 -43.0571 5.89521 0.00158769 158.498 0
34 -52.7853 6.93853 -0.00130557 179.059 0
35 -29.5958 4.50213 0.00420917 99.7749 0
36 -43.331 5.85912 0.000904962 178.415 0
37 -55.0343 7.12241 -0.00176454 186.655 0
38 -63.2414 7.91943 -0.00403626 236.796 0
39 -47.4472 6.43572 -0.000338721 184.157 0
40 -36.0456 5.40809 0.000973405 134.901 0
41 -20.0165 3.59175 0.00634525 71.9097 0
42 -34.1994 5.13417 0.00255588 148.59 0
43 -30.1602 4.79004 0.00189756 116.383 0
44 -55.3083 6.69846 -0.00111456 191.522 0
45 -52.1861 6.40368 0.000353943 216.267 0
46 -23.7176 3.89495 0.00495525 93.5208 0
47 -35.2984 5.04405 0.00286737 160.475 0
48 -24.6569 3.97544 0.00548758 104.191 0
49 -42.874 5.8052 0.000724274 151.525 0
50 -21.742 3.79618 0.00486318 103.771 0
51 -31.2468 4.4971 0.00368369 145.249 0
52 -27.4538 4.30407 0.00394902 122.509 0
53 -29.3237 4.32193 0.00445328 136.578 0
54 -28.6788 4.36351 0.00390748 113.229 0
55 -66.9214 7.88555 -0.00323564 260.95 0
56 -56.6886 7.13854 -0.0017917 203.358 0
57 -25.1273 3.93535 0.00532423 107.675 0
58 -22.076 3.82375 0.00534032 115.108 0
59 -49.2842 6.29777 -0.000318249 196.503 0
60 -44.4094 5.83426 0.00118171 176.392 0
61 -41.9582 5.62046 0.00153487 178.649 0
62 -62.0266 7.63799 -0.00255759 227.441 0
63 -64.8203 7.77555 -0.00290387 243.769 0
