0 49.0286 -3.37069 0.027427 13.0226 0
1 -73.7589 8.79691 0.00126931 339.087 0
2 -58.8782 6.90623 0.00530035 272.442 0
3 -69.8756 8.21473 0.00321301 306.238 0
4 88.3764 -6.71361 0.0320228 -103.128 0
5 -47.0957 6.08245 0.00711846 235.787 0
6 -94.573 10.0105 0.000649571 394.556 0
7 -78.4885 8.9931 0.00148321 378.276 0
8 164.8 -13.5702 0.0459347 -316.588 0
9 -103.748 10.9926 -0.00194211 440.301 0
10 -140.863 13.9334 -0.00725456 538.801 0
11 -81.4592 9.06825 0.00132913 386.6 0
12 -117.166 11.6971 -0.0030878 481.757 0
13 45.8821 -2.79105 0.0246951 12.4285 0
14 -94.1214 9.99401 -0.000579973 396.392 0
15 -42.336 5.34231 0.00837732 267.079 0
16 -91.7765 9.73312 0.000678126 437.233 0
17 97.7602 -7.87493 0.0354342 -121.913 0
18 -78.2638 8.66821 0.00198169 412.826 0
19 -83.3246 9.33055 -0.000510921 386.507 0
20 -93.6634 10.1514 -0.000753879 412.419 0
21 -87.9133 9.54752 0.000489683 385.166 0
22 -102.336 10.6816 -0.00165138 438.033 0
23 -100.734 10.7808 -0.00266529 444.075 0
24 -67.6568 7.60169 0.00451976 333.38 0
25 -79.8514 9.07326 0.000795203 384.188 0
26 -72.7966 8.26183 0.00213248 339.724 0
27 -88.6567 9.72137 -3.97101e-05 379.707 0
28 184.143 -15.2788 0.0468905 -396.199 0
29 -78.9386 8.88368 0.0017657 330.399 0
30 -68.0255 8.08955 0.00288151 330.222 0
31 -90.3948 9.8799 -0.000795448 416.823 0
32 73.3263 -5.48505 0.0295199 -105.051 0
33 -35.729 5.05559 0.00826789 161.864 0
34 -70.5754 8.55834 0.0009437 269.811 0
35 -42.3026 5.64954 0.00707056 177.464 0
36 -47.4656 6.20457 0.00573142 193.751 0
37 -38.8293 5.31064 0.00658772 178.517 0
38 -47.2886 6.33236 0.00490434 216.823 0
39 -37.589 5.43865 0.00687548 210.164 0
40 -35.9271 5.01197 0.00787758 186.26 0
41 -39.4671 5.21782 0.00717927 199.27 0
42 -36.7564 5.15972 0.00784923 175.933 0
43 -31.8886 4.71603 0.00794291 145.016 0
44 -43.767 5.39565 0.00719961 206.41 0
45 -55.7918 6.89184 0.00430682 231.456 0
46 -50.1535 6.16542 0.0057126 224.51 0
47 -50.1743 5.9726 0.00655587 252.192 0
48 -73.3985 8.70544 -0.000822006 291.426 0
49 -50.1804 6.14207 0.00586573 238.433 0
50 -43.2216 5.56048 0.00656307 201.214 0
51 -48.5669 5.99637 0.00614447 239.378 0
52 -34.4339 4.73969 0.00816951 183.184 0
53 -74.9101 8.87498 -0.000343508 292.658 0
54 -55.0032 6.76487 0.00468973 226.907 0
55 -70.152 8.12741 0.00132853 266.28 0
56 -54.1214 6.58728 0.00497101 227.734 0
57 -65.3349 7.58425 0.00287626 256.349 0
58 -50.6871 6.24765 0.00554167 234.666 0
59 -63.0953 7.34091 0.00361821 302.807 0
60 -41.4395 5.42043 0.00693127 184.149 0
61 -75.8552 8.79634 0.000422948 277.561 0
62 -59.6571 7.29965 0.00357015 258.454 0
63 -65.3981 7.79912 0.00208236 270.018 0
64 -64.1065 7.52188 0.00318784 320.998 0
65 -71.3806 8.12165 0.00101838 350.683 0
66 -56.4514 6.84862 0.00510478 286.207 0
67 -49.1119 6.01755 0.00573856 290.731 0
68 182.118 -15.2907 0.0479192 -390.333 0
69 -42.5263 5.31642 0.00734644 287.766 0
70 -77.3492 8.35005 0.00174267 371.347 0
71 -120.483 12.1219 -0.00461141 499.11 0
72 -64.0263 7.0632 0.00469088 351.625 0
73 -94.3505 9.75701 -0.000297755 419.715 0
74 -92.9633 9.72172 -0.000941686 387.759 0
75 -111.567 11.5543 -0.00353029 448.803 0
76 -87.5649 9.30773 0.000700735 411.461 0
77 -124.16 12.3255 -0.00482571 512.919 0
78 -117.884 11.8514 -0.00485328 510.736 0
79 15.7258 -0.270728 0.0181959 117.803 0
80 -101.25 10.3901 -0.00186729 436.118 0
81 -104.074 10.7403 -0.00302283 449.345 0
82 -117.753 11.9257 -0.00464753 515.67 0
83 -108.286 11.1882 -0.00373121 452.683 0
84 144.115 -11.5222 0.039721 -283.388 0
85 -100.394 10.625 -0.00272796 437.255 0
86 -81.5525 9.03546 -5.07822e-05 356.965 0
87 -72.4307 8.35398 0.00151986 337.584 0
88 -100.976 10.5894 -0.00270247 444.674 0
89 -90.7657 9.8433 -0.00140475 429.72 0
90 -82.6133 9.03725 0.000309963 370.692 0
91 -76.7142 8.47579 0.00172064 377.976 0
92 -108.159 11.1831 -0.00335911 484.051 0
93 139.79 -10.7759 0.0373079 -261.752 0
94 -86.7612 9.37197 0.000414988 396.691 0
95 -89.9932 8.98413 -0.00516992 369.758 0
