0 -90.9508 10.3638 -0.00391314 312.398 0
1 -87.8554 10.0398 -0.00272813 304.173 0
2 -71.3154 7.81915 0.00220149 269.784 0
3 -68.3369 7.95659 0.0015033 260.419 0
4 -66.692 7.74783 0.00195215 248.177 0
5 -70.173 8.07614 0.000281743 263.458 0
6 -53.1394 6.4575 0.00477574 227.875 0
7 -63.9714 7.5656 0.00132346 261.396 0
8 -57.3964 6.80845 0.00374067 240.483 0
9 -71.4988 8.28595 0.000712516 274.562 0
10 -67.9533 7.85028 0.00182149 261.349 0
11 -49.1415 5.90134 0.00564653 191.357 0
12 -67.4399 7.82043 0.000662734 261.65 0
13 -72.7507 8.51987 -0.000586931 287.195 0
14 -73.1278 8.53299 0.000160414 268.672 0
15 -72.0177 8.38811 0.000158632 295.506 0
16 -63.4494 7.50001 0.00212397 242.829 0
17 -65.348 7.7985 0.00119456 266.344 0
18 -73.1985 8.38288 9.37708e-05 294.437 0
19 -62.4559 7.48762 0.00160054 237.184 0
20 -63.3192 7.3619 0.0018817 249.048 0
21 -61.8951 7.3921 0.0020509 239.027 0
22 -65.7291 7.89632 0.00117002 235.271 0
23 -71.0335 8.30981 0.000785333 260.229 0
24 -60.8647 7.32084 0.00234157 234.736 0
25 -53.8513 6.69208 0.00336215 233.902 0
26 -22.4121 5.11572 -0.00779215 106.925 0
27 -63.8018 7.53872 0.00192296 257.329 0
28 -61.6544 7.34551 0.00145197 246.046 0
29 -30.2379 4.0709 0.00884883 153.288 0
30 -67.1779 7.89519 0.000707753 256.402 0
31 -58.0658 7.10158 0.00274133 237.47 0
32 43.6354 -2.6056 0.0226109 -15.7029 0
33 -81.7386 9.33337 -0.000526495 303.32 0
34 66.6836 -5.96429 0.0336907 -50.6763 0
35 -66.2969 7.77269 0.00253473 284.959 0
36 -72.394 8.40664 0.000950154 286.736 0
37 -73.8731 8.56594 0.000938943 302.576 0
38 57.4441 -4.62075 0.0293414 -32.8047 0
39 -83.6316 9.6842 -0.00148994 336.831 0
40 -67.2033 7.76759 0.00238326 261.536 0
41 -79.6761 9.20455 -0.000281722 307.361 0
42 -52.381 6.45304 0.00521242 249.045 0
43 -66.3165 7.79146 0.00221484 291.335 0
44 -73.0968 8.28723 0.000875465 299.379 0
45 -64.3386 7.64466 0.00231431 280.367 0
46 -61.3561 7.24053 0.00281654 277.369 0
47 -68.292 7.98006 0.00150353 296.719 0
48 -60.852 7.3539 0.00259235 258.958 0
49 -56.8574 6.88168 0.00435456 254.674 0
50 -72.4324 8.50197 0.000393175 303.797 0
51 -33.7765 4.28655 0.00910452 200.262 0
52 -61.1987 7.25068 0.00304504 254.102 0
53 -57.2259 7.06254 0.00344334 250.413 0
54 51.6985 -3.89901 0.0264306 -26.3272 0
55 -63.9004 7.62802 0.00241527 290.444 0
56 -57.3829 7.00625 0.00388494 270.135 0
57 11.0258 0.365079 0.016582 73.6873 0
58 -77.0766 8.56249 0.00130658 327.289 0
59 -61.8417 7.06092 0.00397865 291.038 0
60 -51.5117 6.28308 0.00527597 248.07 0
61 -14.0128 2.73933 0.0125556 176.166 0
62 -50.7904 6.35791 0.00541165 236.907 0
63 -45.6128 5.68376 0.00627045 243.073 0
64 -84.735 9.51667 -0.00106491 334.713 0
65 -73.3127 7.96892 0.00316476 337.138 0
66 -89.5088 10.2096 -0.00275546 374.791 0
67 -87.7584 9.88437 -0.00173319 351.215 0
68 -11.846 2.31261 0.0147908 158.901 0
69 -57.0717 6.55177 0.00516326 278.213 0
70 -55.3079 6.80164 0.00362245 257.473 0
71 -85.4583 9.75491 -0.00168054 311.799 0
72 -76.0242 8.82269 -9.5535e-05 333.865 0
73 -61.5842 7.24891 0.00379884 271.54 0
74 -50.283 6.1323 0.00492203 277.935 0
75 -10.6547 2.51756 0.012736 177.222 0
76 -56.7276 6.76322 0.00399366 260.531 0
77 -48.7273 6.03125 0.00566044 243.947 0
78 2.23129 1.12392 0.0155998 143.249 0
79 -54.7551 6.59389 0.00457652 280.595 0
80 -92.8596 9.60464 -0.00133767 401.371 0
81 -55.4286 6.65173 0.00372817 268.853 0
82 -57.1905 6.86546 0.0037477 266.15 0
83 -60.5703 7.16164 0.00330954 270.144 0
84 -52.6965 6.56196 0.00493948 269.777 0
85 -1.02257 1.48937 0.0149997 123.119 0
86 -100.236 10.6089 -0.00320951 412.056 0
87 -57.1974 6.72441 0.00489237 278.417 0
88 -92.9271 9.83492 -0.00136888 423.183 0
89 -52.7634 6.27056 0.00549294 249.768 0
90 -67.1633 7.71455 0.00280063 308.539 0
91 -54.9436 6.61393 0.00570232 273.508 0
92 -60.686 7.2011 0.00364129 265.163 0
93 -49.6926 6.22242 0.00576726 257.89 0
94 -57.0462 6.96939 0.00354388 271.199 0
95 -1347.35 128.08 -0.329723 4122.98 0
