0 -73.852 8.74962 0.000651891 386.72 0
1 -64.2852 7.78069 0.00258725 347.173 0
2 -31.6146 4.49506 0.00957277 260.847 0
3 -64.4974 7.90599 0.00182593 364.303 0
4 -82.1251 9.54323 -0.00225279 380.562 0
5 -82.2981 9.65343 -0.00150101 414.523 0
6 -65.9676 7.96685 0.00187952 342.61 0
7 -80.0842 9.39464 -0.00101137 392.757 0
8 -87.3454 10.1071 -0.00221544 414.597 0
9 -74.5356 8.86341 -8.72919e-05 392.317 0
10 -45.4715 5.70802 0.00620012 294.097 0
11 -82.1313 9.56724 -0.00172606 410.216 0
12 -41.4146 5.36342 0.00711533 283.378 0
13 -90.8474 10.5013 -0.00397164 407.199 0
14 11.2799 0.222382 0.0176066 166.111 0
15 -34.1887 4.82064 0.00812862 281.917 0
16 -78.0934 9.03725 -0.000577495 360.554 0
17 -76.1727 8.87789 -0.000546935 377.122 0
18 -75.2844 8.82098 -0.000198473 381.703 0
19 -64.34 7.82811 0.00125152 337.848 0
20 143.478 -11.5071 0.0380479 -265.829 0
21 -76.6097 8.9934 -0.000620911 386.146 0
22 -46.2033 5.96019 0.00531699 294.627 0
23 -68.7 8.24074 0.00113654 360.413 0
24 -12.8989 2.39336 0.0136035 257.435 0
25 -77.6317 9.10715 -0.00103531 369.02 0
26 -76.8537 8.97514 -0.000801347 383.197 0
27 -72.3939 8.61374 9.21433e-05 390.815 0
28 -60.3627 7.25382 0.00313844 348.459 0
29 -72.0924 8.55752 -0.000116264 388.771 0
30 -75.0294 8.86265 -0.000409502 397.111 0
31 -22.0216 3.50466 0.010889 249.781 0
32 -89.6325 10.3585 -0.00371027 338.298 0
33 -94.5898 10.8413 -0.00421072 340.15 0
34 -56.5031 7.15804 0.00318837 252.159 0
35 -19.4577 3.3194 0.01204 166.844 0
36 65.3923 -5.59689 0.032139 -58.9701 0
37 -74.9446 8.95034 -0.000423469 305.652 0
38 -87.8743 10.1661 -0.00192767 348.889 0
39 -85.3337 10.0742 -0.00229983 302.819 0
40 -86.2447 9.92037 -0.0016106 350.728 0
41 -87.4183 10.1512 -0.0023487 327.038 0
42 -86.2879 10.0069 -0.00255763 312.343 0
43 -88.3489 10.2233 -0.00280626 368.098 0
44 -83.1148 9.58809 -0.00148387 351.374 0
45 -80.9009 9.42566 -0.000499807 316.644 0
46 -18.6875 3.35456 0.0111637 158.097 0
47 -70.5922 8.34877 0.000810836 270.961 0
48 -62.8549 7.66841 0.00225028 261.784 0
49 62.9324 -5.23848 0.0307524 -21.5002 0
50 -80.1087 9.43775 -0.00157526 333.958 0
51 -48.6252 6.10142 0.00526297 277.946 0
52 -80.2862 9.31249 -0.00132101 296.547 0
53 -57.4194 7.12871 0.0028066 240.532 0
54 -73.6095 8.85479 -0.000322005 288.542 0
55 -89.7557 10.3436 -0.00350321 336.076 0
56 -56.54 7.15561 0.00290466 241.9 0
57 -76.3438 9.03553 7.27402e-05 307.214 0
58 -4.84515 1.74719 0.0155443 138.513 0
59 -79.2036 9.36076 -0.000613687 302.596 0
60 -78.2239 9.19694 -0.000711108 309.242 0
61 -68.429 8.30103 0.00103076 276.909 0
62 -79.0636 9.31991 -0.000747688 308.01 0
63 -65.2451 7.88592 0.00293012 330.546 0
64 11.0302 0.00511779 0.0188713 97.8772 0
65 -58.4323 6.53894 0.00548487 292.623 0
66 -84.1817 9.69466 -0.00171401 357.853 0
67 -82.7747 9.39606 -0.000931959 337.537 0
68 -84.0186 9.42356 -0.000650506 340.831 0
69 -37.5511 4.7944 0.0084158 248.72 0
70 -69.6289 8.12006 0.00153219 318.658 0
71 -23.76 3.77707 0.00953608 228.055 0
72 -65.913 7.80945 0.00212768 315.082 0
73 -46.3024 5.78641 0.00665313 289.957 0
74 -9.7767 2.26565 0.0125562 183.624 0
75 -50.0069 6.25991 0.00530364 243.906 0
76 -60.1114 7.33286 0.00296992 324.66 0
77 -51.1569 6.34549 0.00473512 291.24 0
78 -60.0794 7.21769 0.00283317 299.86 0
79 -68.4842 8.09657 0.000646769 331.222 0
80 -61.7735 7.43667 0.00212542 309.128 0
81 -71.6622 8.37748 0.000224885 335.621 0
82 -32.3323 4.32849 0.00992232 234.435 0
83 -32.5671 4.49738 0.00827682 222.022 0
84 -70.7227 8.42904 0.000197161 311.178 0
85 -72.1271 8.49292 0.000290368 330.513 0
86 -5.75226 1.74485 0.0150464 131.943 0
87 -47.8103 6.18388 0.00575583 274.652 0
88 -13.0026 2.41992 0.0141242 175.221 0
89 -72.5949 8.60266 -0.000199873 338.156 0
90 -72.783 8.48643 0.00140991 321.589 0
91 -29.049 4.18786 0.0105337 232.634 0
92 -56.8363 7.17994 0.00332273 289.771 0
93 -76.225 8.91719 -0.000488342 340.138 0
94 -72.6327 8.62478 -5.97245e-05 346.38 0
95 -72.6327 8.62478 -5.97245e-05 346.38 0
