0 -28.0804 4.17203 0.00943639 175.88 0
1 -54.5528 6.88896 0.00375523 245.141 0
2 -38.4175 5.20506 0.00781528 194.194 0
3 -38.4949 5.25813 0.00694606 187.285 0
4 -60.7875 7.33798 0.00307828 265.58 0
5 -32.9935 4.76194 0.00762952 148.591 0
6 -36.1064 5.0962 0.00727151 199.219 0
7 -40.8974 5.64547 0.00643793 199.195 0
8 -50.9434 6.52382 0.00378729 197.888 0
9 -43.0971 5.82282 0.00522587 202.423 0
10 -30.926 4.41531 0.00828392 172.206 0
11 -21.3407 3.61592 0.00998096 143.69 0
12 -39.0977 5.27513 0.00636873 200.972 0
13 -34.9777 4.85592 0.00775105 180.364 0
14 -20.8092 3.52172 0.0102354 164.551 0
15 -29.7383 4.39525 0.00820011 154.879 0
16 -33.2268 4.77417 0.00800541 168.676 0
17 -23.6654 3.74107 0.00998151 162.607 0
18 -37.1228 5.13105 0.00705014 210.488 0
19 -60.8293 7.51937 0.00181838 247.378 0
20 -45.3673 5.82081 0.00509565 224.753 0
21 60.3664 -4.95158 0.0293827 -45.3265 0
22 30.54 -1.81865 0.0222426 15.9747 0
23 -48.3273 6.28425 0.00425014 192.728 0
24 -48.6915 6.10507 0.00501596 233.278 0
25 -39.1422 5.33827 0.00669869 196.162 0
26 -60.8195 7.42078 0.00236499 272.029 0
27 -35.0129 4.80527 0.00760505 191.206 0
28 -62.6295 7.61465 0.00235602 260.353 0
29 57.8574 -4.9499 0.0308788 -23.7684 0
30 -49.5548 6.30705 0.00502871 242.51 0
31 -45.0723 5.904 0.00622497 238.358 0
32 -1.90952 1.73102 0.013206 160.636 0
33 -64.1271 7.83531 0.000930959 311.478 0
34 -17.8508 3.16042 0.0117602 213.964 0
35 -77.3682 9.04792 -0.00136724 331.862 0
36 -13.6497 3.00856 0.0102036 184.683 0
37 -73.9693 8.71833 -0.00151599 332.903 0
38 -73.4516 8.75637 -0.00141982 327.818 0
39 -78.9106 9.20763 -0.00205925 349.539 0
40 -53.8 6.45513 0.00367106 315.696 0
41 -59.2789 7.336 0.0018368 337.354 0
42 -66.3903 7.95503 7.21357e-05 332.908 0
43 -69.3878 8.28829 -0.000195233 327.068 0
44 -64.6915 7.65622 0.000598713 345.106 0
45 -48.5493 6.33531 0.0036556 291.252 0
46 -69.6006 8.2323 -0.000299004 344.218 0
47 -72.3004 8.51837 -0.00113539 348.859 0
48 -38.4986 5.29566 0.00565507 251.483 0
49 -71.7832 8.48908 -0.00113469 373.067 0
50 -51.1045 6.39775 0.00347674 279.171 0
51 -57.9657 6.89785 0.00228223 331.176 0
52 -67.5708 8.11737 -0.000381431 322.564 0
53 -64.8282 7.94567 -6.25502e-05 309.323 0
54 -65.1256 7.88131 -0.000279716 316.026 0
55 -40.0697 5.40446 0.00603071 253.71 0
56 -40.842 5.28801 0.00628344 255.895 0
57 -15.1851 2.8694 0.0107301 189.232 0
58 -50.4346 6.51181 0.00329016 270.185 0
59 -61.0288 7.41039 0.00130436 298.09 0
60 -41.7868 5.58075 0.00513893 281.405 0
61 0.182978 1.61314 0.0134734 157.456 0
62 -40.32 5.43398 0.00530352 260.225 0
63 -77.2816 8.51075 -0.000181171 393.037 0
64 115.704 -10.8847 0.0413257 -161.851 0
65 -9.91741 2.14283 0.0124571 203.893 0
66 -51.1372 6.26532 0.00356123 305.568 0
67 -65.4247 7.78002 0.0079811 292.745 0
68 -53.1632 6.27815 0.00376325 303.283 0
69 33.2856 -2.00178 0.0204436 61.3881 0
70 -54.734 6.39431 0.003475 287.644 0
71 -60.3748 7.11718 0.00178238 302.368 0
72 -76.076 8.812 -0.0014111 347.859 0
73 -71.8935 8.20491 -0.000350058 324.397 0
74 -66.722 7.73907 0.000665236 330.285 0
75 25.4346 -1.02435 0.0184185 66.3142 0
76 -41.4335 5.39807 0.00530078 274.759 0
77 -37.1732 5.41253 -0.0012932 234.135 0
78 54.3693 -3.67316 0.0229791 -21.8992 0
79 -47.2839 5.79511 0.00457031 278.184 0
80 -63.8078 7.35325 0.00149007 285.316 0
81 -54.536 7.08973 -0.000318745 252.824 0
82 -72.3415 8.49256 -0.00188624 311.812 0
83 -56.7566 6.80492 0.00213021 302.708 0
84 -39.9029 5.26543 0.0056553 262.171 0
85 -62.0681 7.43534 0.00124217 298.768 0
86 -43.3281 5.53065 0.0048324 245.213 0
87 -73.2136 8.61683 -0.00149149 331.226 0
88 -46.4188 6.01065 0.00376162 245.447 0
89 -50.1156 6.30921 0.00303868 276.368 0
90 -63.0459 7.52928 0.00115772 302.145 0
91 -58.7306 7.21851 0.00171936 285.105 0
92 -55.4044 6.82003 0.00197348 298.58 0
93 -61.2024 7.3191 0.00162459 310.827 0
94 -73.1656 8.63642 -0.00274226 344.21 0
95 -420.588 32.9312 -0.0526933 1674.2 0
