0 17.2156 -0.232108 0.0195922 102.71 0
1 -68.2376 7.81672 0.00349099 340.764 0
2 -65.6957 7.7881 0.00304401 319.308 0
3 -72.3952 8.20462 0.00252289 335.955 0
4 -81.439 8.8584 0.00176859 352.809 0
5 -63.5062 7.86811 0.00217241 313.567 0
6 -97.1724 10.3055 -0.00190163 415.598 0
7 -121.623 12.5098 -0.00590235 490.952 0
8 -16.8491 2.98554 0.0123472 185.987 0
9 -10.4712 2.82929 0.0118164 166.424 0
10 -116.014 11.8445 -0.00467775 468.461 0
11 -87.3299 9.45564 -0.000122282 387.864 0
12 -104.693 10.7351 -0.0019353 463.035 0
13 -116.857 11.8968 -0.00465249 493.836 0
14 -102.326 10.7012 -0.00237464 474.505 0
15 -119.122 12.1326 -0.00492844 508.317 0
16 -104.768 10.9818 -0.00358593 455.563 0
17 -80.6405 8.811 0.000772762 390.717 0
18 -66.8241 7.87168 0.00235679 327.691 0
19 -102.124 10.7073 -0.00289365 436.944 0
20 -95.4128 10.1706 -0.00164295 410.79 0
21 -64.3558 7.75509 0.00260356 330.454 0
22 -73.3847 8.46083 0.00176545 358.232 0
23 -72.3087 8.20669 0.0017964 345.225 0
24 -107.986 11.2712 -0.00365092 443.818 0
25 -106.161 11.2489 -0.00373215 474.945 0
26 -89.869 9.63225 -0.000313082 434.195 0
27 -61.0038 7.14912 0.00386622 308.681 0
28 -77.9115 8.53226 0.00112533 363.723 0
29 -67.5057 7.72874 0.00345249 358.975 0
30 -76.5004 8.61232 0.00151221 381.783 0
31 -96.2963 10.4149 -0.0025673 422.455 0
32 -78.7341 9.31401 -0.000919724 277.542 0
33 -67.7918 8.30915 0.00136219 261.642 0
34 -85.4536 9.96741 -0.00202417 306.851 0
35 -86.4882 10.1913 -0.00272759 292.675 0
36 -81.6956 9.73511 -0.00251755 289.922 0
37 -90.5492 10.5409 -0.00413462 325.358 0
38 -71.3554 8.52063 0.000345294 261.716 0
39 -76.4509 9.26852 -0.00112836 272.29 0
40 -47.2144 6.0642 0.00589751 208.576 0
41 -82.7394 9.86873 -0.00250933 303.618 0
42 -76.816 9.19633 -0.00117541 299.826 0
43 -62.09 7.7564 0.00212428 255.364 0
44 -79.118 9.18886 -0.000637359 304.061 0
45 -69.9566 8.51747 0.000654356 268.102 0
46 -72.7059 8.71628 -0.000478977 262.341 0
47 -65.493 8.05618 0.000897714 255.811 0
48 -32.7241 5.02684 0.00658088 164.464 0
49 -52.459 6.83375 0.00318716 215.382 0
50 -41.9608 5.75275 0.00535834 186.719 0
51 -37.7543 5.26052 0.00683731 195.071 0
52 -67.3466 8.266 7.59024e-05 265.139 0
53 -71.0863 8.58451 -0.000302977 262.342 0
54 -61.2239 7.69149 0.00161792 235.197 0
55 -63.8202 7.83815 0.0013435 253.244 0
56 -63.4528 7.74858 0.00139924 255.181 0
57 -41.8928 5.86631 0.00545246 196.436 0
58 -49.9515 6.51785 0.00448321 227.412 0
59 -66.9892 8.17579 0.000672153 280.406 0
60 -51.5582 6.83281 0.00350193 237.938 0
61 -38.4759 5.33787 0.00703819 183.717 0
62 -56.1176 7.05135 0.00336538 226.898 0
63 -65.2616 7.97395 0.00174345 240.474 0
64 -87.8436 10.039 -0.00284498 375.202 0
65 -70.4911 8.33381 0.0005886 336.071 0
66 -90.0749 10.5437 -0.00371899 375.415 0
67 -87.0753 10.0888 -0.00276095 349.89 0
68 -79.9907 9.49792 -0.0012531 354.079 0
69 66.8599 -5.73457 0.0336646 -12.3902 0
70 -77.6934 9.11101 -0.000822145 354.21 0
71 -82.256 9.74151 -0.00214351 342.195 0
72 -69.5328 8.33665 0.000660012 325.588 0
73 -77.5483 9.15538 -0.000833492 356.601 0
74 113.531 -10.2438 0.042508 -129.637 0
75 -58.9435 7.60959 0.00184927 314.635 0
76 -69.4163 8.51394 7.95359e-05 301.719 0
77 -75.1569 8.92615 -0.000978099 318.176 0
78 -3.58987 2.07972 0.014011 139.176 0
79 -67.0814 8.15229 0.00127592 319.333 0
80 -73.8386 8.84689 -0.00054535 330.2 0
81 -84.6653 10.4949 0.00251294 328.347 0
82 -54.576 7.19809 0.00221132 288.815 0
83 -80.1072 9.24583 -0.000769267 348.788 0
84 -64.6519 8.17027 0.000819936 298.971 0
85 -71.9368 8.8299 -0.000623458 321.328 0
86 -46.6188 6.41955 0.00495255 268.626 0
87 -57.7947 7.57671 0.00186438 302.213 0
88 -58.045 7.4111 0.00260745 266.294 0
89 -55.6553 7.14923 0.00276257 275.036 0
90 -77.7406 9.40373 -0.00194982 342.359 0
91 50.04 -3.39671 0.0256853 29.8042 0
92 -68.9953 8.33032 0.00134838 317.904 0
93 -62.2929 7.79563 0.00223679 306.542 0
94 -75.5981 8.99856 -0.000316465 336.993 0
95 20.8368 -3.16391 0.0196739 119.8 0
