0 -43.4933 5.31721 0.00789851 250.438 0
1 -3.15425 1.27294 0.0158711 146.311 0
2 -35.6251 4.20135 0.0104698 213.28 0
3 -45.593 5.8177 0.00566049 226.52 0
4 52.4489 -3.67553 0.0253606 -27.6194 0
5 -79.9616 9.14358 -0.00120396 338.334 0
6 -57.4598 6.96688 0.00329291 280.709 0
7 -65.4681 7.63618 0.00242728 305.921 0
8 -39.9999 5.15826 0.00716559 243.82 0
9 -49.2762 5.9272 0.00520542 278.086 0
10 -69.4786 7.48345 0.00304475 348.505 0
11 -61.9506 6.9838 0.00409614 323.796 0
12 -81.8009 8.56779 0.000259652 361.701 0
13 -46.6022 5.66043 0.0061144 256.72 0
14 -75.5689 8.66948 -9.03234e-05 351.291 0
15 -72.6341 8.3079 -0.00039486 303.131 0
16 -77.1287 8.90259 -0.00137411 354.486 0
17 -74.9644 8.64131 -0.000971284 344.964 0
18 -48.9783 5.86641 0.0048228 265.582 0
19 -40.262 5.11784 0.00691846 249.17 0
20 -48.6156 5.98553 0.00495782 277.015 0
21 7.56223 0.708865 0.0157868 124.922 0
22 -56.9333 6.69486 0.00389296 281.165 0
23 -58.1582 6.68152 0.00396679 284.259 0
24 -59.9407 7.16344 0.0029447 326.093 0
25 46.6095 -3.04836 0.0228894 4.46634 0
26 -59.8488 7.05757 0.00291594 280.73 0
27 -55.9607 6.72121 0.00354748 290.083 0
28 -58.8946 6.94542 0.00209598 278.556 0
29 -58.71 7.06495 0.00277324 298.771 0
30 -64.7539 7.72702 0.00175767 294.013 0
31 -74.2019 8.54109 0.000174266 323.475 0
32 -82.5091 9.53967 -0.0017091 338.33 0
33 -37.2036 4.81708 0.0086043 224.907 0
34 -82.0155 9.54615 -0.00159136 343.177 0
35 -79.855 9.31309 -0.000919501 318.56 0
36 -82.8073 9.46416 -0.00106277 311.021 0
37 -75.1021 8.72585 0.000366015 286.103 0
38 -75.3919 8.89868 -0.00024108 321.16 0
39 -68.4933 8.17556 0.00122412 277.718 0
40 -72.023 8.40439 0.000970908 299.849 0
41 -80.7676 9.39479 -0.000755006 322.459 0
42 58.0296 -4.08472 0.0261295 -44.9905 0
43 -21.839 3.30012 0.0118939 215.585 0
44 -79.1736 9.08776 -0.00168557 317.183 0
45 -65.9141 7.85355 0.0016094 275.735 0
46 -74.4767 8.70074 -0.000495481 310.518 0
47 -78.1762 9.01834 -0.00119574 297.513 0
48 -44.7614 5.90948 0.00529845 211.769 0
49 -77.3597 9.02382 -0.000862511 307.821 0
50 -64.2603 7.91197 0.000822122 304.978 0
51 -67.8882 7.93989 0.000479772 303.57 0
52 54.0991 -4.41945 0.028384 -10.3446 0
53 -57.1101 7.01402 0.00300607 289.298 0
54 -50.47 6.33192 0.00483154 246.968 0
55 -53.4642 6.78858 0.00328087 238.477 0
56 -45.0313 5.73052 0.00523754 223.249 0
57 -50.0641 6.32664 0.00438794 244.919 0
58 23.5214 -1.30677 0.0217937 58.2595 0
59 32.6857 -2.22893 0.0238159 55.7287 0
60 -55.4957 6.62971 0.004872 291.328 0
61 -46.0423 5.94919 0.00513523 253.708 0
62 -36.9934 5.19754 0.00707743 228.408 0
63 -3.03237 1.30325 0.016018 145.739 0
64 -39.001 5.16219 0.00804636 208.911 0
65 -55.8113 6.79381 0.00401732 248.915 0
66 -59.3659 7.35812 0.00357015 243.938 0
67 -57.1838 7.09373 0.00364757 228.113 0
68 -63.6693 7.71943 0.00245875 270.979 0
69 -55.776 6.93021 0.00442068 231.037 0
70 -60.806 7.29708 0.00316844 225.061 0
71 -37.6278 5.04302 0.00745208 200.764 0
72 -80.5497 8.91529 0.000112598 319.901 0
73 -85.8526 9.16998 0.000625526 324.874 0
74 -46.7221 5.81163 0.00694073 213.472 0
75 -53.2648 6.78415 0.00515105 231.339 0
76 -40.83 5.28047 0.00739187 183.602 0
77 -52.8821 6.31498 0.00551533 233.819 0
78 -62.7667 7.51162 0.00225738 246.457 0
79 -49.5636 6.06247 0.00539738 216.784 0
80 11.851 0.23229 0.0176958 53.6939 0
81 -42.979 5.59735 0.00607349 218.49 0
82 -44.7228 5.7807 0.00596382 193.869 0
83 -62.8129 7.29372 0.00322966 298.113 0
84 -60.6368 7.52148 0.00236257 270.606 0
85 -71.8901 8.55355 0.000597283 283.831 0
86 -111.189 12.0908 -0.00660935 381.064 0
87 -52.2298 6.57684 0.00433432 229.162 0
88 -56.4163 6.91646 0.00383803 237.72 0
89 -69.9149 8.05771 0.00221828 329.855 0
90 -34.0398 4.94901 0.00745602 192.463 0
91 -58.6364 7.11879 0.00393483 269.035 0
92 -57.6018 6.82804 0.00502392 242.696 0
93 67.0066 -4.11799 0.0247897 -102.443 0
94 -62.788 7.54524 0.00275148 265.546 0
95 -62.788 7.54524 0.00275148 265.546 0
