0 -108.089 11.3726 -0.0107542 413.033 0
1 -132.048 13.3462 -0.0135294 472.557 0
2 -108.731 11.4354 -0.0101406 400.811 0
3 -72.2049 8.44486 -0.0054238 292.816 0
4 -104.862 10.9459 -0.00894795 393.857 0
5 -89.5503 9.77999 -0.00668003 341.288 0
6 -128.988 12.9542 -0.0129342 473.85 0
7 -113.714 11.9588 -0.0119511 438.028 0
8 -111.691 11.5432 -0.0101908 419.98 0
9 -105.408 11.0451 -0.00901951 396.692 0
10 -49.3419 6.12489 -0.000429812 250.866 0
11 -94.7153 10.1633 -0.00784924 361.757 0
12 -118.377 12.0322 -0.0116157 425.946 0
13 -120.257 12.1905 -0.0112526 441.373 0
14 -110.143 11.402 -0.0102495 417.25 0
15 -120.513 12.2997 -0.0119145 441.978 0
16 -112.271 11.5564 -0.0109127 451.603 0
17 -116.491 11.9749 -0.0119128 439.803 0
18 -119.273 12.207 -0.0118941 440.736 0
19 -123.356 12.4055 -0.0117815 480.08 0
20 -108.709 11.1626 -0.0101813 403.442 0
21 -111.298 11.4631 -0.0104794 437.955 0
22 -95.2299 10.0678 -0.00803698 394.023 0
23 -120.659 12.2077 -0.0118355 446.886 0
24 -109.676 11.2648 -0.010187 426.368 0
25 -123.191 12.453 -0.0129605 446.99 0
26 -112.029 11.4443 -0.00987859 421.276 0
27 -122.151 12.3287 -0.0121731 483.028 0
28 -135.368 13.8379 -0.0170464 503.917 0
29 -101.783 10.6828 -0.00832324 401.272 0
30 -101.478 10.5847 -0.00823801 393.97 0
31 -84.9873 9.19139 -0.00630005 357.089 0
32 -108.306 11.2819 -0.00934914 435.03 0
33 -125.196 12.8484 -0.0129989 477.301 0
34 -80.0999 8.68888 -0.00405032 375.27 0
35 -65.3391 7.59271 -0.00234154 294.962 0
36 -125.891 12.7198 -0.0120009 502.705 0
37 -121.908 12.3995 -0.0120791 499.619 0
38 -106.571 11.144 -0.0102756 438.278 0
39 -87.517 9.53809 -0.00702119 365.052 0
40 -132.611 13.2521 -0.0134714 530.821 0
41 -112.458 11.7179 -0.0106416 459.431 0
42 -108.64 11.2263 -0.0100688 484.243 0
43 -79.0941 8.92599 -0.00596347 358.783 0
44 -53.8567 6.10841 0.000136207 286.816 0
45 -97.692 10.2496 -0.00752039 429.505 0
46 -77.5359 8.48453 -0.00480981 354.688 0
47 -114.135 11.6976 -0.0113596 479.877 0
48 -74.7811 8.48484 -0.00569336 335.946 0
49 -101.169 10.5764 -0.00881689 431.591 0
50 -101.219 10.4927 -0.00796582 415.575 0
51 -87.4323 9.29028 -0.00621113 399.183 0
52 -111.328 11.4268 -0.0101393 470.053 0
53 -93.3491 9.94258 -0.00797294 403.26 0
54 -117.49 11.9814 -0.0113977 472.296 0
55 -77.9219 8.52675 -0.00454899 359.755 0
56 -93.3961 9.80835 -0.00671077 411.948 0
57 -94.3936 10.1294 -0.00849976 393.583 0
58 -95.9259 9.98426 -0.00728356 415.429 0
59 -84.0543 9.01924 -0.00554431 377.761 0
60 -98.9765 10.3589 -0.00772902 414.658 0
61 -94.2917 10.1222 -0.00811923 390.709 0
62 -104.497 10.5108 -0.00755689 446.65 0
63 -83.4071 8.82456 -0.00516771 385.197 0
64 -48.9609 6.03234 -0.000762025 196.386 0
65 -63.8941 7.22266 -0.00307489 185.434 0
66 -73.9906 8.27532 -0.00495699 251.166 0
67 -54.9436 6.42473 -0.00140436 218.878 0
68 -61.2529 7.38862 -0.00417221 242.519 0
69 -78.2599 8.3537 -0.00524401 279.589 0
70 -60.6372 7.1941 -0.0032112 220.209 0
71 -56.1809 6.63361 -0.00204526 216.731 0
72 -39.9588 5.03568 0.000965055 172.13 0
73 -41.8045 5.07919 0.00167916 180.273 0
74 17.8002 -0.578808 0.0137745 24.762 0
75 -59.1093 7.09286 -0.00342724 214.39 0
76 -96.1689 9.92558 -0.0069584 325.644 0
77 -42.5763 5.30305 0.000780295 176.687 0
78 -52.1323 6.17881 -0.00195563 197.632 0
79 -45.75 5.60957 -0.000171539 176.82 0
80 -57.7771 6.69874 -0.00251031 225.227 0
81 -43.362 5.56831 -0.000244497 176.775 0
82 -57.7622 6.97416 -0.00354734 206.691 0
83 -48.6917 6.07829 -0.00106049 216.655 0
84 -55.9355 6.57915 -0.00158743 216.938 0
85 -41.871 5.49929 0.000498095 175.169 0
86 -57.4114 6.94954 -0.00349038 213.063 0
87 -68.6362 8.21996 -0.00604139 254.586 0
88 -49.2387 6.09286 -0.000927551 182.079 0
89 -57.6135 6.75322 -0.0018958 221.566 0
90 -66.9916 7.83764 -0.005405 253.473 0
91 -64.6627 7.75622 -0.00519947 254.176 0
92 -43.0869 5.40946 0.00109374 150.24 0
93 -61.9084 7.35322 -0.00418333 243.444 0
94 -48.891 5.95137 -0.000713923 232.847 0
95 -72.8386 8.36715 -0.0063039 254.924 0
