0 -72.4901 8.67581 -0.0003126 330.927 0
1 -71.8022 8.5791 0.000614992 331.927 0
2 -78.4978 9.11285 -0.00121396 320.314 0
3 -55.9346 7.0546 0.00358771 295.678 0
4 -69.9932 7.96326 0.00210289 329.066 0
5 -68.7587 8.14168 0.0014485 321.823 0
6 -34.6443 4.99515 0.00745782 235.998 0
7 -61.2065 7.52741 0.00264641 290.261 0
8 30.2572 -1.11699 0.0194023 34.733 0
9 59.2419 -4.42625 0.0288696 -12.1727 0
10 -49.5407 6.12463 0.00532345 275.496 0
11 -61.5475 7.34279 0.00235746 304.122 0
12 -45.9817 5.85267 0.00562697 265.747 0
13 34.4167 -1.82321 0.0203949 52.0713 0
14 -77.0615 8.89632 -0.000224052 344.327 0
15 -49.6978 6.24048 0.00528432 261.322 0
16 -53.2062 6.63176 0.00393361 262.475 0
17 -53.6423 6.64437 0.00455849 270.387 0
18 22.7245 -0.436878 0.0180891 88.3627 0
19 -65.1722 7.91647 0.000606986 314.159 0
20 -36.8423 5.10742 0.00620227 231.944 0
21 111.79 -8.90666 0.0349537 -172.829 0
22 -47.7532 6.07757 0.00493691 273.609 0
23 -54.7042 6.59626 0.00360183 312.235 0
24 -85.5195 9.06593 0.000382512 376.231 0
25 -65.2249 7.90032 0.000723776 301.094 0
26 -55.7397 6.75047 0.00409894 273.209 0
27 -59.2369 7.15048 0.0028179 281.292 0
28 -23.7269 3.661 0.0100325 207.63 0
29 53.9121 -3.75587 0.0257777 -13.031 0
30 -74.305 8.73397 -0.000667885 309.552 0
31 -49.1762 6.24352 0.004412 266.717 0
32 -88.7778 10.5073 -0.00430159 354.504 0
33 -74.1923 8.97351 -6.77366e-05 375.348 0
34 17.7505 -0.047692 0.0186823 66.3165 0
35 -88.6177 10.5211 -0.0041896 379.164 0
36 -77.9866 9.37759 -0.00180952 341.493 0
37 -80.9161 9.61986 -0.00164416 355.064 0
38 -93.832 10.7785 -0.00446769 382.777 0
39 -77.5891 9.3985 -0.00150417 362.033 0
40 -75.4487 9.01558 -0.000623532 340.047 0
41 -23.7594 3.98492 0.010789 217.535 0
42 -70.7628 8.48748 -4.06864e-05 333.723 0
43 -86.9065 10.184 -0.00349125 386.029 0
44 -47.1124 5.93815 0.005642 281.941 0
45 -78.3678 9.21288 -0.00129024 359.943 0
46 6.29759 0.525542 0.0176531 153.674 0
47 -68.5174 8.19559 0.000402792 328.856 0
48 -49.4802 6.61602 0.00353157 271.518 0
49 -56.9674 7.09149 0.00348122 301.864 0
50 -77.2279 9.16841 -0.00151946 350.074 0
51 -75.5716 8.86429 -0.000877473 329.867 0
52 -46.0665 6.04855 0.00484798 278.804 0
53 -75.3735 9.02707 -0.000617755 351.952 0
54 -77.7991 9.2535 -0.00142062 361.739 0
55 -76.0679 9.16987 -0.00107357 339.148 0
56 -2.7741 1.83975 0.0139664 148.831 0
57 -63.4894 7.7389 0.00238455 308.753 0
58 -66.5785 8.23345 0.000812799 338.352 0
59 -58.7152 7.2699 0.00200078 301.038 0
60 -73.0576 8.73758 -0.000488508 318.259 0
61 -48.853 6.40173 0.00485116 285.747 0
62 -39.872 5.53192 0.00658385 257.38 0
63 -78.7983 9.32143 -0.00139749 352.592 0
64 -87.9646 10.0408 -0.00286945 361.78 0
65 -76.3037 8.70481 -0.000168265 327.77 0
66 -83.1564 9.77612 -0.00274662 341.172 0
67 21.1609 -0.77943 0.0201377 54.0907 0
68 -62.1715 7.39177 0.00284724 288.779 0
69 21.2913 -0.872454 0.0199652 82.9092 0
70 -57.0898 7.08356 0.00215502 257.623 0
71 -64.4836 7.76035 0.00113989 290.858 0
72 -74.8398 8.67812 -0.000307802 312.619 0
73 -69.2316 8.19908 0.000683687 318.61 0
74 -73.7579 8.56983 -0.000384928 311.717 0
75 -88.3429 10.2247 -0.00376864 351.212 0
76 -71.5131 8.51437 -0.000137854 327.704 0
77 -53.4614 6.68562 0.00331724 280.361 0
78 -46.5938 6.05062 0.00482869 241.4 0
79 -62.1419 7.56502 0.00136921 283.68 0
80 -66.3153 7.86236 0.000834931 271.496 0
81 -57.5722 7.03216 0.002726 274.365 0
82 -70.3861 8.47394 9.9149e-05 287.767 0
83 -63.6442 7.52934 0.00180488 295.819 0
84 -57.6911 7.22787 0.00304851 294.737 0
85 -59.8102 7.63442 0.00154743 280.539 0
86 -57.4769 7.29194 0.00225074 284.773 0
87 -54.3432 6.99341 0.00263585 286.173 0
88 -55.6992 7.0474 0.00271024 274.843 0
89 -56.4559 7.23154 0.00269526 264.894 0
90 40.2829 -2.71926 0.0241166 8.75135 0
91 -58.7505 7.47727 0.00184436 252.925 0
92 -59.1381 7.55916 0.000900439 281.26 0
93 -62.98 7.84761 0.0007968 281.009 0
94 -60.0908 7.49138 0.00153674 260.949 0
95 -69.9619 4.99204 5.12435e-05 407.187 0
