0 -13.3914 2.53685 0.0103841 181.646 0
1 -17.9525 3.00038 0.010392 206.411 0
2 -20.9626 3.33801 0.00886066 184.384 0
3 -8.04863 1.97027 0.0127767 164.601 0
4 -19.4438 3.20603 0.00997265 214.431 0
5 -23.8568 3.52526 0.00895363 221.932 0
6 -27.5682 4.03086 0.00694808 215.237 0
7 -19.4388 3.21077 0.0099826 199.322 0
8 1.18602 1.0253 0.015219 131.688 0
9 -11.9842 2.5102 0.0114252 179.02 0
10 -15.5439 2.85262 0.0104579 207.189 0
11 -20.2958 3.4389 0.00948543 182.538 0
12 -20.8365 3.2065 0.00944272 200.894 0
13 -21.5406 3.43446 0.00917609 235.847 0
14 -25.2408 3.90693 0.00858437 221.914 0
15 -25.2251 3.93824 0.0076335 225.517 0
16 -2.39668 1.29524 0.0141454 151.011 0
17 -22.5865 3.57225 0.00897122 221.713 0
18 -18.8771 3.13832 0.0100128 212.446 0
19 -26.3588 4.05526 0.00803887 229.043 0
20 -19.619 3.24048 0.00921943 196.199 0
21 -25.0378 3.95223 0.0080848 223.776 0
22 -9.79199 2.39524 0.0120624 205.02 0
23 -24.4746 4.02934 0.00845095 225.436 0
24 -23.6833 3.75438 0.00915822 217.504 0
25 -19.9311 3.41477 0.00956823 223.139 0
26 -25.4726 4.04257 0.00820751 213.624 0
27 45.3565 -3.60988 0.0264081 34.9614 0
28 -25.7109 3.97714 0.00839576 210.88 0
29 -28.4353 4.41672 0.00694169 236.05 0
30 -27.4925 4.19655 0.00840297 234.863 0
31 -11.8767 2.57928 0.0116849 165.074 0
32 -12.4062 2.61162 0.0120453 108.352 0
33 -9.91324 2.4563 0.0124104 100.514 0
34 -11.5687 2.58581 0.0118563 113.22 0
35 -31.0367 4.48562 0.00905222 158.651 0
36 -32.6611 4.48167 0.00845321 170.16 0
37 27.9593 -1.50274 0.0217218 25.6695 0
38 -1.2503 1.51803 0.0142972 100.792 0
39 -15.3514 2.95208 0.0116269 138.044 0
40 -21.3225 3.25129 0.0115304 148.096 0
41 -8.78848 2.15158 0.0134295 141.241 0
42 -1.88783 1.5787 0.0141801 110.841 0
43 -65.2997 9.55559 -0.0148662 216.594 0
44 -7.22611 1.8579 0.0131028 119.363 0
45 -9.32475 2.32015 0.0130963 110.034 0
46 -8.37807 2.09187 0.0133375 118.649 0
47 -0.394842 1.31173 0.0147459 103.321 0
48 -10.5383 2.36304 0.0121718 118.164 0
49 -63.3486 9.58525 -0.0124373 210.134 0
50 -7.76576 2.12919 0.014027 112.861 0
51 -6.63171 1.92134 0.0129442 110.648 0
52 -7.15045 2.05832 0.0124678 82.607 0
53 -15.1546 2.85805 0.0122702 127.057 0
54 -3.23261 1.6245 0.0140965 70.0319 0
55 -4.15695 1.63295 0.0143549 96.114 0
56 -9.57864 2.17753 0.0122537 101.122 0
57 -10.4225 2.36514 0.0129387 101.389 0
58 -12.4097 2.74428 0.0110099 114.364 0
59 -10.4653 2.46356 0.0108973 108.92 0
60 -15.8039 3.00414 0.0110757 127.241 0
61 -32.1458 4.58771 0.00844501 171.903 0
62 -18.6362 3.41297 0.0096632 131.317 0
63 1.44233 1.30522 0.0149988 102.972 0
64 -57.9226 6.68702 0.00464223 293.59 0
65 -58.7563 6.67694 0.00504467 325.464 0
66 -40.9843 5.34857 0.00725836 236.29 0
67 -54.1927 6.20831 0.00621992 285.842 0
68 26.4279 -1.27769 0.0204027 57.9485 0
69 -32.7629 4.31988 0.00908717 243.729 0
70 -35.9315 4.72574 0.00896881 226.362 0
71 34.8122 -1.83843 0.021404 36.9784 0
72 -44.1416 5.48997 0.00722131 273.835 0
73 16.1303 -0.108375 0.0174606 99.2325 0
74 -52.295 6.24768 0.00549793 275.118 0
75 -49.7277 6.31487 0.00503949 282.512 0
76 -42.8762 5.53563 0.00657713 252.916 0
77 -31.4314 4.28897 0.00928432 215.562 0
78 -38.4814 4.88101 0.00846987 233.457 0
79 -40.26 5.02569 0.00833501 227.48 0
80 -31.5112 4.39999 0.00833891 244.203 0
81 -44.0894 5.5187 0.0061006 258.401 0
82 -38.9478 5.05565 0.00825763 260.304 0
83 -51.1919 6.14461 0.00541789 311.092 0
84 -28.926 4.19954 0.00935742 201.717 0
85 -15.3919 2.91942 0.0118783 175.336 0
86 -21.4123 3.53587 0.0105387 164.519 0
87 7.97975 0.95387 0.0151466 108.165 0
88 -28.8469 4.13001 0.00966827 247.244 0
89 -52.563 6.6373 0.00445075 285.833 0
90 -29.9964 4.54707 0.0089785 218.523 0
91 -27.6626 4.15967 0.00903484 201.962 0
92 -43.1642 5.47605 0.0068455 260.408 0
93 -28.288 4.2616 0.0100251 220.038 0
94 -18.2857 3.21858 0.0113725 171.053 0
95 76.4525 -3.41031 -0.000615818 -137.74 0
