0 -67.8651 8.1616 -0.00457559 322.275 0
1 -48.3024 6.37264 -0.00131895 254.776 0
2 -83.3759 9.72628 -0.00852983 350.629 0
3 -60.6216 7.5493 -0.0035982 318.605 0
4 -77.9555 8.32588 -0.00530967 426.849 0
5 -44.4264 5.98194 -0.000272647 249.678 0
6 -71.5175 8.55271 -0.0056364 347.367 0
7 -65.6224 8.09359 -0.00502878 348.344 0
8 -59.7003 7.32292 -0.00274104 313.849 0
9 -86.7421 9.39134 -0.00638016 411.481 0
10 -60.1886 7.26461 -0.00323566 285.851 0
11 -73.3889 8.66921 -0.00653413 316.792 0
12 -69.6992 7.88595 -0.00286937 359.013 0
13 -74.417 8.40658 -0.00441694 364.904 0
14 -59.1248 7.03063 -0.0019906 314.128 0
15 -60.8631 7.51416 -0.00398045 327.807 0
16 -67.4269 7.81328 -0.00342718 334.566 0
17 -27.108 3.97035 0.00472515 220.341 0
18 -55.2934 6.90033 -0.00315778 304.746 0
19 -57.1581 7.12165 -0.00364102 322.512 0
20 -75.8483 8.34256 -0.00426941 371.009 0
21 -52.991 6.50082 -0.000682915 295.382 0
22 -56.9683 6.70422 -0.00111403 319.302 0
23 -49.4577 6.31355 -0.00127783 336.252 0
24 -66.3165 7.6651 -0.0034884 350.936 0
25 205.155 -18.3324 0.0553009 -412.43 0
26 -45.646 6.06915 -0.00107051 298.511 0
27 -47.7757 6.02777 -0.000298042 292.665 0
28 -49.8975 6.30642 -0.00125517 296.2 0
29 -41.579 5.63873 0.000763398 295.281 0
30 -33.7275 4.83179 0.00219986 230.093 0
31 -44.4411 5.9239 -0.000453446 299.163 0
32 -108.982 11.5525 -0.0106538 369.301 0
33 -83.197 9.15187 -0.00535123 277.56 0
34 -90.3725 9.82986 -0.00742532 326.132 0
35 -93.3376 9.96437 -0.007554 293.491 0
36 -107.341 11.2181 -0.0109632 361.141 0
37 -106.386 11.0389 -0.00950299 358.415 0
38 -113.485 11.731 -0.0111731 383.831 0
39 -100.431 10.5996 -0.00903745 335.689 0
40 -107.121 10.9639 -0.00890292 343.454 0
41 -112.147 11.5087 -0.00976593 373.195 0
42 -83.6391 9.01793 -0.00570005 261.078 0
43 -86.0937 9.06237 -0.0050415 306.039 0
44 -111.293 11.1814 -0.00920559 365.59 0
45 -84.5673 9.1116 -0.00583846 285.521 0
46 -95.6156 9.96438 -0.0073861 303.37 0
47 -123.45 12.2658 -0.0115252 413.078 0
48 -107.02 11.095 -0.00974442 369.506 0
49 -90.5744 9.61968 -0.00739127 300.77 0
50 -114.098 11.6834 -0.0108779 393.28 0
51 -115.446 11.7137 -0.0109057 416.161 0
52 -132.463 13.2167 -0.0146398 440.014 0
53 -107.684 11.1485 -0.00983003 364.908 0
54 -78.4476 8.52346 -0.00488818 255.571 0
55 -106.046 10.9941 -0.00993124 384.122 0
56 -91.7134 9.51906 -0.00651932 300.922 0
57 -51.2589 6.26759 -0.000836257 181.423 0
58 -89.9306 9.63941 -0.00705979 323.228 0
59 -130.645 12.9473 -0.0130411 460.374 0
60 -67.8521 7.68313 -0.00353644 244.127 0
61 -52.8217 6.55786 -0.00166928 198.83 0
62 -71.4433 7.92718 -0.00318899 229.057 0
63 -66.0073 7.57496 -0.00363155 236.338 0
