0 -15.3352 2.96683 0.00657843 176.576 0
1 -113.936 12.0572 -0.012171 459.741 0
2 -90.7564 9.98333 -0.0085886 399.166 0
3 -88.7753 9.8569 -0.00812187 370.996 0
4 -111.256 11.6012 -0.0111463 435.795 0
5 41.1627 -2.02271 0.016252 -6.44998 0
6 -28.9203 4.6797 0.00142001 197.294 0
7 -40.8018 5.82823 -0.00195704 219.67 0
8 -24.8439 4.25071 0.00242142 219.293 0
9 49.7607 -2.30337 0.0150946 -13.702 0
10 14.0164 0.627172 0.00921127 90.9388 0
11 -33.5919 5.0167 2.3677e-05 196.001 0
12 -12.0711 2.91606 0.00433412 158.081 0
13 -38.5101 5.35587 0.00017772 213.911 0
14 -40.619 5.50702 -0.00045426 232.932 0
15 107.543 -7.37341 0.0243775 -224.614 0
16 -50.1161 6.61838 -0.00299551 275.833 0
17 -39.1446 5.66044 -0.0010876 227.415 0
18 -62.2971 7.30286 -0.00395715 290.392 0
19 55.5387 -3.0466 0.0171954 -35.9713 0
20 35.2667 -1.26113 0.0138583 24.576 0
21 -16.8152 3.68235 0.00251611 161.328 0
22 -60.3391 7.48491 -0.00434294 292.496 0
23 10.4575 0.759711 0.0104831 103.55 0
24 -69.9512 8.1507 -0.0059198 328.618 0
25 -72.0673 8.18433 -0.00500097 331.702 0
26 -29.6294 4.47728 0.00167514 221.323 0
27 -47.7311 6.38028 -0.0027522 250.979 0
28 35.3554 -1.77035 0.0160662 42.0903 0
29 -73.284 8.47842 -0.00574706 338.848 0
30 -75.8183 8.26584 -0.00403898 351.277 0
31 -70.4615 7.95652 -0.00403263 367.575 0
32 -106.035 10.9176 -0.00970321 376.675 0
33 -129.434 13.0253 -0.0137208 427.939 0
34 -117.425 12.1013 -0.0121962 385.601 0
35 -99.383 10.5752 -0.00923212 346.144 0
36 -63.932 7.03158 -0.000831657 248.242 0
37 -90.7262 9.7501 -0.00805818 309.272 0
38 -54.0128 6.42961 -0.00100853 197.193 0
39 -58.9523 7.54946 -0.00526771 202.251 0
40 -68.2069 7.8316 -0.00461909 241.152 0
41 -75.7208 8.56519 -0.00642626 264.517 0
42 -73.8151 8.69865 -0.00729498 253.876 0
43 -61.9175 7.29491 -0.00378218 216.235 0
44 -56.9369 6.73846 -0.00274981 221.692 0
45 -66.8915 7.41827 -0.00311035 243.177 0
46 -58.4906 7.02933 -0.00388671 213.617 0
47 -57.8375 6.84795 -0.00291396 203.784 0
48 -65.232 7.73367 -0.00483552 213.914 0
49 -84.8762 9.32233 -0.00741609 319.097 0
50 -67.113 8.01559 -0.00640403 243.239 0
51 -73.2568 8.01864 -0.0048763 265.425 0
52 -88.5289 9.52239 -0.00775545 300.808 0
53 -87.6267 9.54702 -0.0078581 309.855 0
54 -52.8833 6.45324 -0.00203181 236.469 0
55 -83.0616 9.11457 -0.00686969 314.339 0
56 -95.0514 9.95723 -0.00826446 343.108 0
57 -114.483 11.6583 -0.010951 424.623 0
58 -101.571 10.5393 -0.00899647 368.82 0
59 -106.713 10.5878 -0.00853386 377.853 0
60 -113.286 11.3098 -0.00966137 414.546 0
61 -123.069 12.3637 -0.012589 427.656 0
62 -103.991 10.9323 -0.00993842 328.199 0
63 -84.7018 8.90138 -0.00513548 320.96 0
