0 -110.566 11.2465 -0.0034734 510.639 0
1 -61.4496 7.44271 0.00184849 358.934 0
2 -69.6228 7.81258 0.00224968 363.645 0
3 -74.9181 8.27434 0.00169056 369.88 0
4 -52.3638 6.23479 0.00484179 296.624 0
5 -72.4313 8.56959 -0.000298374 364.541 0
6 -11.6216 2.56487 0.0127166 207.325 0
7 24.8069 -0.796549 0.018503 99.723 0
8 -86.8254 9.32281 -0.000972152 416.648 0
9 -63.8823 7.24248 0.00348956 363.657 0
10 138.267 -11.099 0.0383068 -234.253 0
11 -61.2592 7.0715 0.00332203 363.706 0
12 -71.8991 7.89727 0.00135479 376.633 0
13 79.082 -5.70956 0.0274107 -63.5873 0
14 -79.1491 8.53386 0.000737403 401.692 0
15 -85.015 9.06034 -0.000308657 424.75 0
16 -57.7132 7.95364 -0.0034412 286.195 0
17 -55.5998 6.50054 0.00422699 327.342 0
18 197.526 -16.076 0.0463115 -400.033 0
19 -41.9768 5.3941 0.00644942 268.242 0
20 -93.3646 9.74146 -0.00162173 426.236 0
21 244.921 -21.1944 0.0587933 -538.079 0
22 20.0849 -0.262682 0.0169106 125.225 0
23 -97.8466 10.3937 -0.00377315 461.814 0
24 58.8002 -3.70348 0.0225541 -5.12222 0
25 -40.0727 4.88775 0.00746386 301.743 0
26 -74.7232 8.16305 0.00148004 374.741 0
27 -57.4019 6.63346 0.00422686 308.731 0
28 -86.024 9.01113 -0.000709493 440.132 0
29 -71.5781 7.99595 0.00138698 382.451 0
30 -96.9897 10.354 -0.00275151 489.953 0
31 -102.006 10.5725 -0.00307102 475.978 0
32 -48.6924 6.15783 0.00621336 276.091 0
33 -54.7229 6.44436 0.00553191 301.691 0
34 -91.1369 10.18 -0.00252105 424.436 0
35 -52.6026 6.42154 0.00551702 280.503 0
36 -92.1457 9.95969 -0.00128841 386.559 0
37 -75.5931 8.85058 0.000492187 353.982 0
38 35.8308 -1.49158 0.0204771 54.2005 0
39 -55.2477 7.09592 0.00329137 292.04 0
40 -66.3777 7.68068 0.00290384 335.562 0
41 53.6266 -2.67921 0.0213864 -39.4608 0
42 -57.1233 6.90891 0.00472491 319.739 0
43 -75.4544 8.50485 0.00166881 362.473 0
44 -61.4342 6.92957 0.00413802 308.637 0
45 -66.2777 7.82554 0.00274309 320.508 0
46 -71.8612 8.19383 0.00090884 344.549 0
47 -88.2544 9.81849 -0.00255385 382.548 0
48 23.5659 -0.265961 0.0170925 81.8589 0
49 -60.9178 7.56334 0.00158921 289.05 0
50 -66.9934 7.84099 0.00188798 364.748 0
51 -70.5003 8.37418 -0.00102516 342.565 0
52 -73.0812 8.48434 0.000360507 337.475 0
53 -58.7642 7.36188 0.00228971 317.84 0
54 -65.0012 7.38401 0.00316638 336.983 0
55 -65.5348 7.85568 0.0017989 346.207 0
56 -30.8141 5.01084 0.00688492 233.393 0
57 102.159 -8.36702 0.0361959 -146.751 0
58 78.4024 -5.84461 0.0309021 -73.8977 0
59 94.8651 -6.85534 0.0297435 -147.831 0
60 84.2458 -5.66697 0.0276465 -94.5446 0
61 -55.5358 6.90719 0.0033903 294.326 0
62 28.2311 -1.41195 0.021474 81.9124 0
63 -39.875 5.39907 0.00642179 267.419 0
64 -50.2723 6.07331 0.00570883 283.23 0
65 -115.304 11.4194 -0.00399886 476.086 0
66 -64.7074 7.46173 0.00346454 322.164 0
67 -85.1014 9.08562 0.00059223 406.257 0
68 -67.0457 7.85387 0.00199103 331.376 0
69 -75.1279 8.0917 0.00242782 334.324 0
70 -96.7598 10.1704 -0.00220141 390.27 0
71 -67.7652 7.75807 0.00215544 346.284 0
72 -97.1083 10.0792 -0.00195845 457.016 0
73 -67.1956 7.67744 0.00218637 321.613 0
74 -67.9647 7.61884 0.00180962 294.928 0
75 -58.96 6.97605 0.00358907 283.872 0
76 -69.0223 7.90385 0.00152901 319.729 0
77 -53.8706 6.50423 0.00414406 302.402 0
78 -75.7976 8.38861 0.000440592 383.867 0
79 -89.9648 9.53827 -0.00102713 430.004 0
80 -42.2658 5.71322 0.00441563 245.894 0
81 -30.7822 4.3837 0.00749579 210.841 0
82 -71.5735 8.26605 0.000694872 367.296 0
83 -84.5393 8.99211 -8.47774e-05 395.695 0
84 -72.9229 8.09655 0.00160167 353.056 0
85 -63.596 7.68028 0.000899372 317.615 0
86 20.6297 0.328125 0.0145076 67.5002 0
87 -56.6976 6.82192 0.00366155 297.062 0
88 -0.892522 1.86334 0.0131902 120.209 0
89 -31.3519 4.71554 0.00712511 239.905 0
90 -13.5704 3.08375 0.0104466 168.578 0
91 -14.9069 3.30389 0.0100848 190.216 0
92 -68.6044 7.82453 0.00257201 348.17 0
93 -56.3646 6.86364 0.00395014 274.304 0
94 -73.6842 8.33648 0.000939388 366.217 0
95 -89.5497 4.07713 0.0258452 547.423 0
