0 -88.6253 10.152 -0.00309605 312.329 0
1 -66.4611 7.91046 0.00176424 253.019 0
2 -69.5139 8.30954 0.000767185 259.673 0
3 -93.1869 10.6906 -0.00426056 339.432 0
4 -93.9696 10.7185 -0.00489795 334.426 0
5 -59.5808 7.25784 0.00318269 258.644 0
6 -89.8468 10.2244 -0.00336604 296.953 0
7 -78.3221 9.19764 -0.000695937 304.461 0
8 -88.9729 10.2664 -0.00348717 270.056 0
9 -83.2961 9.67943 -0.00245876 291.473 0
10 -79.7738 9.11446 -0.000921794 296.115 0
11 -78.256 9.21935 -0.00159963 307.901 0
12 -69.7394 8.03365 0.00088524 300.061 0
13 -76.8194 8.92733 -0.000384033 284.13 0
14 -74.9591 8.77835 -0.000359521 283.902 0
15 -75.4853 8.8887 -0.00110426 253.379 0
16 -65.2253 7.95773 0.00087097 250.486 0
17 -77.344 9.00236 -0.00027837 281.333 0
18 -63.8405 7.92957 0.000733881 240.187 0
19 -75.7291 8.89305 -0.00101821 285.255 0
20 -64.6597 7.6805 0.00174969 264.554 0
21 -66.0021 7.89386 0.00144352 267.23 0
22 -71.4002 8.42617 0.00010831 268.621 0
23 -46.0235 6.03435 0.00450882 229.077 0
24 -67.4053 8.15055 0.000125408 266.538 0
25 -34.6952 4.80609 0.00760483 195.141 0
26 -71.8683 8.5321 0.000137214 264.147 0
27 -55.5607 6.88366 0.00360774 238.095 0
28 -63.5902 7.70192 0.00156697 268.689 0
29 -80.6382 9.50205 -0.00179396 295.882 0
30 -78.0957 9.14552 -0.00158478 290.257 0
31 -68.636 8.20529 0.0007551 271.1 0
32 -69.2179 8.01815 0.00107798 297.847 0
33 -83.1961 9.5085 -0.00220688 338.749 0
34 111.14 -10.0731 0.0404037 -162.185 0
35 -77.2513 8.99389 -0.00161968 321.296 0
36 -58.1999 7.01483 0.00262624 282.462 0
37 -68.0391 8.00646 0.00012822 311.774 0
38 -51.5425 6.24527 0.00483577 260.31 0
39 -43.3919 5.59261 0.0058596 236.746 0
40 -51.9711 6.28732 0.00431075 243.49 0
41 -60.0246 7.15715 0.00288533 287.025 0
42 -69.2031 8.08476 0.000644169 317.473 0
43 -57.5282 7.05221 0.00227935 265.57 0
44 -71.1828 7.64607 0.00223711 323.67 0
45 -49.2826 6.04195 0.00422623 275.254 0
46 -60.7379 7.18074 0.00238675 276.622 0
47 49.1016 -3.9865 0.0271744 15.8387 0
48 -67.2608 7.8969 0.00052169 299.589 0
49 -63.8864 7.54343 0.0015906 285.308 0
50 -30.7069 4.39015 0.00748998 218.873 0
51 -54.4663 6.52787 0.00330763 265.709 0
52 -60.3127 7.06798 0.00212478 272.945 0
53 -60.9359 7.41111 0.00181697 292.052 0
54 -40.2418 5.11127 0.00708629 210.837 0
55 143.222 -11.4524 0.0369389 -297.623 0
56 -66.1775 7.41813 0.00188345 332.749 0
57 -104.152 10.6832 -0.00376093 449.423 0
58 -46.3906 5.88134 0.00485105 262.166 0
59 -83.7021 8.67559 7.13376e-05 364.782 0
60 -46.3277 5.72682 0.00529815 242.956 0
61 -40.8594 5.14088 0.00623482 235.896 0
62 -41.9858 5.43063 0.00564063 237.588 0
63 -44.4499 5.57061 0.00557722 247.517 0
64 -60.391 7.09749 0.0033162 302.892 0
65 69.5794 -5.65813 0.0292091 -57.462 0
66 -50.7449 6.15658 0.00468411 288.088 0
67 -64.473 7.38675 0.00202268 315.614 0
68 -71.9354 8.28178 -4.82773e-05 320.789 0
69 -26.1857 3.78602 0.00860066 205.151 0
70 -19.6474 3.27822 0.00957572 194.834 0
71 -68.5545 8.13431 -0.000787252 332.357 0
72 -52.0818 6.21969 0.00369699 277.44 0
73 -67.436 7.35883 0.00265827 364.346 0
74 -47.9241 5.95625 0.00400831 293.911 0
75 -72.9463 8.56999 -0.000954224 353.27 0
76 -24.6062 3.78347 0.00858755 214.87 0
77 -46.6226 5.8221 0.00429587 273.245 0
78 224.041 -20.4998 0.0604966 -463.988 0
79 -43.3424 5.51374 0.00531526 258.877 0
80 112.374 -9.56441 0.0356884 -156.7 0
81 -42.5797 5.32584 0.0060408 259.19 0
82 -50.6324 6.30527 0.00293658 286.675 0
83 -48.0915 5.94632 0.00411715 294.999 0
84 -50.7579 6.18299 0.00446066 302.283 0
85 -53.7546 6.57823 0.00294457 264.835 0
86 -43.3865 5.32265 0.00612888 297.828 0
87 -57.4808 6.77825 0.00317318 336.265 0
88 -45.845 5.76462 0.0051189 278.544 0
89 44.3509 -2.79474 0.0218058 1.0859 0
90 -44.7422 5.704 0.00530795 282.192 0
91 -48.1721 6.07099 0.00454548 282.255 0
92 -55.013 6.69121 0.00279998 303.399 0
93 -48.1324 5.9219 0.00433691 268.6 0
94 -40.7743 5.30503 0.00592864 287.725 0
95 -1101.59 90.9958 -0.170534 3869.63 0
