0 -26.7936 3.45704 0.00623811 145.097 0
1 -75.7882 8.63753 -0.00704871 318.348 0
2 -67.2106 7.50951 -0.00371817 290.769 0
3 -17.2189 2.61445 0.00837237 150.158 0
4 -43.9778 5.0171 0.0021553 239.24 0
5 -36.9895 4.38858 0.00414962 197.178 0
6 -63.8107 7.12447 -0.00293259 286.867 0
7 -67.2017 7.56653 -0.0033986 292.633 0
8 -42.9196 5.21048 0.0013701 181.966 0
9 -80.6218 9.1947 -0.00818368 311.613 0
10 20.6348 -1.14686 0.0154573 37.578 0
11 -76.6349 8.68572 -0.0071413 275.95 0
12 -60.9768 6.91174 -0.0030132 253.821 0
13 -39.4838 4.96727 0.00182628 180.968 0
14 9.12979 0.638266 0.0102295 72.6867 0
15 -64.6622 7.36712 -0.00415321 257.172 0
16 -66.9432 7.95415 -0.00637432 280.785 0
17 -54.0176 6.1128 5.17522e-07 249.378 0
18 -60.0238 6.79786 -0.00192187 254.58 0
19 -61.7401 7.02273 -0.0024473 275.947 0
20 -74.246 8.51557 -0.00746185 302.094 0
21 -68.2483 7.78887 -0.0046415 273.825 0
22 -44.9392 5.1419 0.00217308 221.353 0
23 -73.5503 8.45691 -0.0060565 279.011 0
24 -73.9438 8.26027 -0.00487829 284.334 0
25 -74.3153 8.53116 -0.00650206 302.121 0
26 -51.288 5.93046 -8.77294e-05 238.452 0
27 -60.833 6.81194 -0.00143338 277.399 0
28 -66.0285 7.51688 -0.00411828 286.224 0
29 -79.0634 8.99594 -0.00727179 317.863 0
30 -53.7909 6.07694 0.000597944 254.102 0
31 -60.8397 6.9326 -0.00228175 273.566 0
32 -89.839 10.3808 -0.00915352 319.85 0
33 -79.4967 8.72133 -0.00377457 332.238 0
34 -81.7668 9.01018 -0.00444908 333.735 0
35 -22.6479 3.35909 0.00711183 164.438 0
36 -80.6496 8.8319 -0.00421231 305.917 0
37 -71.7829 8.35187 -0.00413198 296.601 0
38 -85.3401 9.19182 -0.00521717 311.004 0
39 -76.9947 8.89135 -0.00499053 287.403 0
40 -78.9486 8.86487 -0.00573994 311.797 0
41 -70.6266 8.20759 -0.00433178 311.094 0
42 -69.5245 8.21573 -0.00474966 298.353 0
43 -77.0036 9.00478 -0.00590819 309.931 0
44 -69.8521 7.77718 -0.00295833 320.295 0
45 -67.3895 7.99257 -0.00438232 313.856 0
46 -72.3098 8.48103 -0.00525185 270.369 0
47 -70.6021 8.02047 -0.00336125 292.746 0
48 -82.7192 9.6346 -0.00792915 332.775 0
49 -69.3026 7.77206 -0.00245326 296.097 0
50 -67.4063 7.88019 -0.00310819 289.244 0
51 -66.6223 7.33344 -0.000872468 303.815 0
52 -66.9665 7.87508 -0.00414681 286.935 0
53 -69.211 8.08647 -0.00334277 297.042 0
54 -74.0943 8.61903 -0.00465628 291.01 0
55 -68.2534 7.94212 -0.00348552 322.749 0
56 -80.2345 9.45435 -0.00795915 357.611 0
57 -73.8988 8.61356 -0.00538354 302.813 0
58 -72.3283 8.45844 -0.00521423 280.06 0
59 -84.4833 9.92647 -0.00905999 327.248 0
60 -78.0259 9.03472 -0.00666636 294.683 0
61 -80.6556 9.27709 -0.00593833 322.242 0
62 -85.2154 9.91908 -0.00791096 322.6 0
63 -73.122 8.32772 -0.00375378 297.061 0
