0 -41.0549 4.77269 0.00890494 265.812 0
1 -32.1725 3.96041 0.0101247 249.194 0
2 -60.8971 6.54625 0.00541527 297.646 0
3 -45.5419 5.34245 0.00727453 251.13 0
4 -29.6252 3.77805 0.0105613 243.122 0
5 -33.8833 4.34061 0.00914684 246.48 0
6 -45.2177 5.19858 0.00803989 275.65 0
7 -19.2465 2.84252 0.0121696 192.148 0
8 -36.4591 4.44462 0.00902272 271.561 0
9 -28.4465 3.90556 0.00994004 247.833 0
10 -76.5646 7.97987 0.00178215 392.793 0
11 -40.0556 4.8452 0.007985 242.774 0
12 -55.6544 6.11026 0.00537173 287.514 0
13 -46.6276 5.42539 0.00686574 265.305 0
14 -47.0795 5.48886 0.00712873 289.718 0
15 -34.8689 4.38667 0.0089138 240.775 0
16 30.957 -1.59183 0.0207623 69.1153 0
17 -33.6629 4.37739 0.00871907 241.197 0
18 53.225 -3.62217 0.0239543 -20.2398 0
19 -29.8856 4.08624 0.00924039 251.054 0
20 2.74393 0.670582 0.0164641 144.394 0
21 -24.737 3.50516 0.0104555 218.317 0
22 -39.5302 4.88735 0.0075258 258.231 0
23 -40.6645 4.93972 0.00730226 224.024 0
24 -49.2951 5.921 0.00560851 275.556 0
25 28.0124 -1.49572 0.0203795 66.2341 0
26 -34.489 4.60963 0.00829078 246.49 0
27 -33.6359 4.29151 0.00897356 238.251 0
28 -15.5637 2.49578 0.0116824 187.873 0
29 -38.627 4.70847 0.00750646 264.835 0
30 -35.8409 4.4199 0.00878147 237.411 0
31 -47.467 5.43558 0.00719412 277.884 0
32 -18.1356 3.16442 0.0112568 88.171 0
33 -14.911 2.6924 0.0121445 133.51 0
34 -40.3824 5.3456 0.00722146 137.037 0
35 -16.2762 3.06863 0.0112919 87.4537 0
36 -26.3931 3.98563 0.00947884 108.058 0
37 -25.7589 3.70333 0.010551 122.578 0
38 -10.3293 2.318 0.0131135 67.1876 0
39 -32.0197 4.60005 0.00801886 148.47 0
40 -12.762 2.38477 0.0135497 63.1428 0
41 -18.8711 3.30163 0.0102518 82.718 0
42 -22.2972 3.50661 0.0108938 117.45 0
43 -12.4456 2.61336 0.0121188 69.1437 0
44 -13.7683 2.44461 0.0126894 113.015 0
45 -35.1031 4.90264 0.00777025 139.819 0
46 -21.8371 3.15883 0.011327 120.239 0
47 -7.71164 2.11019 0.0124897 76.2584 0
48 -34.4825 4.88079 0.00796211 116.752 0
49 -5.58033 1.80493 0.0135021 71.5149 0
50 -16.9158 2.96802 0.0109365 76.3197 0
51 -25.2182 3.58885 0.00999181 109.575 0
52 -36.1415 4.84972 0.00776729 174.435 0
53 -30.9251 4.52691 0.00820453 162.044 0
54 -31.4797 4.49998 0.0089856 131.988 0
55 -3.7282 1.67819 0.0138943 97.929 0
56 -9.80821 2.0811 0.013463 99.8437 0
57 -0.227947 1.36821 0.0140966 51.4702 0
58 -25.892 3.86813 0.00958627 121.734 0
59 -31.1322 4.29847 0.00917936 141.169 0
60 -21.5449 3.45311 0.0106558 94.5787 0
61 -15.7802 2.93512 0.0114631 92.2629 0
62 -10.0046 2.3943 0.012452 64.395 0
63 -17.8467 3.24772 0.010436 113.944 0
64 76.1438 -6.02371 0.0305427 -75.8806 0
65 -26.8573 3.86678 0.0101179 204.497 0
66 -30.1746 4.4142 0.00958482 181.837 0
67 -23.2052 3.549 0.0108347 184.567 0
68 -59.0952 7.43617 0.0011097 277.709 0
69 -41.5717 5.39797 0.00687176 195.684 0
70 -37.393 5.17084 0.00709413 231.257 0
71 -68.6111 8.22294 0.00122892 277.247 0
72 -39.2366 5.27707 0.00660692 228.397 0
73 58.722 -4.53451 0.02869 -20.7496 0
74 -29.2587 4.22832 0.00910695 175.449 0
75 -56.1457 7.0024 0.00316099 285.728 0
76 -49.0286 6.29909 0.00495009 241.36 0
77 -13.9419 2.55597 0.0130063 158.775 0
78 -21.1321 3.51248 0.0107052 192.525 0
79 -67.1456 7.92947 0.00127422 278.031 0
80 -34.3467 4.7378 0.00706493 196.374 0
81 -36.8884 4.99147 0.00721706 219.723 0
82 112.779 -9.86085 0.0386425 -197.645 0
83 -9.93268 2.37822 0.0129877 148.38 0
84 -60.252 7.40618 0.00290328 264.564 0
85 11.5627 0.218074 0.0181464 91.1 0
86 -51.1551 6.57383 0.00442315 255.993 0
87 -54.8509 7.00091 0.00348242 249.719 0
88 -63.5176 7.76239 0.00127886 274.417 0
89 -64.4799 8.02121 0.00147176 278.857 0
90 -70.0105 8.41978 0.000279758 288 0
91 -67.9839 8.38239 0.00120714 299.965 0
92 -69.3001 8.3811 0.000320064 293.504 0
93 -64.2969 7.74699 0.0027097 290.211 0
94 -63.5566 7.64134 0.00230873 281.883 0
95 -65.8705 6.97717 -0.00974307 321.518 0
