0 -61.0997 7.31981 0.00313789 248.041 0
1 -88.7776 10.187 -0.00418486 351.916 0
2 -81.5947 9.31072 -0.00191122 311.613 0
3 -38.3978 4.94848 0.00787187 185.656 0
4 -73.9637 8.64817 -0.000854572 289.459 0
5 -79.319 9.09639 -0.000943907 314.182 0
6 -52.5209 6.38071 0.00466009 229.141 0
7 -79.5473 9.2353 -0.00196653 340.947 0
8 -95.6458 10.2277 -0.00220784 378.086 0
9 -77.8775 9.04521 -0.000436821 303.628 0
10 -80.1079 9.10125 -0.00170495 292.217 0
11 -56.803 6.74821 0.00359487 246.609 0
12 -61.4964 7.20469 0.00235798 261.129 0
13 -69.1457 8.08029 0.000987899 331.03 0
14 -64.3257 7.68452 0.000751705 280.649 0
15 -53.8669 6.48424 0.00366015 265.738 0
16 -46.8035 5.90723 0.0048702 241.874 0
17 -73.7001 8.52603 2.48965e-05 325.605 0
18 -61.4408 6.89672 0.00400722 289.131 0
19 -58.8976 7.16306 0.00242785 284.296 0
20 -54.8574 6.60252 0.00329299 242.683 0
21 -57.609 6.94549 0.00304963 273.549 0
22 -77.5288 8.45207 0.00125245 346.602 0
23 -56.1212 6.87732 0.00302343 250.883 0
24 -53.9256 6.5562 0.00393143 240.826 0
25 -59.0149 7.19651 0.00228629 271.624 0
26 -62.6126 7.48216 0.00172798 285.055 0
27 -51.3629 6.33188 0.00419551 255.895 0
28 -51.6482 6.32593 0.00409202 265.624 0
29 -63.376 7.50724 0.00183194 253.694 0
30 -71.2471 8.29775 0.000111735 301.524 0
31 -55.9978 6.84966 0.00341562 275.872 0
32 -70.2792 7.98517 0.00214833 298.696 0
33 -51.5411 6.47623 0.00490996 236.545 0
34 -47.1474 6.10995 0.00586707 210.205 0
35 -58.4786 7.34068 0.00233865 244.191 0
36 91.5421 -6.62666 0.0286614 -174.157 0
37 -48.3116 6.39094 0.0043821 191.934 0
38 -64.9934 7.8467 0.00168421 269.141 0
39 -52.3107 6.56322 0.00472236 226.991 0
40 -104.248 10.6944 -0.00286473 379.228 0
41 -72.2263 8.02945 0.00219153 308.174 0
42 -63.413 7.51529 0.00281036 275.371 0
43 -49.5489 6.16956 0.00550841 222.996 0
44 -58.1641 6.62785 0.00414862 286.172 0
45 -56.8668 6.76698 0.00389369 256.853 0
46 -63.1965 6.95232 0.00455643 291.49 0
47 -66.1316 7.53928 0.00288246 289.693 0
48 -65.9794 7.86917 0.000908166 297.368 0
49 -51.9501 6.57964 0.00347421 245.419 0
50 -66.1439 7.60594 0.00221818 284.135 0
51 -60.718 6.93182 0.00329466 265.114 0
52 -67.0123 7.5545 0.00234221 304.222 0
53 -115.439 12.2185 -0.00748446 399.133 0
54 134.688 -10.6063 0.0366322 -287.662 0
55 -69.3289 7.97165 0.00135552 324.889 0
56 -45.1899 5.7366 0.00527041 231.933 0
57 -49.6838 6.05184 0.0055379 238.055 0
58 -66.8041 7.79826 0.0018353 290.959 0
59 57.7925 -3.85352 0.0245324 -45.004 0
60 -72.0904 8.42363 0.000443123 305.404 0
61 -60.8744 7.08944 0.0033814 271.017 0
62 -50.8209 6.31491 0.00509658 269.376 0
63 87.5938 -6.48854 0.0291325 -132.044 0
64 -35.813 5.10475 0.00987525 182.913 0
65 0.788076 1.13773 0.0155777 98.6309 0
66 -83.4085 9.35494 -0.00073546 320.705 0
67 -69.7338 8.19242 0.000556622 278.507 0
68 -72.0247 8.50882 6.56311e-05 305.665 0
69 -44.5764 6.07982 0.00286401 187.914 0
70 -62.9702 7.08163 0.00387005 270.783 0
71 -39.1404 5.24752 0.0065871 240.81 0
72 -75.1677 8.58398 0.000221604 307.438 0
73 -69.2387 7.99855 0.00184239 280.362 0
74 -32.431 4.39695 0.00902786 193.269 0
75 -65.4895 7.88924 0.00131309 272.513 0
76 -63.8106 7.66231 0.00241068 272.096 0
77 -53.3847 6.46739 0.00448682 244.419 0
78 59.0491 -4.0377 0.0251898 -46.7847 0
79 -76.3379 8.78243 -0.000315913 311.539 0
80 -57.4452 7.00646 0.00274668 262.566 0
81 -64.332 7.48302 0.00218543 286.004 0
82 -62.9035 7.16938 0.00405798 283.256 0
83 -74.6399 8.63712 -0.000382559 309.888 0
84 -54.5273 6.6253 0.00436678 251.475 0
85 -47.9613 5.93589 0.005958 208.215 0
86 -67.3201 7.56839 0.0023996 305.654 0
87 -69.808 8.30632 0.000330545 280.655 0
88 -55.0121 6.70928 0.00367172 243.434 0
89 -60.1317 7.25924 0.0028787 265.305 0
90 -57.6278 7.10756 0.00367256 255.446 0
91 -48.8544 6.10507 0.00526062 205.668 0
92 -45.3379 5.80286 0.0053098 242.702 0
93 -60.9281 7.30474 0.00319664 281.328 0
94 -59.1987 7.19716 0.00292457 281.658 0
95 -61.8237 6.74053 -0.00724234 270.285 0
