0 -50.2226 6.37066 0.00530492 241.619 0
1 -66.3835 8.00321 0.00169613 304.805 0
2 -8.08365 2.07785 0.0140372 146.26 0
3 -52.4105 6.61224 0.00396076 239.268 0
4 -49.8436 6.18358 0.00496263 249.92 0
5 -73.0662 8.73944 -0.000524908 311.596 0
6 -72.604 8.59387 -0.000308981 288.013 0
7 -53.3755 6.69601 0.00383723 248.86 0
8 -41.1808 5.2725 0.00782347 206.253 0
9 -52.7909 6.27038 0.00553224 279.392 0
10 -49.8743 6.09769 0.00497613 234.471 0
11 -71.953 8.39755 0.000673131 285.567 0
12 -58.3814 7.0206 0.00256458 247.121 0
13 -49.5363 6.23744 0.00494049 229.7 0
14 -54.5448 6.64288 0.00438071 257.073 0
15 -80.6014 8.95781 -0.000250735 362.331 0
16 -71.1921 8.44635 -0.000590511 267.132 0
17 103.513 -9.46803 0.0398978 -147.903 0
18 -51.4577 6.56384 0.0039279 247.576 0
19 -51.4965 6.60414 0.00307436 219.73 0
20 -58.1235 7.19085 0.00234618 244.961 0
21 -50.7529 6.48889 0.00413963 241.335 0
22 -52.034 6.64974 0.00398672 212.245 0
23 -50.3569 6.36576 0.00433685 237.129 0
24 -53.2692 6.50581 0.00436765 242.96 0
25 -74.7129 8.3372 0.000697778 323.996 0
26 -55.1765 6.57111 0.00451521 288.148 0
27 161.235 -12.8713 0.0398127 -371.998 0
28 41.7389 -2.47967 0.0222746 9.32352 0
29 -46.5286 6.02958 0.00499891 225.715 0
30 -41.5353 5.334 0.00664699 214.722 0
31 -54.6961 6.53938 0.0047381 267.259 0
32 -33.2388 5.04343 0.0070196 211.876 0
33 -54.691 7.01078 0.00320155 268.609 0
34 -38.6983 5.38748 0.00698369 244.919 0
35 -34.4821 5.06967 0.00715426 226.709 0
36 -34.8456 4.78707 0.00823712 248.221 0
37 -30.4593 4.55043 0.00834328 255.751 0
38 -32.3356 4.84139 0.0075017 231.405 0
39 -31.6829 4.76709 0.00806075 228.712 0
40 -34.5019 4.85689 0.00771949 262.671 0
41 -37.5792 5.59004 0.00590178 243.255 0
42 -13.638 2.90887 0.0115689 169.792 0
43 -36.5311 5.1313 0.00676158 229.314 0
44 -53.8753 6.72824 0.00326269 275.815 0
45 -36.6079 5.2094 0.00698335 234.752 0
46 -58.1972 7.21951 0.00186381 304.042 0
47 -37.3335 5.26664 0.00624077 260.299 0
48 -36.3837 5.22707 0.00667762 243.882 0
49 -36.1187 5.09061 0.00683149 228.101 0
50 -57.9293 7.02079 0.00311038 301.672 0
51 -59.513 6.89903 0.00381531 353.173 0
52 -28.9878 4.22841 0.00894004 242.727 0
53 -42.8037 5.92093 0.00485695 267.677 0
54 -58.0734 7.07946 0.00321311 308.939 0
55 -66.0869 7.84395 0.00124866 339.416 0
56 41.992 -1.74848 0.0188701 14.5914 0
57 -47.6456 6.28126 0.00439871 293.151 0
58 -45.3094 6.08744 0.00495445 283.263 0
59 -56.4879 6.94454 0.00304731 288.178 0
60 -47.4325 6.31048 0.00469233 313.587 0
61 119.659 -8.64143 0.0319389 -233.263 0
62 -36.19 5.23223 0.00661107 247.803 0
63 -52.2291 6.47559 0.0044279 306.027 0
64 -65.2538 7.47163 0.00265788 279.345 0
65 -77.6274 8.36425 0.00119712 315.118 0
66 -42.8816 5.59942 0.00691764 202.265 0
67 -88.6639 9.44593 -0.000593422 348.856 0
68 -95.6847 10.0204 -0.00141545 354.808 0
69 -62.8973 7.01197 0.00387738 264.999 0
70 -81.7104 8.66671 0.000926361 310.542 0
71 -75.5485 8.27983 0.00120695 303.021 0
72 159.293 -13.4112 0.0443038 -378.495 0
73 -64.5393 7.21088 0.00333731 260.992 0
74 -63.7941 7.09175 0.00384095 267.352 0
75 -55.1613 6.50921 0.00486697 228.948 0
76 -64.9087 7.29287 0.00405531 277.437 0
77 -99.7518 10.4351 -0.00328828 393.177 0
78 -82.3307 8.63218 0.000862303 333.011 0
79 -68.8905 7.62502 0.00198119 285.904 0
80 -70.6363 7.74602 0.00212005 276.786 0
81 -62.983 7.11067 0.00337225 266.88 0
82 53.2657 -3.74232 0.0258691 -43.4803 0
83 -67.4262 7.63201 0.00248253 293.013 0
84 -70.8403 8.27037 0.000451722 286 0
85 -58.0338 6.91965 0.00365044 261.567 0
86 -70.9077 8.17486 0.00114561 303.787 0
87 -63.5907 7.74404 0.000952616 273.084 0
88 -61.845 7.14387 0.00327442 241.04 0
89 -75.9661 8.63729 0.000646121 297.961 0
90 -48.369 6.00685 0.00522472 212.933 0
91 -65.7589 7.76024 0.00185849 272.38 0
92 122.432 -9.09833 0.0336361 -272.967 0
93 -64.4529 7.36996 0.00367853 300.628 0
94 -57.7043 6.72407 0.0041529 271.541 0
95 -57.7043 6.72407 0.0041529 271.541 0
