0 -32.2654 4.5941 0.00960948 189.74 0
1 -30.1303 4.39165 0.00880534 176.536 0
2 -70.9112 8.42708 0.000294048 290.462 0
3 -31.6643 4.6326 0.00828055 209.888 0
4 -47.6442 5.965 0.00522182 228.745 0
5 -62.8069 7.73915 0.00205016 280.205 0
6 -64.904 7.86839 0.000939721 269.288 0
7 12.4131 0.0626614 0.0182957 76.642 0
8 -61.7509 7.63085 0.00215754 283.853 0
9 -24.2338 3.86759 0.00997076 191.426 0
10 -46.8829 6.01653 0.00467133 236.887 0
11 -57.2435 7.02432 0.00384727 267.462 0
12 -60.7458 7.31939 0.00252455 284.343 0
13 -65.1331 7.81067 0.00213082 281.002 0
14 -53.501 6.71323 0.00331757 249.416 0
15 -61.6876 7.42258 0.0027102 291.74 0
16 -65.4122 7.87918 0.00108146 301.544 0
17 -26.3987 4.06958 0.00916329 173.198 0
18 -58.8626 7.35376 0.00132963 277.567 0
19 -33.7944 4.81993 0.0071186 208.204 0
20 -46.5366 5.95346 0.00492359 256.833 0
21 -40.7906 5.54931 0.00587926 210.528 0
22 -38.7447 5.32816 0.00667623 245.093 0
23 -27.1527 4.25113 0.00794644 193.869 0
24 -59.2691 7.32561 0.0022534 300.463 0
25 -30.3162 4.34823 0.00893614 216.584 0
26 -49.9024 6.44588 0.00439742 258.775 0
27 -35.9488 4.9423 0.00701584 201.022 0
28 -55.8378 6.82043 0.00330659 262.37 0
29 -30.7659 4.4774 0.00889183 200.094 0
30 -51.6432 6.54484 0.00379226 252.502 0
31 -63.0705 7.68424 0.00174057 290.923 0
32 -64.2802 7.99937 0.00146842 262.551 0
33 -66.2807 8.01946 0.00171777 269.721 0
34 -87.0296 10.0435 -0.00277861 316.562 0
35 -8.86107 2.2949 0.0137083 124.441 0
36 -80.9815 9.43414 -0.00124975 274.92 0
37 -90.5967 10.66 -0.00393993 309.02 0
38 -87.8802 10.2686 -0.0033814 308.957 0
39 -65.1096 8.00776 0.00172937 225.141 0
40 -70.7936 8.42272 0.0010132 301.466 0
41 -75.3362 8.98419 -3.03026e-05 314.706 0
42 -78.6021 9.29134 -0.00171374 268.507 0
43 -70.2418 8.42292 0.00117777 286.306 0
44 -69.4565 8.26619 0.000538142 264.483 0
45 -74.5659 8.77591 0.000132828 309.448 0
46 42.2572 -2.97927 0.0247723 -19.4519 0
47 -30.7484 4.3244 0.00925541 208.565 0
48 -69.9593 8.40868 0.000704436 308.145 0
49 -39.5027 5.41433 0.0069466 216.095 0
50 -74.7604 8.89891 -0.000602521 284.303 0
51 -51.2289 6.54692 0.00400359 215.733 0
52 -67.8551 8.20197 0.00137568 270.388 0
53 -57.1982 7.24555 0.00345637 234.442 0
54 -28.2454 4.21623 0.00983914 157.779 0
55 -55.5304 7.1226 0.00324268 245.733 0
56 -19.4522 3.37185 0.011865 154.65 0
57 -69.6613 8.46622 0.000551323 271.676 0
58 -29.1359 4.26591 0.00975663 199.599 0
59 -76.3061 9.04108 -0.000486978 275.89 0
60 -70.9466 8.53744 -0.000330567 283.913 0
61 -70.9694 8.52266 -0.000197913 291.581 0
62 -72.7401 8.74672 0.000180671 275.649 0
63 -82.2386 9.672 -0.00146321 294.094 0
64 -85.6776 10.0331 -0.00251361 366.071 0
65 -81.913 8.79689 0.000729258 316.159 0
66 -90.397 10.5006 -0.00350817 333.108 0
67 89.2473 -6.86874 0.0306647 -143.366 0
68 -64.1825 7.98497 0.00200394 252.108 0
69 -88.1067 10.102 -0.00342136 326.679 0
70 -68.8908 8.19817 0.00159886 307.523 0
71 -80.4304 9.54742 -0.00134978 322.806 0
72 -82.3687 9.5857 -0.00197525 352.027 0
73 -71.2654 8.52355 0.000733034 287.747 0
74 -81.3293 9.5159 -0.00183894 299.688 0
75 75.2855 -6.30974 0.0331162 -71.7055 0
76 -54.3671 6.93465 0.00391017 241.56 0
77 -71.3356 8.50783 0.000616045 305.633 0
78 -48.0646 6.23371 0.00518099 252.288 0
79 96.6565 -8.31976 0.0361556 -117.831 0
80 -65.9377 8.0659 0.000620642 308.791 0
81 -76.5451 8.83064 6.06928e-05 302.226 0
82 -2.08479 1.80176 0.0147956 143.885 0
83 -40.0486 5.36938 0.00658712 245.685 0
84 -42.5026 5.97201 0.00490634 259.869 0
85 -63.2874 7.8326 0.00202083 266.827 0
86 -68.5481 8.28067 0.00158835 286.872 0
87 -70.5489 8.51389 0.000752052 298.83 0
88 -54.9199 6.94459 0.00388085 266.022 0
89 -65.6363 8.16913 0.00139283 261.355 0
90 -67.9045 8.30871 0.00113161 271.932 0
91 -80.36 9.47674 -0.00133097 341.205 0
92 -41.2775 5.68258 0.00639079 226.48 0
93 -67.8641 8.29025 0.00179268 284.631 0
94 -65.9934 8.08367 0.00122664 278.783 0
95 -63.3098 8.50479 0.0115964 295.884 0
