0 -56.0347 6.80583 0.00336277 233.564 0
1 -60.1299 7.38407 0.0023884 294.263 0
2 -81.0659 9.26854 -0.0017509 328.836 0
3 60.4167 -4.77578 0.0284516 -54.0103 0
4 -80.7848 9.34363 -0.00168368 335.282 0
5 -74.3424 8.74676 6.53261e-05 324.643 0
6 34.6172 -2.50657 0.0242923 26.1384 0
7 -35.1318 4.82038 0.00770481 188.82 0
8 -69.264 8.20552 0.00135682 278.977 0
9 -66.3446 8.00364 0.00148447 271.475 0
10 -32.4522 4.55357 0.00831268 174.839 0
11 -71.4555 8.3664 -0.000143825 315.233 0
12 -66.2871 7.75996 0.00076571 295.431 0
13 -65.5335 7.65419 0.00207406 283.726 0
14 -65.3396 7.8668 0.000856916 271.259 0
15 -62.0793 7.31253 0.00271516 269.082 0
16 75.255 -5.93846 0.029409 -90.2128 0
17 -66.0095 7.85652 0.00139059 292.746 0
18 -73.9406 8.59461 -0.000712425 292.319 0
19 -65.7043 7.79749 0.00122696 308.61 0
20 -55.7243 6.74998 0.0032252 247.302 0
21 -68.66 8.21399 0.000443452 268.836 0
22 -63.9255 7.61387 0.00169108 283.038 0
23 -58.6637 7.22001 0.00213445 266.951 0
24 -62.2186 7.50599 0.00157812 268.278 0
25 115.28 -10.0631 0.0377134 -196.715 0
26 -59.8462 6.73503 0.00415696 303.906 0
27 -45.8675 5.62966 0.00552287 251.038 0
28 -38.9984 5.07479 0.00617119 228.746 0
29 -43.9961 5.57434 0.00577511 238.791 0
30 -16.1035 2.83981 0.0110937 169.285 0
31 -61.866 7.46866 0.00177267 282.354 0
32 -81.219 8.7365 0.00140474 368.122 0
33 -87.5244 10.2323 -0.00320841 340.775 0
34 -58.7254 7.32485 0.0032332 277.526 0
35 -68.6452 8.29285 0.00153815 295.088 0
36 -46.1583 6.08507 0.00487245 225.514 0
37 -46.0051 5.87167 0.00566975 277.856 0
38 -45.518 5.99133 0.00563271 256.46 0
39 -49.2114 6.33342 0.00511688 249.095 0
40 -37.8858 5.1008 0.00711701 247.772 0
41 -54.6073 6.78307 0.00375918 250.242 0
42 -56.3641 7.06218 0.00330463 277.077 0
43 -56.0566 7.03476 0.00279748 267.219 0
44 -67.0735 8.00657 0.000597358 298.143 0
45 -27.1104 4.05296 0.0093122 223.257 0
46 -45.7999 5.81863 0.00557306 277.791 0
47 -51.9735 6.53869 0.00430475 251.169 0
48 -38.0935 5.30177 0.00653062 220.031 0
49 -46.2994 6.05014 0.00535366 269.372 0
50 -55.2116 6.87077 0.00303252 269.087 0
51 -62.7222 7.54906 0.00168242 291.001 0
52 17.1447 -0.321375 0.0190526 86.9806 0
53 -60.3419 7.66186 -0.00128021 276.573 0
54 -58.8282 7.26134 0.00349638 263.465 0
55 -59.874 7.36334 0.00231278 290.225 0
56 -50.778 6.1418 0.00514308 262.569 0
57 -51.3245 6.46464 0.00458626 278.63 0
58 -41.4969 5.6143 0.00666794 266.265 0
59 -47.3273 5.97153 0.00567573 255.485 0
60 -23.6767 3.85379 0.0101975 197.225 0
61 -47.6642 6.30744 0.00453778 259.586 0
62 -61.6174 7.30375 0.00342934 314.697 0
63 -39.1786 5.28642 0.00706175 234.084 0
64 -46.8442 5.8135 0.00551419 204.637 0
65 -47.3022 5.80355 0.00533326 197.731 0
66 -88.3856 10.0204 -0.00324114 322.346 0
67 -50.9859 6.18819 0.00478953 190.368 0
68 -32.7741 4.20518 0.00866082 159.709 0
69 -54.8572 6.30915 0.00414249 235.084 0
70 -65.9595 7.36206 0.00321755 287.975 0
71 -77.0568 8.76391 -0.000747023 271.224 0
72 -68.1001 7.85368 0.000969692 269.449 0
73 -54.3641 6.43941 0.0041211 237.892 0
74 -63.9415 7.45319 0.00204149 265.139 0
75 -73.4271 8.4711 0.000258801 278.23 0
76 -7.86359 1.87045 0.0136982 134.295 0
77 -52.8595 6.34058 0.00468851 229.914 0
78 -52.2008 6.25012 0.00434427 243.482 0
79 -57.5321 6.81706 0.00301904 238.523 0
80 -56.7059 6.82039 0.00168769 229.735 0
81 -67.6913 9.15895 -0.0110969 226.377 0
82 -80.5903 8.63189 9.92646e-05 329.143 0
83 -56.2324 6.47648 0.00405366 245.031 0
84 -51.4534 6.17194 0.00468792 223.181 0
85 -65.7188 7.53878 0.00190114 282.04 0
86 -57.8209 6.8524 0.00323759 242.328 0
87 -52.8083 6.56893 0.00361201 236.362 0
88 -64.2454 7.33144 0.00249399 252.749 0
89 -62.8028 7.43898 0.00217796 258.272 0
90 -86.9282 9.10616 3.03823e-05 351.787 0
91 -54.499 6.35754 0.00505141 237.238 0
92 -60.8058 6.78481 0.00372853 263.099 0
93 -105.429 10.6896 -0.00308563 404.356 0
94 -55.7353 6.63885 0.00373561 265.489 0
95 -58.2084 6.09911 -0.00943925 263.836 0
