0 -37.7287 5.12622 0.00776985 246.037 0
1 -87.0847 10.0778 -0.00267413 376.743 0
2 -79.0262 9.18813 -0.000204301 341.153 0
3 -52.1041 6.83192 0.0039448 261.507 0
4 -87.9297 10.1433 -0.00309727 387.582 0
5 -81.0632 9.36881 -0.00123269 387.172 0
6 -70.9551 8.43775 0.00114247 323.623 0
7 -85.3491 9.96243 -0.00227701 344.776 0
8 -55.2131 6.78698 0.00441972 312.565 0
9 -72.3517 8.66921 0.000708766 324.691 0
10 -84.6331 9.7264 -0.00201802 373.751 0
11 -63.3283 7.74761 0.00245019 301.223 0
12 -56.3224 6.85895 0.00326949 309.765 0
13 -62.5138 7.57901 0.0021491 322.045 0
14 -46.1995 6.00928 0.0051734 269.933 0
15 -70.0777 8.44081 0.00123808 337.852 0
16 -65.1207 7.92493 0.00207256 320.68 0
17 -57.2559 7.2234 0.00294584 296.213 0
18 -76.279 8.9487 -0.000279868 360.337 0
19 -71.361 8.46886 0.000732003 345.106 0
20 -72.3227 8.51759 -0.000292946 341.751 0
21 28.0626 -1.4084 0.0210394 103.415 0
22 -72.419 8.58657 0.000205165 360.92 0
23 -66.901 8.0893 0.00135809 328.553 0
24 -66.0315 7.89336 0.00221805 339.032 0
25 -70.8635 8.46889 0.000894216 316.659 0
26 -52.1582 6.75512 0.00409206 308.639 0
27 -42.0414 5.59503 0.00674005 246.883 0
28 -66.8008 7.90889 0.00158194 328.56 0
29 -34.2678 5.01527 0.00764212 217.332 0
30 -72.2844 8.61952 0.000388909 328.504 0
31 -49.4123 6.32846 0.00490777 291.067 0
32 -88.416 10.3115 -0.0033264 336.031 0
33 -56.6997 7.0236 0.00346768 255.25 0
34 -44.9071 6.08219 0.00494377 220.046 0
35 -53.6955 6.67749 0.00373914 258.783 0
36 3.52945 1.39686 0.0143282 112.029 0
37 -77.4074 9.21725 -0.00197595 324.154 0
38 -66.8576 8.04341 0.0009739 276.036 0
39 -84.5978 9.87445 -0.00268647 349.909 0
40 116.948 -10.574 0.0414032 -206.785 0
41 -83.0787 9.64754 -0.00242265 322.503 0
42 -76.4547 9.0408 -0.0012084 312.219 0
43 -79.6586 9.40158 -0.00206556 349.212 0
44 61.6478 -4.38754 0.0254843 -50.6931 0
45 26.4065 -1.00781 0.0186989 39.7662 0
46 121.082 -10.0244 0.0370673 -233.894 0
47 67.9159 -5.44615 0.0290485 -56.1952 0
48 -45.1852 5.98464 0.00466626 229.943 0
49 -67.737 8.1582 8.58936e-05 298.33 0
50 -63.3665 7.7699 0.00112854 280.086 0
51 -78.5743 9.1272 -0.00257896 342.304 0
52 55.062 -4.05553 0.0258157 -34.2736 0
53 -23.5568 3.81129 0.00956088 182.83 0
54 -13.9682 2.88959 0.0116734 175.031 0
55 -74.8957 8.8584 -0.00115722 306.579 0
56 76.2407 -6.54961 0.0326396 -44.6204 0
57 -60.7581 7.48916 0.00144964 274.444 0
58 -67.621 8.06193 0.000632034 298.222 0
59 -64.7044 7.70017 0.000781178 297.272 0
60 -17.7846 2.99111 0.0116447 176.707 0
61 42.4541 -3.19378 0.0253893 0.791089 0
62 -55.3154 6.96308 0.00262958 264.799 0
63 -72.4002 8.64374 -0.00142136 303.422 0
64 -52.1868 6.54732 0.00473417 226.562 0
65 -50.0337 6.17146 0.00538096 233.991 0
66 -54.1754 6.8035 0.00397444 250.067 0
67 -69.1519 8.09247 0.000838601 290.688 0
68 -41.8548 5.52127 0.0074961 214.714 0
69 -63.5704 7.43891 0.00275934 261.153 0
70 -48.5623 6.1594 0.00563166 225.35 0
71 104.819 -8.75364 0.0363396 -171.931 0
72 -48.9907 6.38878 0.00407586 229.117 0
73 -39.432 5.26134 0.00714981 228.094 0
74 64.7477 -4.48942 0.0263052 -86.7131 0
75 -32.6988 4.72771 0.00809878 204.103 0
76 -51.356 6.5027 0.00466782 228.852 0
77 -17.1988 3.0975 0.0114246 149.565 0
78 48.8271 -2.35925 0.0204798 -43.1851 0
79 -53.9323 6.61557 0.00375072 278.83 0
80 -54.134 6.53331 0.00420005 274.675 0
81 -73.2029 8.21681 0.0012349 319.907 0
82 -49.0921 6.33527 0.00447216 257.501 0
83 -56.8784 6.74666 0.00426447 243.908 0
84 -56.0501 7.0602 0.00283243 267.736 0
85 -63.1545 7.69163 0.00218843 253.47 0
86 -25.8183 4.46554 0.00830854 163.466 0
87 82.2948 -4.96075 0.0247657 -157.382 0
88 -54.6543 6.75077 0.00393194 242.588 0
89 -63.5581 7.58896 0.00131503 273.88 0
90 -56.7595 7.23313 0.00258801 253.768 0
91 -59.5428 7.39631 0.00278341 255.962 0
92 -76.933 8.71433 0.00027872 313.762 0
93 -59.9379 7.43859 0.00208211 274.682 0
94 36.5174 -1.04564 0.0185162 -2.88908 0
95 31.7731 -1.61495 0.0103181 -42.4248 0
