0 -63.8958 7.79545 -0.00454165 271.151 0
1 -70.6211 8.53864 -0.00575353 290.379 0
2 -70.407 8.35674 -0.00462292 270.945 0
3 -64.8291 7.83864 -0.00348376 242.835 0
4 -64.1316 7.73422 -0.00415385 286.573 0
5 -84.4412 9.12483 -0.00591537 350.32 0
6 -49.5049 6.3122 -0.000432191 222.734 0
7 -44.344 5.78384 0.000655723 224.992 0
8 -53.475 6.77551 -0.00185368 258.78 0
9 -63.3818 7.68044 -0.0039374 281.545 0
10 -69.9371 8.13754 -0.00524917 287.574 0
11 -55.5723 7.02736 -0.00273243 247.645 0
12 -55.8519 6.80857 -0.00215369 243.626 0
13 -58.254 7.21208 -0.00298432 266.312 0
14 -51.1332 6.48744 -0.00101625 252.652 0
15 -67.4446 8.13682 -0.00517546 254.691 0
16 -25.5366 4.03813 0.00427116 165.9 0
17 -52.14 6.47743 -0.000922704 217.437 0
18 -49.9146 6.39361 -0.00146514 226.304 0
19 -35.0143 5.04534 0.00160941 184.775 0
20 -48.4869 6.23313 -0.000730861 265.035 0
21 -48.6833 6.18575 -0.000275465 251.792 0
22 -44.5655 6.00399 -0.000613074 233.029 0
23 -15.8228 2.64065 0.00749394 169.966 0
24 -37.677 5.20188 0.000851138 182.459 0
25 -53.8438 6.6776 -0.0014953 224.259 0
26 -69.5575 8.2524 -0.00524685 298.99 0
27 -61.2551 7.54953 -0.00327678 277.292 0
28 -53.4653 6.7148 -0.00178659 283.755 0
29 -36.2697 4.74324 0.00326623 217.287 0
30 -60.4129 7.44416 -0.00327818 271.027 0
31 -35.1208 4.90065 0.00234362 189.206 0
32 -66.219 7.97557 -0.00457604 244.601 0
33 -76.7536 8.88411 -0.00618526 258.265 0
34 -79.284 9.13186 -0.00616093 278.817 0
35 -67.4731 7.84422 -0.00304541 264.649 0
36 -63.4036 7.80028 -0.00424568 232.4 0
37 -79.9222 9.11202 -0.00630715 303.691 0
38 -79.916 9.29178 -0.0072668 309.645 0
39 -73.9742 8.8607 -0.00606952 263.345 0
40 -61.2003 7.40591 -0.00319719 216.075 0
41 -54.1479 6.67416 -0.00092481 234.278 0
42 -61.9423 7.52543 -0.00338035 249.709 0
43 -69.3433 8.26035 -0.00490965 262.089 0
44 -66.421 7.66885 -0.00364092 267.399 0
45 -51.2093 6.46536 -0.00163738 206.72 0
46 -49.8792 6.27895 -0.00141666 186.597 0
47 -52.9412 6.59878 -0.00193776 208.316 0
48 -50.9407 6.42306 -0.00102544 227.118 0
49 -53.676 6.59754 -0.00157006 205.176 0
50 -61.4446 7.30326 -0.00291946 251.27 0
51 -57.6997 6.77957 -0.00170399 208.13 0
52 -67.9199 7.73528 -0.00336282 278.384 0
53 -59.2487 7.20471 -0.00231009 230.019 0
54 -53.9645 6.81546 -0.00206483 221.881 0
55 -52.5893 6.58845 -0.00100916 190.187 0
56 -78.3023 8.64493 -0.00514435 292.467 0
57 -62.7268 7.17755 -0.00197558 278.937 0
58 -65.2078 7.60666 -0.00284607 292.01 0
59 -54.1788 6.75256 -0.00169767 194.38 0
60 -89.4422 9.62479 -0.00649501 335.909 0
61 -77.6304 8.54756 -0.00481539 269.04 0
62 -104.154 10.739 -0.00859502 371.071 0
63 -90.4943 9.61871 -0.00689143 348.155 0
