0 -36.5783 4.74606 0.00965326 194.682 0
1 -81.1179 9.34142 -0.00112778 331.952 0
2 -91.4445 10.2802 -0.00262752 327.034 0
3 -77.7755 9.15368 -0.000455175 289.259 0
4 -81.4363 9.32334 -0.000818369 308.992 0
5 -42.3766 5.39861 0.00810281 216.096 0
6 -52.535 6.48409 0.00558905 266.079 0
7 -36.7992 4.90932 0.00810125 218.249 0
8 -63.792 7.51574 0.00279755 244.282 0
9 -85.5593 9.87788 -0.00196104 327.878 0
10 -59.8061 7.09917 0.00303192 267.881 0
11 -69.0719 8.10331 0.00163746 300.185 0
12 -9.59778 2.19389 0.0138215 136.795 0
13 40.5584 -2.94135 0.0247332 0.732677 0
14 -71.4104 8.32377 0.00107855 291.511 0
15 -26.2571 4.00143 0.00900081 200.667 0
16 -58.9873 7.19725 0.00255518 267.968 0
17 -2.50503 1.64873 0.0153742 126.7 0
18 -46.3313 5.89105 0.00540479 220.116 0
19 -64.9889 7.73145 0.00195877 302.906 0
20 -56.2322 6.85991 0.00333513 270.483 0
21 -73.6772 8.63429 0.000491695 289.598 0
22 -45.1097 5.59199 0.00685331 217.904 0
23 -74.1028 8.75844 -0.000836732 288.548 0
24 -74.102 8.65081 -0.000440982 311.592 0
25 -30.8514 4.2569 0.0102113 204.231 0
26 -70.3803 8.31169 0.00143463 290.579 0
27 -36.6588 4.7666 0.00885078 219.876 0
28 -48.225 6.02233 0.0063279 264.267 0
29 -58.7604 7.11375 0.00375545 273.043 0
30 -71.65 8.5266 0.000316209 285.257 0
31 -74.233 8.72345 -7.99974e-05 319.543 0
32 -45.4632 5.82499 0.00611413 217.723 0
33 -83.4798 9.53727 -0.00246107 308.299 0
34 -79.972 9.16081 -0.00111844 311.119 0
35 -33.8418 4.7853 0.00741228 183.294 0
36 -40.8548 5.35591 0.00657111 184.362 0
37 -39.3585 5.19698 0.00683692 204.285 0
38 -33.534 4.61833 0.00850973 190.847 0
39 -78.0742 9.07679 -0.00119201 294.438 0
40 -65.7294 7.76258 0.000890419 275.039 0
41 -76.5471 8.82669 -0.000158078 295.048 0
42 -59.6751 7.20355 0.00283024 238.539 0
43 -62.0485 7.4887 0.00214707 267.71 0
44 -51.5787 6.20818 0.0045582 237.962 0
45 -54.6499 6.74494 0.00360363 216.369 0
46 -62.3736 7.44082 0.00213458 259.692 0
47 -44.8508 5.74316 0.00504972 219.161 0
48 -71.7886 8.41204 -0.00100666 261.968 0
49 -72.3551 8.51156 -0.000209962 286.393 0
50 -69.2116 8.15284 0.000392292 253.136 0
51 -48.1113 5.83506 0.00526428 226.221 0
52 82.5755 -6.02355 0.0282354 -152.298 0
53 -77.3121 9.11576 -0.00183689 330.627 0
54 -71.3324 8.34637 0.000285923 267.531 0
55 -66.1457 7.99303 0.000677774 266.196 0
56 -66.037 7.87706 0.00122709 279.048 0
57 -58.8471 7.1682 0.00209711 247.955 0
58 53.7369 -4.43075 0.0279218 -13.843 0
59 -56.4533 6.74868 0.00327403 227.679 0
60 -78.8384 9.08522 -0.000983043 315.493 0
61 -75.611 8.72283 -0.000172804 311.142 0
62 -85.2418 9.87809 -0.00343644 323.929 0
63 -43.1381 5.39075 0.00620285 220.785 0
64 -70.0072 8.33359 0.000651778 299.468 0
65 -76.9333 8.9233 -0.000594714 354.43 0
66 61.6826 -5.37549 0.0323007 -12.695 0
67 -31.0622 4.47808 0.00876472 205.763 0
68 -44.2237 5.94946 0.00475382 242.023 0
69 -36.4934 4.81167 0.00779626 233.922 0
70 -59.582 7.37146 0.00247596 279.855 0
71 -65.1377 7.91423 0.00100652 335.256 0
72 -18.3868 3.27427 0.0107587 185.734 0
73 24.8043 -1.09 0.0206558 79.7621 0
74 -50.0437 6.38986 0.00430223 285.777 0
75 -45.9883 6.15531 0.00495309 255.236 0
76 -37.8054 5.2501 0.00675073 222.148 0
77 -21.826 3.4648 0.0100163 198.699 0
78 87.4674 -7.21365 0.0330219 -118.634 0
79 -37.2708 5.24779 0.00589072 216.464 0
80 -51.2146 6.47089 0.00393352 243.911 0
81 -30.2153 4.41238 0.00876583 206.122 0
82 -35.278 5.10822 0.00688303 212.247 0
83 -76.0429 8.98334 -0.00139008 368.404 0
84 -40.3878 5.51456 0.00642718 271.212 0
85 -68.4774 8.40622 0.000264661 296.197 0
86 -23.082 3.81446 0.00951842 193.724 0
87 -35.0598 5.03117 0.00726662 209.253 0
88 -65.1199 7.97923 0.00139034 334.697 0
89 -37.7846 5.38644 0.0062812 232.563 0
90 -39.4833 5.54897 0.00608752 256.463 0
91 -27.8181 4.34856 0.0086725 217.913 0
92 -30.0292 4.44662 0.00810472 201.208 0
93 -58.6877 7.52272 0.00209604 269.121 0
94 -34.8514 4.96221 0.00773143 257.02 0
95 -35.5021 4.75227 -0.00420514 255.177 0
