0 -68.6057 7.72223 0.00189853 347.922 0
1 -12.3767 2.61374 0.0126709 211.069 0
2 126.618 -10.3237 0.0371589 -199.955 0
3 -58.4621 7.17168 0.00216561 300.578 0
4 -70.4999 7.78056 0.00246965 360.498 0
5 -56.2823 6.98157 0.0023209 327.911 0
6 -46.8716 5.96248 0.0051686 299.589 0
7 19.9633 -0.172471 0.0169482 88.5069 0
8 -69.6936 7.91427 0.00170684 374.616 0
9 -45.0857 5.76245 0.00519428 281.486 0
10 -81.7788 8.68449 0.000144793 388.509 0
11 -51.058 5.93769 0.00607531 300.707 0
12 -51.6402 6.36831 0.00340206 318.86 0
13 -71.9131 8.03328 0.00154769 363.841 0
14 -58.8283 7.00545 0.00276236 330.283 0
15 -58.3315 7.17743 0.0014346 327.179 0
16 -69.8778 8.04843 0.000689785 347.121 0
17 -61.9576 7.29832 0.00273572 329.313 0
18 -78.9005 8.59407 -0.000191358 389.566 0
19 -81.3799 8.81247 -0.000207507 410.621 0
20 -73.6262 8.37843 -7.5309e-05 372.124 0
21 -49.4726 6.18633 0.0044371 299.501 0
22 -62.2821 7.36625 0.00226535 347.837 0
23 -37.4681 5.02524 0.00664485 287.664 0
24 -54.7078 6.56975 0.00434237 316.583 0
25 -55.8719 6.78172 0.00286763 326.276 0
26 48.0848 -2.28384 0.0199953 25.5224 0
27 -69.7505 7.82228 0.00146593 399.799 0
28 -72.4023 8.15677 0.000567454 388.557 0
29 -58.7035 7.06033 0.00250476 314.681 0
30 -55.2809 6.85296 0.00264952 331.111 0
31 -59.3636 7.0107 0.00331586 346.012 0
32 -65.5154 8.10033 0.00106303 344.538 0
33 -63.1756 7.76593 0.00259767 292.31 0
34 -57.9693 7.125 0.0034162 307.824 0
35 2.55948 1.08755 0.0170077 148.9 0
36 -69.8841 8.32147 0.000551647 318.112 0
37 -49.756 6.41089 0.00445028 278.676 0
38 -69.7242 8.34891 0.00080392 348.635 0
39 -56.9841 7.17265 0.00330529 273.49 0
40 -54.1737 6.55634 0.00472056 292.35 0
41 -49.1779 6.34338 0.00527089 300.23 0
42 -50.4799 6.41198 0.00490894 284.467 0
43 -47.1223 5.96861 0.00627032 272.457 0
44 -83.0319 8.83858 0.000968561 407.446 0
45 -46.9827 5.84061 0.00598809 287.69 0
46 -63.5573 7.33466 0.00294222 337.228 0
47 -41.6999 5.49435 0.00623034 246.402 0
48 -67.878 7.66785 0.00227398 368.588 0
49 -40.6796 5.37223 0.00680584 259.766 0
50 -56.7797 6.8753 0.00398422 329.268 0
51 -59.1003 7.1911 0.00233464 303.46 0
52 -57.4137 6.80054 0.00412395 299.921 0
53 -43.1308 5.63369 0.0061599 290.684 0
54 -40.7833 5.58429 0.00618887 261.353 0
55 -42.9665 5.58946 0.00632659 267.399 0
56 -46.7314 5.87487 0.00588791 286.729 0
57 -50.8406 6.40228 0.0053176 303.314 0
58 -44.6941 5.84583 0.0062502 308.941 0
59 -47.2931 6.08989 0.00590147 271.617 0
60 -55.9881 6.60616 0.00472481 311.387 0
61 -24.4428 3.8602 0.00977907 238.347 0
62 -55.273 6.96311 0.00422428 291.351 0
63 -57.15 7.15308 0.00289424 308.82 0
64 -65.2855 7.51597 0.00183854 312.45 0
65 -26.1698 3.65352 0.00947383 228.023 0
66 -71.6001 8.39622 -0.000471248 316.087 0
67 -58.7686 6.86248 0.00329995 309.955 0
68 -61.5553 7.26025 0.0020829 304.726 0
69 -56.4731 6.62036 0.00322223 284.142 0
70 -73.8145 8.31476 0.000444622 332.759 0
71 4.95716 0.732142 0.0149876 144.954 0
72 -38.8393 4.93654 0.00690412 267.967 0
73 -41.8523 5.18614 0.00667048 232.982 0
74 115.524 -9.88136 0.0373545 -159.831 0
75 -41.4924 5.3424 0.00598 253.245 0
76 -54.3561 6.32009 0.00374266 308.328 0
77 -38.4114 4.67804 0.00734749 242.64 0
78 -63.7585 6.89794 0.0037742 356.711 0
79 -59.2746 6.973 0.00211872 286.933 0
80 -20.0141 3.15409 0.0101245 215.862 0
81 -49.9293 6.15907 0.00281143 283.08 0
82 -47.1543 5.73626 0.00554712 253.64 0
83 -61.5457 7.21768 0.00172096 310.2 0
84 79.8731 -5.69947 0.0269819 -84.3077 0
85 77.4442 -5.89787 0.0276857 -71.8055 0
86 -50.1172 5.94741 0.00534427 279.103 0
87 36.832 -2.09323 0.0209859 69.3179 0
88 -55.6605 6.3483 0.00487826 336.287 0
89 -45.5353 5.49757 0.00644379 283.189 0
90 -55.2508 6.62101 0.00370242 290.012 0
91 -44.6841 5.65371 0.00597337 253.72 0
92 -6.57443 1.86646 0.0126467 184.473 0
93 -61.356 7.30001 0.00187742 306.396 0
94 -82.4946 8.70099 0.000342204 387.699 0
95 -495.606 40.1219 -0.0676994 1862.39 0
