0 -64.8597 8.1876 0.00157492 296.429 0
1 53.6144 -4.371 0.0317337 -9.65906 0
2 -56.2149 7.28142 0.00399011 240.514 0
3 -47.6433 6.48108 0.0047622 250.365 0
4 -64.7684 8.16313 0.00167539 276.004 0
5 -61.756 7.75018 0.00326702 267.282 0
6 -71.4116 8.66693 0.000388455 314.171 0
7 -32.1177 4.82123 0.00928241 195.352 0
8 -54.549 7.25065 0.00356556 272.059 0
9 -53.7624 7.25953 0.00400767 270.133 0
10 -60.6367 7.63621 0.00257635 275.449 0
11 -61.999 7.95932 0.00202704 275.035 0
12 -71.0628 8.6059 0.000830565 318.469 0
13 -58.2888 7.5384 0.00295759 239.361 0
14 -64.332 8.25094 0.000669091 275.602 0
15 -55.182 7.20122 0.00387008 242.983 0
16 -50.8393 6.73037 0.00442107 261.609 0
17 -57.3097 7.29427 0.00408958 268.268 0
18 -59.5213 7.53249 0.002963 295.35 0
19 -57.1377 7.51918 0.00235892 301.193 0
20 -43.3942 6.32211 0.00426049 245.979 0
21 -42.1674 6.07651 0.00585999 245.151 0
22 -5.38644 2.23054 0.0134206 129.558 0
23 -54.6434 7.34704 0.00295539 262.585 0
24 -47.506 6.67997 0.00430727 265.941 0
25 -57.6088 7.56096 0.002431 264.27 0
26 87.8259 -7.70269 0.0361405 -90.319 0
27 -60.2651 7.80567 0.0020912 286.869 0
28 -48.6658 7.02483 0.00274809 217.695 0
29 -67.786 8.39941 0.00118941 297.37 0
30 -42.0218 5.84585 0.00624821 273.848 0
31 -30.8057 4.83929 0.00878497 200.051 0
32 -88.3909 10.0664 -0.00262214 324.382 0
33 -75.5553 8.72042 2.25254e-05 279.652 0
34 -83.8171 9.76182 -0.00165788 290.182 0
35 89.5389 -8.08589 0.0376942 -137.929 0
36 -60.1698 7.42742 0.00292457 237 0
37 -52.9682 6.75644 0.00403026 196.073 0
38 -56.8984 7.11435 0.00383049 221.705 0
39 -72.8207 8.66591 0.000201335 277.695 0
40 -56.7325 7.02561 0.00382699 217.347 0
41 73.353 -6.31714 0.0332592 -90.4073 0
42 -79.449 9.15795 -0.000471863 298.066 0
43 -90.113 10.3576 -0.0035289 306.06 0
44 -68.7812 7.9431 0.00180952 265.129 0
45 -85.361 9.89053 -0.00264653 302.76 0
46 -77.3222 8.91636 -1.0877e-05 278.881 0
47 -78.4566 9.02772 -0.000445491 266.851 0
48 -75.9398 9.03096 -0.000886711 280.942 0
49 -33.6652 4.56899 0.00912068 199.705 0
50 -77.1306 9.0633 -0.00133801 282.139 0
51 103.781 -8.17945 0.0334305 -205.484 0
52 -19.9848 3.28232 0.0111804 138.298 0
53 -77.738 9.07004 -0.000604547 303.317 0
54 -50.2177 6.4458 0.00432961 185.212 0
55 -79.8292 9.3648 -0.00191077 313.088 0
56 -53.1169 6.74411 0.00378188 193.304 0
57 -75.2983 8.69837 -0.00010193 268.066 0
58 -70.7446 8.41368 0.000198991 287.085 0
59 -58.4242 7.10466 0.00265072 248.905 0
60 -65.5528 7.95344 0.00151677 265.184 0
61 -85.734 9.80454 -0.002549 308.985 0
62 -64.0789 7.68872 0.00267622 231.639 0
63 -68.6087 8.0415 0.00163801 264.818 0
64 -77.0074 8.95799 -0.000374026 366.208 0
65 -63.2776 7.42399 0.0023992 308.12 0
66 -64.6493 7.88753 0.00128274 306.707 0
67 -66.7224 7.86816 0.00130178 325.112 0
68 -64.0313 7.80184 0.00154706 312.578 0
69 -73.7811 8.509 0.000147171 349.756 0
70 -70.3181 8.15406 0.00102284 341.457 0
71 -62.5812 7.52027 0.00264553 316.045 0
72 -79.3843 9.13592 -0.00102945 373.103 0
73 -74.6293 8.62653 -0.000390641 350.671 0
74 -72.0374 8.46549 0.000149244 315.629 0
75 -46.893 6.4471 0.00470274 277.757 0
76 -58.7551 7.19406 0.00270268 289.714 0
77 -73.142 8.58381 -0.000187337 334.279 0
78 -55.586 7.01546 0.00289523 322.912 0
79 -74.7205 8.72365 -0.00142416 357.997 0
80 -65.6687 7.91199 0.000606409 313.104 0
81 -62.8453 7.55973 0.0019432 340.097 0
82 -64.9804 7.74631 0.00155974 363.601 0
83 -60.239 7.34022 0.00177634 302.126 0
84 -47.5073 6.46189 0.00366617 261.134 0
85 -54.0481 7.12089 0.00263758 292.211 0
86 -43.1653 6.1673 0.00433643 271.09 0
87 -51.8222 6.7989 0.00290142 271.045 0
88 -46.7447 6.28858 0.00482991 276.936 0
89 -51.5044 6.63321 0.00412929 287.142 0
90 -35.7128 4.93909 0.00772936 257.126 0
91 -40.9916 6.03516 0.00455367 288.868 0
92 -53.1272 6.69342 0.00421175 277.149 0
93 -40.0159 5.63989 0.00549669 260.124 0
94 -40.5333 5.4724 0.0066324 260.594 0
95 -40.5333 5.4724 0.0066324 260.594 0
