0 -56.3824 6.73708 0.00258352 304.578 0
1 -51.9096 6.32348 0.00315575 273.814 0
2 44.0106 -2.56228 0.0216286 9.4853 0
3 -68.1446 7.70531 0.00186056 337.146 0
4 -61.5433 7.10182 0.00283635 293.533 0
5 -50.4141 6.13217 0.00553014 294.164 0
6 -53.3306 6.50286 0.00427926 279.77 0
7 -19.2789 3.20076 0.0106708 203.33 0
8 -35.0814 4.77505 0.00689179 259.292 0
9 11.2393 0.208772 0.0167756 135.916 0
10 -65.9239 7.65287 0.00140355 314.026 0
11 -59.6474 7.03597 0.00261848 305.304 0
12 -52.7849 6.23731 0.00381299 300.895 0
13 50.0124 -3.17967 0.0229646 23.6705 0
14 -54.2726 6.6218 0.00297465 302.582 0
15 -52.3358 6.30291 0.00469656 309.447 0
16 16.6176 0.079332 0.0157671 138.686 0
17 -61.3644 7.45477 0.00135945 333.896 0
18 -61.0876 7.26216 0.00173375 324.465 0
19 -57.4651 6.86753 0.00320208 307.105 0
20 -53.5281 6.2139 0.00422288 283.919 0
21 -58.8014 7.11922 0.00203946 293.844 0
22 -55.8413 6.80719 0.00308935 317.384 0
23 -64.8751 7.78187 0.000622679 327.344 0
24 73.143 -5.82935 0.0287692 -15.718 0
25 -55.5761 6.87779 0.00226292 286.481 0
26 -63.7243 7.66784 0.00137658 340.179 0
27 -53.8339 6.43523 0.00394152 268.57 0
28 -1.63614 1.57593 0.0128668 150.784 0
29 -69.475 8.21947 -7.05526e-05 319.673 0
30 -65.4854 7.89427 0.000913641 333.198 0
31 -20.0119 3.31624 0.010176 225.033 0
32 -56.9471 6.65335 0.00503067 283.056 0
33 -60.8277 7.08676 0.00379196 297.499 0
34 -74.8757 8.57619 0.000229166 324.472 0
35 -75.707 8.73227 0.000879898 320.447 0
36 -48.5397 6.18607 0.00425433 246.823 0
37 -48.3518 5.9673 0.00539273 242.968 0
38 -76.3378 8.06955 0.00213196 339.563 0
39 -61.0915 7.41762 0.00223204 292.591 0
40 -58.7785 6.89983 0.00315055 284.091 0
41 -67.529 7.92953 0.000594185 290.136 0
42 -48.5465 5.92244 0.00498905 249.24 0
43 -77.6478 8.93762 -0.00149734 306.291 0
44 74.9088 -5.73943 0.0277744 -85.9181 0
45 -27.211 3.8906 0.00937653 205.105 0
46 -62.5204 7.39895 0.00152234 284.591 0
47 -42.4319 5.33918 0.00574839 246.201 0
48 -54.1721 6.65212 0.00306805 243.49 0
49 -58.7684 7.12177 0.00273167 279.089 0
50 64.3995 -4.5812 0.0258641 -52.2789 0
51 -48.0294 5.93947 0.00413351 227.263 0
52 -45.8352 5.63625 0.00479013 275.403 0
53 -66.0898 7.86731 0.000830965 295.963 0
54 -52.4161 6.53501 0.00315555 253.764 0
55 -28.0113 3.89549 0.00826527 195.847 0
56 -50.2663 6.08822 0.00451896 261.011 0
57 -63.9959 7.63987 0.00116447 288.207 0
58 149.757 -12.8579 0.0435672 -300.409 0
59 -56.599 6.81849 0.00269041 264.859 0
60 -54.5071 6.62647 0.00360232 264.061 0
61 -52.6574 6.47523 0.00373509 240.085 0
62 161.598 -13.0982 0.0406947 -339.019 0
63 -52.8482 6.44255 0.00298618 268.289 0
64 -70.4954 8.04242 0.000471195 313.502 0
65 -69.6295 7.89726 0.000692017 315.869 0
66 -72.0458 8.39397 0.000330774 344.804 0
67 -73.0302 8.03804 0.00171719 308.22 0
68 -65.2073 7.55001 0.00195809 320.448 0
69 -62.9161 6.95808 0.00335563 306.318 0
70 63.19 -4.79946 0.0268881 -42.2224 0
71 -71.3016 8.17393 0.000742873 325.238 0
72 121.345 -10.751 0.040042 -211.123 0
73 -68.1887 7.52782 0.0022258 319.754 0
74 -74.9531 8.59485 -0.00129994 318.654 0
75 47.479 -3.63149 0.0266128 5.8541 0
76 -63.0595 7.49613 0.000845586 300.202 0
77 -68.217 7.81025 0.000354594 326.934 0
78 -71.5993 8.33743 -0.00120242 330.623 0
79 -36.8208 4.11316 0.00535358 260.027 0
80 -71.6817 8.3438 -0.000702498 323.638 0
81 -60.4172 7.00922 0.0015319 291.011 0
82 -72.9455 8.50864 -0.00123297 308.62 0
83 -66.9448 7.87273 0.000150217 291.293 0
84 -57.3924 7.05116 0.00212489 286.323 0
85 18.0454 -0.623857 0.0198629 95.4994 0
86 -58.8815 7.16802 0.00206716 289.123 0
87 -56.3087 6.92536 0.0022218 286.107 0
88 -55.4735 6.85203 0.00331993 262.064 0
89 -43.4035 5.61075 0.00507636 236.889 0
90 -57.0599 7.09202 0.00154896 283.665 0
91 -7.70991 1.97759 0.0136235 150.048 0
92 -65.4704 7.78369 0.00110692 294.155 0
93 -58.4089 7.10165 0.0020077 292.614 0
94 -57.7018 7.14795 0.00182897 294.365 0
95 -14.0155 1.3832 0.00146601 207.984 0
