0 -65.7396 7.86331 0.000758872 296.126 0
1 -78.4343 9.00013 -0.00116162 353.433 0
2 -74.2735 8.72268 -0.00098125 347.884 0
3 -86.0082 10.0324 -0.00382438 371.71 0
4 103.065 -8.2125 0.0339836 -138.967 0
5 -60.2005 7.41269 0.00143208 282.747 0
6 -57.2439 7.00128 0.0033572 296.903 0
7 -75.2464 8.79297 -0.000701841 338.882 0
8 -63.9541 7.70061 0.00116033 319.975 0
9 -72.8178 8.6539 -0.00089921 324.838 0
10 -75.2959 8.67446 -0.000863916 354.562 0
11 -88.0115 10.1337 -0.00365735 375.654 0
12 -72.8846 8.40337 -5.28253e-05 326.053 0
13 -47.8878 5.95905 0.00540324 269.251 0
14 -72.0764 8.52756 -0.00061872 336.645 0
15 -77.9803 9.12436 -0.0025538 373.699 0
16 -51.4525 6.49148 0.00314402 304.547 0
17 -70.352 8.33895 -0.000372422 359.276 0
18 -44.7561 5.81808 0.00466755 283.695 0
19 155.718 -14.8723 0.0524152 -227.02 0
20 -57.7223 7.04301 0.00195434 316.639 0
21 -70.855 8.39789 -7.91323e-05 338.952 0
22 -62.6466 7.60365 0.00107266 299.461 0
23 -56.2744 7.10731 0.00237363 294.344 0
24 -55.7043 7.04868 0.00222192 285.32 0
25 -59.3888 7.08277 0.00279637 322.552 0
26 -61.884 7.54363 0.00132201 295.509 0
27 -62.3266 7.45588 0.00120437 312.649 0
28 -61.1931 7.38087 0.00155508 336.974 0
29 -62.7991 7.57409 0.00182542 297.978 0
30 -49.3773 6.3356 0.00362138 297.997 0
31 -46.7608 6.06676 0.00408875 292.231 0
32 -30.9816 4.70496 0.00875859 202.806 0
33 -35.3843 5.0968 0.00756144 243.879 0
34 47.9314 -3.38661 0.0253589 26.7942 0
35 -30.3562 4.89094 0.00731347 199.254 0
36 -41.5515 5.46188 0.00666332 241.878 0
37 -47.4831 6.09254 0.00558651 269.83 0
38 -14.143 2.74766 0.0131576 182.364 0
39 -47.7053 6.37027 0.00428325 278.416 0
40 -40.9255 5.48068 0.00692366 260.927 0
41 40.3119 -2.82171 0.0248584 45.0045 0
42 -30.5603 4.69921 0.00845318 231.348 0
43 -46.5526 6.27315 0.00524775 264.887 0
44 -53.622 6.60399 0.00387141 279.467 0
45 -62.3168 7.8278 0.000597441 301.089 0
46 -44.3313 6.00648 0.00522295 248.251 0
47 -48.6938 6.36333 0.00391207 291.43 0
48 -26.2364 4.00222 0.00931704 230.99 0
49 13.1536 0.0441526 0.0185079 123.043 0
50 176.292 -16.4116 0.0535069 -279.557 0
51 -64.9973 7.78699 0.00105015 351.098 0
52 -49.5572 6.48862 0.00377989 254.388 0
53 -36.7645 5.31378 0.00594976 230.304 0
54 -30.171 4.58109 0.00797497 213.408 0
55 -59.3831 7.3815 0.00190142 301.898 0
56 -33.6527 4.78468 0.00791179 240.806 0
57 -37.4526 5.41618 0.00589135 245.567 0
58 -25.13 4.18443 0.00877169 205.676 0
59 -60.3746 7.4081 0.00223113 295.808 0
60 248.906 -22.6402 0.063446 -524.975 0
61 -29.944 4.63083 0.00788796 225.253 0
62 -42.714 5.85913 0.00526382 254.199 0
63 -48.4599 6.41082 0.00390476 276.486 0
64 -70.3015 8.1101 0.000289473 271.014 0
65 -60.612 7.07649 0.0025247 261.857 0
66 -81.9537 9.49987 -0.00186448 285.955 0
67 -93.9944 10.2384 -0.00301786 330.533 0
68 -63.7247 7.31836 0.00238391 244.883 0
69 -63.7454 7.25315 0.00194689 255.176 0
70 -79.8877 9.14623 -0.00185614 280.598 0
71 -71.5513 8.36441 -0.000562141 262.087 0
72 -47.071 5.71246 0.00546453 193.368 0
73 -64.7321 7.60432 0.00138656 244.876 0
74 -49.1852 5.99117 0.00427794 200.086 0
75 -72.5911 8.48085 0.000320968 259.744 0
76 -75.246 8.69392 -0.000860264 286.318 0
77 -67.447 7.79 0.00172758 258.089 0
78 -43.8889 5.62204 0.00459896 190.609 0
79 -47.4504 5.96738 0.00425424 220.857 0
80 -70.2002 8.12767 -0.000573243 259.39 0
81 -47.0816 5.76146 0.00489669 184.68 0
82 -57.1242 6.90344 0.0034766 231.4 0
83 -51.4979 6.19042 0.0046814 219.824 0
84 -38.0689 5.11668 0.00728701 167.265 0
85 -60.9025 7.33732 0.00182055 240.664 0
86 -64.857 7.72034 0.00140339 262.298 0
87 -69.7041 8.28264 0.00059703 256.317 0
88 -61.9963 7.37606 0.00201746 259.791 0
89 -64.1198 7.65051 0.00143076 252.099 0
90 -44.4783 5.57344 0.00575922 192.845 0
91 -69.7366 8.28939 0.000340462 277.984 0
92 -61.6795 7.18877 0.00236076 246.578 0
93 -56.8935 6.87944 0.00299002 242.183 0
94 -57.2697 6.53164 0.0038357 239.337 0
95 1116.9 -87.5753 0.158817 -3840.02 0
