0 -58.2779 6.9926 0.00498344 281.561 0
1 -62.8773 7.28274 0.00383977 305.281 0
2 -61.4415 7.11829 0.00422628 293.287 0
3 -39.162 5.21324 0.00816972 219.2 0
4 38.4379 -2.20087 0.0223747 4.18506 0
5 -43.2514 5.64746 0.0066861 243.632 0
6 -5.19222 1.82042 0.0142165 160.695 0
7 -43.8426 5.3997 0.00749864 240.396 0
8 -45.9628 6.0063 0.00547803 256.356 0
9 -52.6441 6.45211 0.00484188 275.289 0
10 -38.0867 4.8548 0.00822124 230.335 0
11 -55.119 6.52245 0.0055325 311.122 0
12 -45.5328 5.42634 0.00725248 223.018 0
13 -46.1073 5.59064 0.00691051 261.209 0
14 -46.7955 5.75727 0.00636121 249.289 0
15 -47.6149 5.9548 0.00547393 272.462 0
16 -48.9758 6.15788 0.00563437 297.014 0
17 -39.9323 5.22429 0.00751908 272.201 0
18 0.26602 1.28856 0.0150004 136.983 0
19 -45.0235 5.60486 0.00698293 244.587 0
20 -48.845 5.95584 0.00603859 262.996 0
21 -43.3127 5.43622 0.00746284 273.48 0
22 -46.4847 5.94763 0.00603784 242.963 0
23 -44.6049 5.65227 0.00660978 224.767 0
24 -48.5774 5.94404 0.00583022 268.377 0
25 -43.5899 5.65855 0.0069817 270.371 0
26 -52.9963 6.31723 0.0052313 297.661 0
27 -56.1811 6.51106 0.00518957 293.105 0
28 -42.146 5.14763 0.00794789 272.598 0
29 -31.9941 4.67205 0.00895137 247.266 0
30 -58.2375 7.17468 0.00304832 299.641 0
31 -39.4222 5.30299 0.00748355 243.112 0
32 -77.0609 9.14558 -0.000889087 296.434 0
33 26.2584 -1.18531 0.0210496 43.4376 0
34 -86.3301 9.97742 -0.00241892 323.977 0
35 -27.6979 4.07749 0.00997781 176.176 0
36 -80.4905 9.41401 -0.00116492 329.295 0
37 -73.8765 8.78138 -0.000275475 300.541 0
38 -68.9312 8.17789 0.00186734 303.846 0
39 -65.1916 7.92173 0.00283986 269.65 0
40 -53.4483 6.82497 0.00387987 240.091 0
41 -76.7114 9.03638 -0.000466742 299.517 0
42 -56.6183 6.81157 0.00461129 286.131 0
43 -70.099 8.34608 0.000985463 295.262 0
44 -75.1741 8.75896 -0.000548835 274.97 0
45 -69.8069 8.42243 0.000192874 291.235 0
46 -79.1762 9.21404 -0.000702263 322.726 0
47 -82.4576 9.43867 -0.00110689 312.421 0
48 -42.5955 5.99225 0.00491148 212.95 0
49 -61.4809 7.69296 0.00160279 281.842 0
50 -70.7153 8.52323 -0.000336213 291.1 0
51 -47.0926 6.02289 0.00511021 226.477 0
52 -70.8484 8.38989 -0.000249962 266.103 0
53 109.507 -9.98414 0.0409017 -155.881 0
54 -69.9254 8.44426 0.000199314 275.473 0
55 -68.8152 8.23756 0.00120894 278.584 0
56 -70.93 8.5073 -0.000145219 279.237 0
57 -73.3118 8.66523 0.000519077 284.096 0
58 -59.9939 7.4545 0.00249095 278.835 0
59 -71.0892 8.44521 0.000990049 304.348 0
60 -67.3747 8.15022 0.00157139 274.046 0
61 -47.7682 6.60894 0.00446086 208.475 0
62 -54.4066 6.98148 0.00364642 247.249 0
63 -77.9 9.20085 -0.00116093 317.651 0
64 64.0705 -5.07694 0.0275439 -21.4289 0
65 -5.41211 1.60092 0.0135658 176.053 0
66 -21.1793 3.36353 0.0106643 205.128 0
67 -31.2041 3.92415 0.00964255 243.689 0
68 -52.1677 6.52533 0.0044413 297.725 0
69 -32.2177 4.01262 0.00913708 240.43 0
70 -38.108 4.80829 0.00712624 254.775 0
71 -27.1252 3.80158 0.0103429 222.704 0
72 -60.8486 7.20093 0.00297142 317.629 0
73 -60.9922 7.09957 0.002651 324.188 0
74 1.51464 1.16715 0.0147094 144.904 0
75 -73.348 8.60226 -0.000893997 349.229 0
76 58.0278 -4.61047 0.0278224 8.69347 0
77 -23.2162 3.53963 0.0104479 212.159 0
78 -23.2686 3.45719 0.0101616 231.034 0
79 -31.4454 4.07778 0.00877125 202.864 0
80 0.568882 1.38381 0.0137745 140.208 0
81 86.3438 -7.03488 0.0301887 -97.0142 0
82 -54.8564 6.57212 0.00372175 313.041 0
83 31.5936 -1.67092 0.0205888 67.6746 0
84 5.68773 0.874826 0.0157186 119.879 0
85 -42.511 5.52973 0.00603001 249.139 0
86 85.5498 -7.08297 0.0321194 -61.8536 0
87 -48.9997 6.2817 0.00394852 261.068 0
88 -45.2393 5.82267 0.00509564 258.947 0
89 17.9194 -0.272146 0.0175064 104.095 0
90 -30.55 4.4302 0.00852614 240.7 0
91 -8.17166 2.2203 0.0124823 184.247 0
92 68.48 -5.19904 0.0281897 -16.5705 0
93 -2.60706 1.55687 0.0144031 168.991 0
94 128.737 -11.6089 0.0443244 -187.965 0
95 126.827 -11.8139 0.0419614 -205.746 0
