0 -36.2228 4.9051 0.00836476 317.105 0
1 -62.9747 7.85431 0.000318 372.714 0
2 -92.3949 10.6093 -0.00455391 437.254 0
3 -86.8238 10.1433 -0.00322741 415.765 0
4 -83.4201 9.73721 -0.00254451 413.026 0
5 -80.8676 9.42727 -0.00175126 421.512 0
6 -80.5277 9.38889 -0.00195076 420.895 0
7 -73.2606 8.74559 -0.000667498 419.034 0
8 -73.049 8.66823 0.000351338 421.252 0
9 -63.2862 7.73509 0.00108847 358.468 0
10 -70.0331 8.27559 0.000454441 385.198 0
11 -74.5574 8.81223 -0.000920611 431.763 0
12 -78.377 9.10611 -0.00184089 411.735 0
13 -79.6268 9.30023 -0.00246205 396.198 0
14 -78.2616 9.20041 -0.00143351 420.662 0
15 -65.5701 7.94483 0.000807901 380.732 0
16 -33.2812 4.94527 0.00660093 286.537 0
17 -61.4271 7.60647 0.00153746 358.233 0
18 -63.5796 7.8011 0.000775189 359.266 0
19 -77.6815 9.11553 -0.00189938 402.894 0
20 -67.8239 7.98111 0.000368973 406.466 0
21 37.0236 -2.52269 0.0240732 124.41 0
22 -70.4196 8.49324 -0.000352525 389.168 0
23 -61.2797 7.7053 0.000851465 392.22 0
24 -54.2152 6.75439 0.00353913 348.954 0
25 -56.7145 7.21089 0.00202107 363.024 0
26 -56.1898 6.94209 0.00238821 354.302 0
27 -64.9282 7.87193 0.00118874 379.678 0
28 -53.5753 6.71422 0.00299348 357.092 0
29 -53.9689 6.84292 0.00350215 343.981 0
30 -52.389 6.66796 0.00326011 354.911 0
31 -51.5594 6.61846 0.00376879 360.154 0
32 -24.1676 3.8171 0.0105797 164.206 0
33 -57.1947 6.79295 0.00487097 253.097 0
34 -80.3604 9.18106 -3.81357e-05 293.991 0
35 -70.6828 8.23418 0.00197214 287.915 0
36 -82.7946 9.52476 -0.00194816 301.782 0
37 -79.1941 8.94183 -0.000618945 276.974 0
38 -77.7709 8.89672 -5.81888e-05 280.945 0
39 -77.6782 9.16506 -0.000980406 264.723 0
40 1.3356 1.23887 0.0146461 101.029 0
41 -68.1586 8.03056 0.00172555 247.238 0
42 -78.3906 8.93945 -0.000380854 308.429 0
43 -68.9087 8.15667 0.00122218 267.098 0
44 -70.3622 8.0286 0.00162713 269.895 0
45 -70.5848 8.3231 0.000740748 272.406 0
46 -64.9956 7.57035 0.00232305 245.75 0
47 -77.3043 8.87835 -0.000919291 296.786 0
48 -47.495 5.81722 0.00604234 222.777 0
49 -67.3509 7.89963 0.000699332 244.631 0
50 -40.6606 5.38021 0.00650325 236.182 0
51 -53.3708 6.47492 0.00313973 213.091 0
52 -59.164 7.11755 0.00306247 246.185 0
53 -56.8467 6.99116 0.00305907 278.176 0
54 -61.5427 7.43078 0.00220587 263.737 0
55 -56.796 6.92988 0.00332726 256.858 0
56 -51.0177 6.11019 0.00489908 247.151 0
57 -19.368 3.18935 0.0110636 152.661 0
58 -42.5633 5.3902 0.0072414 202.958 0
59 -51.4777 6.38587 0.00395767 230.296 0
60 -51.7498 6.37965 0.00492292 241 0
61 -58.9764 7.11197 0.00297427 263.645 0
62 -51.7693 6.33556 0.00497348 233.938 0
63 -51.3858 6.02421 0.00529804 244.354 0
64 -61.9213 7.57281 0.00100503 294.649 0
65 -74.0894 8.54798 3.57998e-05 355.013 0
66 -42.788 5.5399 0.00731418 253.419 0
67 -64.6672 7.45307 0.00215368 292.456 0
68 -73.3224 8.64492 -0.000253157 327.842 0
69 26.9054 -1.43635 0.0212086 74.9109 0
70 -74.0087 8.45024 0.000560349 332.443 0
71 -75.1303 8.80426 -0.000397241 327.327 0
72 -68.3114 8.09634 0.00080459 305.371 0
73 -62.7239 7.50116 0.00226755 311.464 0
74 -65.6202 7.56951 0.00144832 325.312 0
75 -60.0671 7.39741 0.00174953 262.785 0
76 -50.9744 6.51287 0.00420569 266.641 0
77 -61.5303 7.40543 0.00225417 295.334 0
78 -65.0322 7.78736 0.00124902 284.871 0
79 -67.7222 8.08482 0.000385766 302.209 0
80 -38.3834 5.28344 0.00613924 214.208 0
81 -66.2703 7.89983 0.000459467 308.327 0
82 -73.3894 8.59382 -0.000922445 346.407 0
83 -59.5102 7.31805 0.00147324 281.853 0
84 -36.0049 5.17292 0.0065308 209.998 0
85 -28.5568 4.26526 0.00815215 236.737 0
86 41.2787 -2.82311 0.0241315 37.5528 0
87 74.657 -6.19981 0.0317698 -32.0452 0
88 -48.649 6.28961 0.00409212 244.367 0
89 -42.1271 5.61198 0.00447085 264.22 0
90 -23.4159 3.80677 0.00943452 195.485 0
91 -32.1517 5.02984 0.00644773 215.172 0
92 -53.0266 6.78343 0.00275457 262.155 0
93 -36.6381 5.19308 0.00641223 215.636 0
94 -46.0702 6.03594 0.00478397 240.659 0
95 -47.0387 5.52037 -0.0147584 258.009 0
