0 -63.7823 7.6275 0.00299621 274.797 0
1 -57.7477 7.06581 0.00429441 262.974 0
2 -74.0711 8.33638 0.00191276 339.144 0
3 -55.8875 6.71532 0.00497475 276.504 0
4 -90.1395 9.41556 0.00115542 383.45 0
5 86.1074 -6.10634 0.0290927 -143.188 0
6 -89.6804 9.46145 0.000661699 385.242 0
7 156.954 -12.9035 0.042726 -335.087 0
8 -73.6478 8.3573 0.00184892 320.04 0
9 -75.8734 8.36036 0.00281815 360.998 0
10 -75.8232 8.41908 0.00182857 324.939 0
11 -47.7447 5.8729 0.00642466 265.858 0
12 -84.0312 9.18336 -9.3529e-05 374.466 0
13 -91.857 9.89671 -0.000889796 401.99 0
14 -81.6326 8.93907 0.000399249 373.181 0
15 -77.902 8.71005 0.000941902 354.874 0
16 -59.4783 7.05861 0.0042496 316.032 0
17 -45.357 5.81808 0.00659262 245.629 0
18 -73.9857 8.53697 0.000759081 348.387 0
19 -72.3524 8.24454 0.00154136 333.194 0
20 -102.957 10.7573 -0.00296215 414.281 0
21 -63.5448 7.46977 0.0032087 309.004 0
22 -67.7689 7.88223 0.00213393 326.095 0
23 -42.6027 5.52987 0.00642472 231.01 0
24 -24.6512 3.77472 0.0102698 219.033 0
25 -68.3539 7.84397 0.00276463 299.158 0
26 -73.9375 8.45398 0.00158685 353.048 0
27 -80.908 8.8922 0.000866949 388.989 0
28 -76.4979 8.36635 0.00172498 361.219 0
29 170.137 -13.37 0.0410629 -380.708 0
30 -72.0019 8.5104 0.000776576 349.713 0
31 -73.9474 8.35363 0.00187237 327.409 0
32 -48.3714 6.19249 0.00506952 266.852 0
33 -46.5945 5.95568 0.00545249 257.358 0
34 -55.4661 6.95248 0.00351853 275.876 0
35 -43.9893 5.69375 0.00625065 255.415 0
36 -77.206 8.49434 0.00195528 357.698 0
37 -61.7116 7.19389 0.0037106 298.858 0
38 -66.2118 7.44009 0.00414727 332.576 0
39 -60.6379 7.20886 0.00373576 297.16 0
40 -85.8632 9.49521 -0.001348 376.35 0
41 -55.9037 6.73966 0.00424507 281.9 0
42 -72.5661 8.09098 0.000962015 323.066 0
43 -40.0423 5.34119 0.00642098 234.601 0
44 -48.5646 5.86455 0.00603172 255.463 0
45 -42.8743 5.57309 0.00600644 273.44 0
46 -56.1529 6.55348 0.00401502 298.721 0
47 -48.8693 5.81651 0.00600362 303.286 0
48 -48.1826 5.98904 0.00503648 255.499 0
49 -22.8458 3.6719 0.00985162 217.46 0
50 -69.8999 8.1345 0.000552146 324.063 0
51 -93.6329 9.78817 -0.00163708 422.621 0
52 -77.1655 8.47162 0.000543972 367.657 0
53 -62.5932 7.28313 0.00234246 325.219 0
54 -81.4688 9.02736 -0.000592913 388.849 0
55 -47.0306 5.85364 0.00526954 294.256 0
56 -71.5981 7.9801 0.00150828 374.284 0
57 -45.0664 5.76665 0.00567477 271.656 0
58 -2.8264 2.02452 0.0124828 145.201 0
59 -65.856 7.43623 0.00324365 341.155 0
60 -50.4773 6.25293 0.00496046 290.587 0
61 -74.3006 8.26336 0.000527805 376.328 0
62 -53.8496 6.46293 0.00454816 296.289 0
63 -82.1207 8.83569 0.000265236 381.363 0
64 -81.625 8.50644 0.00157151 363.732 0
65 -71.1914 7.28405 0.00397372 299.487 0
66 -110.885 11.008 -0.00291069 441.952 0
67 -66.1662 7.13942 0.00303624 278.512 0
68 -100.395 10.0428 -0.00142276 384.323 0
69 -61.9033 6.47724 0.0051724 292.7 0
70 -65.9473 7.18241 0.00329516 302.347 0
71 -92.6319 9.47134 -0.00106909 395.109 0
72 -42.1789 5.01598 0.00726879 240.68 0
73 -84.541 8.71416 0.000504166 349.986 0
74 -110.132 10.7436 -0.00269792 417.653 0
75 -102.314 10.2913 -0.0020493 412.249 0
76 -121.627 11.7998 -0.0049195 493.816 0
77 -48.1942 5.534 0.00662122 234.176 0
78 -149.546 14.3678 -0.00947992 558.93 0
79 -69.443 7.29771 0.00319999 313.687 0
80 -115.618 11.2629 -0.00375321 460.96 0
81 -92.6023 9.23771 -0.000312479 392.197 0
82 -118.628 11.4829 -0.00423403 484.45 0
83 -94.435 9.43165 -0.000300506 383.796 0
84 -111.583 11.1954 -0.00402195 442.604 0
85 42.6256 -2.44885 0.0208062 2.07951 0
86 -113.38 11.2289 -0.00371724 456.255 0
87 -70.3677 7.58351 0.0024574 288.876 0
88 -102.699 10.2336 -0.00194541 408.66 0
89 -93.395 9.39785 -0.000416968 386.042 0
90 -117.219 11.4613 -0.00400623 478.236 0
91 -105.192 10.5318 -0.00212698 431.18 0
92 -100.125 10.1314 -0.00228311 421.121 0
93 -110.388 10.8877 -0.00300352 428.587 0
94 -100.35 10.1524 -0.0012871 396.023 0
95 -87.2592 12.0128 -0.0360041 246.024 0
