0 -81.9591 9.36919 -0.00187217 361.39 0
1 -78.511 9.06367 -0.0005013 334.91 0
2 41.4099 -3.17052 0.0258105 42.4859 0
3 -5.13541 1.67532 0.0153581 135.2 0
4 -66.0324 7.66503 0.0013537 320.173 0
5 -58.0411 7.07683 0.00373859 289.256 0
6 -61.5383 7.394 0.00213258 281.191 0
7 -14.6509 2.73091 0.0121262 168.83 0
8 12.6195 -0.244849 0.0191507 112.445 0
9 -47.7969 6.03227 0.00545658 258.177 0
10 -47.2769 5.87432 0.00460414 267.874 0
11 -53.9283 6.3307 0.00426557 274.965 0
12 -41.9758 5.41481 0.00575126 259.476 0
13 -45.8698 5.69384 0.00580488 264.308 0
14 -41.9472 5.32136 0.00688852 246.619 0
15 -36.1185 4.87364 0.00694206 240.941 0
16 -48.5781 6.10232 0.00432432 272.777 0
17 -61.4521 7.1235 0.00359451 317.527 0
18 -38.941 4.98409 0.00702129 238.635 0
19 -67.4046 7.53684 0.00270464 343.903 0
20 -55.9628 6.61273 0.0036036 300.955 0
21 -53.9452 6.682 0.0037757 293.36 0
22 -51.2738 6.29103 0.00436911 284.958 0
23 -38.5027 5.09868 0.00633327 275.55 0
24 -57.5983 6.73191 0.00384618 305.169 0
25 -60.1898 6.82362 0.00381353 318.289 0
26 -42.0441 5.29779 0.00642862 264.95 0
27 -50.4775 5.97948 0.00546245 270.92 0
28 -20.7206 3.11863 0.0113255 213.455 0
29 -41.017 5.23972 0.00653438 262.465 0
30 -36.7581 4.98838 0.0066998 234.164 0
31 -50.0398 5.8696 0.00565128 271.51 0
32 -30.5696 4.48289 0.00830507 237.36 0
33 -29.9319 4.3875 0.00829595 250.589 0
34 -56.952 7.08075 0.00259163 281.807 0
35 -34.9511 4.97963 0.00648743 248.6 0
36 -48.0722 6.10727 0.00539489 259.031 0
37 -42.2558 5.49378 0.00598863 264.927 0
38 157.672 -15.2936 0.0523263 -225.33 0
39 -24.2132 3.9537 0.00931427 205.881 0
40 -28.6409 4.27757 0.00758365 243.421 0
41 -36.1766 5.07563 0.00620113 252.458 0
42 -18.5459 3.35059 0.00963427 230.404 0
43 -24.6754 3.83449 0.00907312 225.543 0
44 46.4697 -3.10734 0.0225025 22.4886 0
45 -23.1483 3.54464 0.00964218 243.901 0
46 -26.7826 4.06186 0.00837043 244.747 0
47 -28.4359 4.19721 0.00805466 233.887 0
48 -24.7697 3.95044 0.00865571 228.962 0
49 -17.178 3.06997 0.0104139 191.539 0
50 1.71906 1.27204 0.0135276 142.775 0
51 -32.8016 4.57398 0.00660541 244.298 0
52 -25.8476 3.9665 0.00808576 254.793 0
53 101.33 -8.05024 0.0325195 -140.355 0
54 -51.9813 6.39767 0.00340008 306.476 0
55 -16.8449 3.14868 0.00986683 190.771 0
56 -7.86819 1.96897 0.0127307 169.372 0
57 11.2372 0.397993 0.0162428 133.646 0
58 -41.5109 5.33936 0.0058204 259.87 0
59 -51.2345 6.1541 0.00435067 286.598 0
60 -37.2985 5.2592 0.0053719 264.671 0
61 -55.9504 6.81115 0.00287473 334.441 0
62 -51.7868 6.43341 0.00380928 283.21 0
63 -50.7759 6.07092 0.00480315 292.399 0
64 -71.8789 7.72216 0.00343403 363.978 0
65 -85.1187 8.92777 0.000988329 411.933 0
66 -66.9459 7.68386 0.00325397 355.228 0
67 -76.694 8.24642 0.00211243 394.371 0
68 79.6123 -5.51032 0.0276957 -71.7155 0
69 -79.136 8.53687 0.00150808 391.571 0
70 -69.1877 7.46375 0.00346623 365.001 0
71 -49.4641 6.09724 0.00561612 301.298 0
72 -76.1779 8.3084 0.00144984 386.226 0
73 -58.86 6.6454 0.00456213 309.746 0
74 -78.4316 8.32196 0.00179265 385.625 0
75 -59.626 7.11539 0.00383039 326.179 0
76 -69.0505 8.07532 0.000153225 371.402 0
77 56.4423 -3.64657 0.0235138 10.508 0
78 -70.7557 7.88878 0.00169512 384.586 0
79 101.402 -7.66052 0.0305274 -139.897 0
80 25.4831 -0.957145 0.0185567 101.674 0
81 -71.6376 8.21549 0.000145806 360.334 0
82 53.5653 -2.94794 0.0215024 5.45102 0
83 -77.1166 8.60267 0.000178848 355.548 0
84 -70.5006 8.49296 -5.44526e-05 358.595 0
85 -73.0784 8.45528 0.000524975 355.161 0
86 -0.738124 1.96513 0.012542 140.706 0
87 27.0175 -0.461163 0.0166211 69.8915 0
88 -22.8094 3.88216 0.00916674 228.384 0
89 -68.6395 8.08661 0.000657517 368.414 0
90 -67.3052 7.98246 0.000975895 351.771 0
91 -77.5699 9.06673 -0.00121789 372.737 0
92 -76.3823 8.90005 -0.00106511 358.157 0
93 -73.624 8.66091 -0.000651095 360.948 0
94 -62.3441 7.54202 0.0015548 334.938 0
95 27.4823 -2.8948 0.015218 126.064 0
