0 -55.5115 6.57853 -0.00174898 228.586 0
1 -30.6609 4.75169 0.000473301 176.54 0
2 -68.2533 7.97464 -0.00485337 251.153 0
3 -67.57 8.12954 0.00310469 254.168 0
4 -76.4459 8.40653 -0.00543053 312.542 0
5 -44.9489 5.74617 -0.00114391 182.301 0
6 -71.2961 7.76943 -0.00391958 289.704 0
7 -73.1846 8.16151 -0.00551708 271.605 0
32 -21.0426 3.61382 0.00276075 28.612 0
33 -62.3443 6.86684 -0.00282074 194.413 0
34 -51.7619 5.90055 -0.000479819 126.247 0
35 -39.1407 4.95483 -0.00023815 116.693 0
36 -45.7723 5.43973 -0.000919863 145.438 0
37 -170.273 15.965 -0.018069 507.104 0
38 -75.6836 6.83885 0.000702985 248.568 0
