0 -84.1525 9.45269 -0.00114263 351.798 0
1 -67.7241 7.91282 0.00133051 323.527 0
2 -64.1044 7.47608 0.00288625 267.489 0
3 -74.6142 8.71074 -0.000308062 324.779 0
4 -61.0735 7.32955 0.00205476 302.664 0
5 -73.0389 8.5543 0.000249659 326.512 0
6 63.755 -5.1934 0.028392 -30.5427 0
7 -77.4021 8.92034 -0.00113858 344.924 0
8 -76.3623 8.69622 -0.000356144 329.98 0
9 -71.8698 8.35796 0.000579189 318.353 0
10 -51.0337 6.17972 0.00428071 291.987 0
11 -72.0983 8.46607 -0.000752369 326.168 0
12 -66.2906 7.6533 0.00121051 306.407 0
13 -78.8962 9.00732 -0.00139513 335.806 0
14 -61.9926 7.26872 0.00224946 299.324 0
15 -72.2407 8.30791 -0.00030559 329.017 0
16 -50.2409 6.19043 0.0049338 292.743 0
17 -46.9057 5.75464 0.00504935 257.573 0
18 -49.4956 6.14527 0.00433483 274.091 0
19 -60.0116 7.22681 0.00202639 307.856 0
20 -57.4564 6.51892 0.00503248 289.5 0
21 -58.6635 7.20233 0.00218391 314.561 0
22 -63.8375 7.53967 0.00173101 290.77 0
23 -63.5968 7.59566 0.00131024 337.604 0
24 -56.3645 6.73767 0.00305967 282.318 0
25 -59.9886 7.14648 0.00246439 277.573 0
26 -63.0914 7.52236 0.00145242 315.89 0
27 -52.4555 6.27854 0.00458827 297.852 0
28 40.8243 -2.34648 0.0208947 25.0569 0
29 -56.7492 6.87313 0.00368382 297.701 0
30 -58.5268 7.00347 0.00317497 301.608 0
31 -65.9871 7.7648 0.00208047 284.925 0
32 -32.5178 4.55019 0.00810586 269.041 0
33 12.6528 -0.0439693 0.0182618 127.656 0
34 -45.5371 5.97309 0.00535001 276.875 0
35 -52.6079 6.65704 0.00373394 307.199 0
36 -26.317 3.98784 0.00916357 260.39 0
37 45.0868 -3.57547 0.0260895 53.9935 0
38 -23.4488 3.80748 0.00912949 217.451 0
39 -51.338 6.63482 0.00368063 306.209 0
40 -17.4133 3.16486 0.0106715 204.694 0
41 -35.9552 5.309 0.00606111 270.08 0
42 -58.5011 7.23955 0.00248727 326.034 0
43 -43.4436 5.89417 0.00491264 270.143 0
44 -30.3006 4.2989 0.00800272 268.55 0
45 -23.1501 3.76723 0.00872956 243.263 0
46 -33.4078 4.64308 0.00634902 278.866 0
47 -31.1102 4.58319 0.00689012 246.617 0
48 -15.637 3.17747 0.00969492 222.771 0
49 -27.2271 4.89428 0.00302751 201.968 0
50 -20.1662 3.61953 0.0092907 235.293 0
51 -19.875 3.68406 0.00949342 214.744 0
52 -43.6115 5.72468 0.00366344 317.815 0
53 -9.95196 2.58929 0.0109754 193.718 0
54 -15.4418 3.08684 0.0102463 216.015 0
55 -22.6235 3.76335 0.00840049 243.559 0
56 -30.2081 4.42187 0.00745564 261.637 0
57 -26.3753 4.0353 0.0084172 237.547 0
58 -9.68901 2.46446 0.0110662 236.205 0
59 -22.6006 3.56457 0.00951082 255.918 0
60 -14.4928 2.95931 0.0105884 215.691 0
61 -51.5066 6.57567 0.00314163 305.019 0
62 -40.7366 5.53708 0.00535127 287.92 0
63 -17.5188 3.25071 0.00961972 265.086 0
64 -35.4488 4.92034 0.0074571 188.812 0
65 -47.0685 5.89588 0.00525721 251.858 0
66 -21.8272 3.47156 0.0110082 176.604 0
67 -41.6979 5.4977 0.00604697 217.291 0
68 -49.6369 6.21695 0.00515522 270.215 0
69 -55.1482 6.73917 0.00319495 279.05 0
70 -54.3186 6.48248 0.00475412 273.278 0
71 -82.5283 9.01653 -0.000726764 357.331 0
72 -69.5527 7.7988 0.00206073 350.67 0
73 -50.3175 6.05598 0.00561976 253.463 0
74 -43.0911 5.47703 0.0060002 252.207 0
75 -24.8201 3.9547 0.0086884 184.078 0
76 -45.1798 5.70607 0.00599021 250.41 0
77 -42.1426 5.11792 0.00689459 254.823 0
78 6.48665 0.923464 0.014727 92.6302 0
79 68.3219 -5.35464 0.0277992 -42.0312 0
80 -67.3342 7.77932 0.000816799 308.258 0
81 -43.9026 5.44432 0.00597829 272.707 0
82 -55.9351 6.55776 0.00422455 308.971 0
83 -57.198 6.67416 0.00352124 310.021 0
84 7.8976 1.1602 0.0141961 106.03 0
85 -50.5188 6.58186 0.00313493 252.217 0
86 -45.9528 6.11187 0.00464861 232.85 0
87 -55.4522 7.10237 0.00206183 259.143 0
88 -49.9297 6.23297 0.00515918 270.404 0
89 -39.4308 5.40913 0.00542737 223.991 0
90 -52.1122 6.7164 0.00396218 250.872 0
91 -63.2119 7.57666 0.00140774 332.275 0
92 -67.0269 8.02331 0.000617884 298.377 0
93 -59.1377 7.3656 0.00214073 294.748 0
94 14.2455 0.631391 0.0147433 79.4391 0
