0 -26.8187 3.96611 0.0100627 210.231 0
1 -54.2675 6.60399 0.00495601 279.823 0
2 -51.1836 6.2974 0.00427536 260.578 0
3 -67.1125 7.87743 0.00175018 313.44 0
4 -50.6355 6.26888 0.00430228 290.239 0
5 -75.0742 8.82373 -0.000296348 307.88 0
6 -72.7425 8.48267 0.000202237 313.223 0
7 -52.2834 6.5072 0.00460095 276.502 0
8 -57.3663 6.86354 0.00361036 301.301 0
9 96.9041 -8.49275 0.0365905 -110.227 0
10 -51.3054 6.32501 0.00454986 280.072 0
11 -52.6894 6.50151 0.0041489 274.961 0
12 -74.8675 8.10329 0.000867847 348.583 0
13 -73.3367 8.51365 -0.000525082 321.337 0
14 -51.8592 6.36222 0.00370378 270.034 0
15 -56.1846 6.84654 0.00285388 265.547 0
16 -45.7134 5.87444 0.00532471 233.989 0
17 -78.3091 8.63204 0.00039627 381.196 0
18 -39.5896 5.33604 0.00614538 248.756 0
19 -68.3022 7.91425 0.00117942 322.509 0
20 -59.7668 7.00755 0.00354832 300.611 0
21 -58.207 7.10259 0.00264402 278.239 0
22 -65.9505 7.55427 0.00218306 312.998 0
23 -51.2582 6.37848 0.00418537 275.087 0
24 -94.8583 9.78839 -0.0013436 419.256 0
25 -53.4294 6.63114 0.00344851 284.142 0
26 -59.7088 7.19292 0.00320001 307.766 0
27 -62.4479 7.55538 0.00185926 293.874 0
28 -78.6953 8.72206 0.00040762 355.599 0
29 -69.5767 8.26919 0.000360988 301.297 0
30 -49.8331 6.21846 0.00482232 274.42 0
31 -55.7364 6.95322 0.00301531 281.399 0
32 -81.4002 9.39722 -0.00165095 311.65 0
33 -67.65 7.87748 0.00203195 314.507 0
34 -87.4377 10.0778 -0.00364487 334.04 0
35 -93.1386 10.6988 -0.00488484 354.344 0
36 -81.5086 9.36504 -0.00205124 331.882 0
37 -76.671 8.89569 -0.000304804 321.914 0
38 -59.1711 7.13896 0.00307513 250.441 0
39 -50.5077 6.37365 0.00470393 254.803 0
40 -26.9194 4.13042 0.0087704 207.074 0
41 -66.6648 7.83413 0.00162155 274.039 0
42 -58.5929 6.98581 0.00309536 233.234 0
43 -60.0142 7.33522 0.00225436 280.604 0
44 -53.5022 6.56642 0.00341753 250.764 0
45 -65.1466 7.81526 0.000647797 281.913 0
46 -39.6919 5.12484 0.00648806 218.017 0
47 -42.7996 6.02067 0.00353739 163.776 0
48 -62.8189 7.54205 0.00173818 294.867 0
49 -38.1643 5.18773 0.00630615 229.372 0
50 -63.3301 7.66639 0.00118857 303.268 0
51 -39.5603 5.30866 0.00516146 219.501 0
52 -45.4503 5.59003 0.00610418 232.204 0
53 -77.3328 8.46357 0.000831321 339.281 0
54 -62.4119 7.2154 0.00300744 291.033 0
55 -71.2341 8.4783 -0.000422697 323.164 0
56 -62.9851 7.51874 0.0011254 270.386 0
57 -45.3752 5.53366 0.00608454 214.108 0
58 -50.6577 6.26402 0.00423865 246.261 0
59 -59.7286 7.18232 0.00199029 263.162 0
60 -70.3194 7.71257 0.00182081 319.742 0
61 -55.3154 6.63952 0.00316987 257.981 0
62 -69.6333 8.19375 0.000360901 289.594 0
63 -48.1165 5.81355 0.00497456 236.571 0
64 -69.4696 8.10891 0.0003579 230.49 0
65 -73.1264 8.02814 0.0019514 265.685 0
66 -84.9884 9.72754 -0.00237267 255.535 0
67 -68.7857 7.67485 0.00286247 244.531 0
68 -178.458 17.6911 -0.0160866 574.501 0
69 -66.316 7.49962 0.0023841 227.629 0
70 -75.9219 8.71641 0.000276051 258.98 0
71 -73.022 8.40582 0.000618306 263.351 0
72 -71.9642 8.36709 -0.000185237 263.96 0
73 -64.4071 7.52987 0.001615 222.247 0
74 -66.625 7.68412 0.00200903 228.549 0
75 -76.2657 8.95582 -0.0018399 263.202 0
76 -76.8154 8.99847 -0.0020083 279.504 0
77 -69.8613 8.02288 0.000366336 254.361 0
78 -62.6796 7.34773 0.00176977 202.424 0
79 -67.0766 7.78386 0.000905918 229.668 0
80 -49.8103 6.14494 0.00418789 201.13 0
81 -61.104 7.17428 0.00178108 196.465 0
82 -73.1391 8.42809 -0.000130713 288.265 0
83 -51.0509 6.21925 0.00409683 199.286 0
84 -45.7049 5.52506 0.00624665 196.208 0
85 -65.8961 7.99969 0.000146865 246.045 0
86 -64.0013 7.7511 0.00123995 210.5 0
87 -50.2878 6.24753 0.00419243 219.364 0
88 -52.5388 6.38706 0.00427639 216.393 0
89 -59.3806 7.19792 0.00214307 212.637 0
90 -51.1346 6.32846 0.00472327 200.469 0
91 -59.0512 7.18823 0.00268306 215.895 0
92 -61.3455 7.29399 0.00249193 237.335 0
93 -50.9408 6.30504 0.00411471 175.955 0
94 -53.3768 6.59747 0.00358886 191.641 0
95 -53.3768 6.59747 0.00358886 191.641 0
