0 -155.658 13.7383 -0.0101795 652.94 0
1 -156.381 14.4809 -0.012804 645.852 0
2 -234.851 18.7151 -0.0161479 978.562 0
3 -145.217 12.3641 -0.00731377 642.701 0
4 -219.94 18.9701 -0.0194592 872.615 0
5 -147.058 13.2808 -0.010494 622.752 0
6 -178.974 15.5756 -0.0127731 733.461 0
7 -162.398 14.3055 -0.0116687 677.452 0
8 -214.494 18.3844 -0.0180886 855.941 0
9 -181.78 14.7754 -0.00982052 788.128 0
10 -86.1909 7.86251 -0.000379634 432.007 0
11 -176.391 15.3544 -0.0127914 727.102 0
12 -213.041 16.9537 -0.0137142 906.274 0
13 -221.808 18.7511 -0.0179385 888.37 0
14 -86.8452 8.13415 -0.0008493 428.255 0
15 -180.819 15.7484 -0.0130528 744.716 0
16 -208.091 17.2964 -0.0144983 857.123 0
17 -159.773 12.9549 -0.00703308 710.978 0
18 -242.745 20.1967 -0.0193108 969.707 0
19 -199.272 16.7347 -0.0141508 818.804 0
20 -194.862 16.4566 -0.0138829 806.244 0
21 -228.749 18.7522 -0.0165565 931.757 0
22 -176.455 14.3801 -0.00931799 761.388 0
23 -140.3 12.4932 -0.00830694 601.479 0
24 -73.3667 7.12963 0.00100679 378.987 0
25 -196.441 16.8255 -0.0145849 798.189 0
26 -247.558 19.3287 -0.0162071 1039.24 0
27 -127.868 11.1865 -0.00584688 571.05 0
28 -177.991 15.3437 -0.0120694 741.099 0
29 -77.808 7.51614 0.00055713 383.143 0
30 -209.426 17.2314 -0.0140882 869.248 0
31 -132.365 11.6688 -0.00619312 584.342 0
32 -154.793 14.713 -0.0142282 627.035 0
33 -146.464 13.8644 -0.0131801 607.92 0
34 -159.771 14.7781 -0.014148 658.307 0
35 -141.477 13.4898 -0.0128232 592.802 0
36 -145.986 14.0535 -0.0143896 595.204 0
37 -158.872 14.9844 -0.0150011 643.752 0
38 -138.243 13.5574 -0.0132303 572.29 0
39 -168.525 15.0283 -0.0127121 695.589 0
40 -149.397 14.3304 -0.0147427 607.296 0
41 -121.688 11.0042 -0.00612752 547.544 0
42 -154.342 14.2374 -0.0130454 637.254 0
43 -137 13.3965 -0.0128751 570.584 0
44 -170.29 15.2431 -0.0150686 702.943 0
45 -142.976 13.5186 -0.0131139 595.307 0
46 -188.839 16.5989 -0.0169243 769.465 0
47 -127.021 12.3553 -0.0107659 545.825 0
48 -156.358 14.6806 -0.0150264 637.368 0
49 -83.2018 8.54585 -0.00419587 404.987 0
50 -140.496 13.5697 -0.0139388 581.788 0
51 -140.466 13.2156 -0.0127041 591.698 0
52 -141.102 13.7018 -0.0141818 585.516 0
53 -130.176 12.8331 -0.0118569 550.553 0
54 -156.1 14.8782 -0.0154626 628.793 0
55 -141.421 13.4415 -0.0121804 590.905 0
56 -157.132 14.474 -0.0139507 647.002 0
57 -163.483 14.8938 -0.0139186 671.432 0
58 -191.384 16.9911 -0.0169666 771.483 0
59 -131.843 12.5831 -0.0113732 565.919 0
60 -71.7624 7.79493 -0.00315763 374.348 0
61 -159.607 14.9533 -0.0151074 649.307 0
62 -145.463 13.9454 -0.0138568 599.691 0
63 -132.718 12.9843 -0.0121374 558.352 0
64 -204.388 15.7257 -0.0100773 892.636 0
65 -197.981 14.9587 -0.00913453 885.859 0
66 -154.376 12.352 -0.00639199 695.695 0
67 -260.614 19.9238 -0.0168595 1102.59 0
68 -282.742 21.3359 -0.0178994 1196.1 0
69 -196.334 15.628 -0.0112147 850.135 0
70 -157.105 12.5271 -0.00641185 705.205 0
71 -181.666 13.8411 -0.0077747 821.376 0
72 -234.594 17.7498 -0.0132649 1015.34 0
73 -250.874 19.3815 -0.0158266 1061.14 0
74 -258.022 19.0903 -0.0151309 1125.8 0
75 -175.5 13.8074 -0.00818822 781.499 0
76 -186.326 14.6604 -0.00975469 818.425 0
77 -205.56 16.1954 -0.0120987 883.614 0
78 -173.168 13.2439 -0.00677866 787.776 0
79 -231.509 18.2478 -0.0152292 973.023 0
80 -121.656 9.63079 -0.00184939 590.206 0
81 -208.996 16.2379 -0.0116605 903.948 0
82 -227.564 17.851 -0.0144267 963.438 0
83 -165.799 12.7624 -0.0059228 755.897 0
84 -228.252 18.1759 -0.0153243 955.929 0
85 -227.966 17.6461 -0.0134403 974.518 0
86 -146.573 11.5779 -0.00417058 675.507 0
87 -230.562 17.447 -0.013341 1002.32 0
88 -94.5618 8.20924 -0.000153748 468.459 0
89 -169.154 13.1448 -0.0063873 763.72 0
90 -166.994 13.1363 -0.00685 748.154 0
91 -180.907 14.3259 -0.00881695 789.268 0
92 -89.6519 7.50361 0.00101862 459.384 0
93 -82.9231 6.90153 0.00238469 448.73 0
94 -244.703 19.1995 -0.0171158 1021.94 0
95 -193.679 15.6638 -0.0117379 826.999 0
