0 -52.2118 6.7053 0.00448862 321.323 0
1 -69.4527 8.41355 0.0012183 352.814 0
2 -53.3274 6.78164 0.00420971 304.92 0
3 -71.7119 8.78626 0.000873985 356.273 0
4 -48.6866 6.26858 0.00517345 325.536 0
5 -57.0304 7.2724 0.00350072 334.104 0
6 -72.4917 8.65278 0.000383109 360.914 0
7 -75.8002 9.15794 -0.000236853 371.101 0
8 -65.2948 7.56629 0.00321561 396.805 0
9 -55.8753 7.15357 0.00308872 302.492 0
10 -72.6281 8.55486 0.00015913 369.338 0
11 -69.583 8.43695 0.000558111 373.406 0
12 -73.4005 8.7132 -0.00076149 366.404 0
13 -64.6572 7.78063 0.00298622 357.229 0
14 -39.1012 5.36262 0.00711257 302.098 0
15 -79.0411 9.29823 -0.00129009 403.045 0
16 -29.5946 4.40483 0.00893688 265.212 0
17 -47.4118 6.29695 0.0048023 310.218 0
18 -49.0764 6.28854 0.00510396 305.995 0
19 -75.5253 9.1568 -0.00188309 371.802 0
20 -52.3365 6.55014 0.00463934 314.731 0
21 -53.8719 7.11488 0.00314016 338.966 0
22 -60.9979 7.62346 0.00165152 359.335 0
23 -34.1436 4.8406 0.00786221 295.64 0
24 -47.1485 6.26073 0.00502779 310.327 0
25 -48.0184 6.24555 0.00502323 332.424 0
26 -54.6156 6.85846 0.00397933 360.495 0
27 -54.2398 6.75988 0.00439809 362.766 0
28 90.2762 -6.44657 0.0296341 -70.4758 0
29 -50.2986 6.60454 0.00411778 288.597 0
30 -63.2765 7.89806 0.00109873 333.624 0
31 -53.5267 6.82922 0.00381266 335.923 0
32 -44.8663 5.82685 0.00596062 320.153 0
33 -95.1644 9.86838 -0.000767611 454.807 0
34 -91.5693 9.56375 -7.00528e-05 448.598 0
35 -74.1589 8.0908 0.00229485 423.605 0
36 -77.6151 8.48468 0.000999704 419.486 0
37 -80.838 8.59148 0.00167873 406.334 0
38 -79.9113 8.6997 0.000473888 430.357 0
39 -31.4039 4.40209 0.00938311 291.979 0
40 -58.5868 6.89482 0.00356661 347.651 0
41 -62.8432 7.11244 0.00437768 396.061 0
42 15.0619 -0.0475478 0.0177301 154.526 0
43 -45.6766 5.66894 0.00627485 297.201 0
44 -60.142 6.7893 0.00459102 370.669 0
45 -67.6657 7.63702 0.0026073 416.554 0
46 -42.4125 5.25611 0.00697712 326.949 0
47 -46.4401 5.67063 0.00504847 318.257 0
48 -24.9919 3.94905 0.00815614 275.239 0
49 -89.8671 9.33386 -0.000513897 477.522 0
50 -43.7843 5.55701 0.00615967 313.447 0
51 -15.7745 2.48802 0.0122308 250.756 0
52 19.1771 -0.408414 0.0178794 140.838 0
53 27.595 -0.883428 0.0184746 116.479 0
54 -37.8772 5.14543 0.00653005 297.679 0
55 -38.4917 4.96864 0.00715984 301.413 0
56 -57.3353 6.56806 0.00424493 374.942 0
57 -21.9497 3.47041 0.0101696 276.577 0
58 -55.7823 6.74805 0.00350853 355.567 0
59 -32.0332 4.74719 0.00717209 293.571 0
60 39.229 -2.01941 0.0204855 84.9785 0
61 -42.5044 5.65374 0.00551236 316.613 0
62 -36.6912 4.76056 0.00709942 325.259 0
63 -43.3113 5.49379 0.0052067 311.893 0
64 -79.4465 8.5488 0.000715124 328.412 0
65 68.2185 -5.5296 0.0285737 -87.3592 0
66 -67.0564 7.75267 0.00227732 276.982 0
67 -108.332 10.9278 -0.00333445 415.113 0
68 -57.9306 7.04072 0.00314141 258.149 0
69 -90.282 9.53751 -0.000840321 317.221 0
70 -58.5041 6.80221 0.00332093 274.611 0
71 -57.8932 6.95588 0.00307904 237.137 0
72 -54.5802 6.302 0.00551761 249.3 0
73 -74.305 8.59114 -7.13414e-05 288.494 0
74 -56.0735 6.7538 0.00367499 244.091 0
75 -83.4045 9.68593 -0.00319669 340.3 0
76 -67.1865 7.7729 0.0020671 280.013 0
77 -53.145 6.49568 0.00380621 253.14 0
78 -13.9973 2.63854 0.0111634 161.498 0
79 -70.5539 8.33795 -0.000941706 287.033 0
80 -54.5897 6.58521 0.00326552 262.428 0
81 -64.8569 7.65748 0.00128279 247.644 0
82 -70.5651 8.15094 0.000704658 316.107 0
83 -51.3631 5.99246 0.00505814 239.85 0
84 -66.6913 8.0263 0.00111077 274.844 0
85 -56.748 7.00247 0.00286715 264.964 0
86 -67.6915 8.18664 0.000352427 277.309 0
87 -61.6007 7.57857 0.00166913 282.033 0
88 -67.4502 7.98928 0.0010079 270.732 0
89 -57.7124 7.09498 0.00327608 234.28 0
90 -51.0619 6.44919 0.00429386 239.095 0
91 -63.4355 7.66111 0.00172061 275.745 0
92 -62.6438 7.34287 0.00227638 275.133 0
93 -69.6149 8.22944 0.000550557 281.582 0
94 -70.4636 8.19317 0.000800653 285.047 0
95 -130.407 10.9047 -0.0164616 565.301 0
