0 -80.0446 9.14535 -0.00157327 322.737 0
1 -38.5773 4.89243 0.00774052 236.424 0
2 -44.4943 5.45716 0.00599433 221.736 0
3 -35.0849 4.59027 0.00765555 190.493 0
4 -41.3544 5.18901 0.00636656 221.275 0
5 -66.6882 7.90816 0.000872646 301.944 0
6 53.3287 -3.89748 0.025834 -8.33375 0
7 26.1021 -1.2379 0.0204454 79.9649 0
8 -77.4203 8.81137 -0.000453797 318.11 0
9 -71.1358 8.33748 0.000105945 312.138 0
10 -45.3708 5.64851 0.00521384 244.886 0
11 -48.2387 5.94249 0.00456013 240.05 0
12 -58.4042 6.90876 0.00305613 283.464 0
13 -74.1313 8.54507 -0.00097959 306.412 0
14 -74.5925 8.67624 -0.00141456 311.429 0
15 -50.5331 6.28018 0.00399154 258.839 0
16 -67.7582 7.89676 0.000788658 304.698 0
17 -19.9268 3.14599 0.00993563 180.133 0
18 -39.1647 5.13699 0.00656926 249.271 0
19 -36.8926 4.90261 0.00676535 228.052 0
20 -59.9223 7.10254 0.00246111 278.149 0
21 -55.1149 6.78718 0.00321264 262.243 0
22 -58.5524 7.14302 0.00214917 267.478 0
23 -67.9687 8.01343 0.000458035 328.478 0
24 -64.7361 7.66591 0.00106592 307.817 0
25 -69.9762 8.33159 -0.000315264 279.447 0
26 -50.7404 6.28921 0.00429022 277.139 0
27 -66.5844 7.84624 0.00148483 308.651 0
28 -65.5894 7.73814 0.00133756 296.7 0
29 -1.00465 1.57419 0.013609 136.678 0
30 -75.6804 8.84877 -0.000745348 319.466 0
31 -21.5151 3.47843 0.0108202 201.793 0
32 -47.8237 6.13001 0.00522958 203.726 0
33 -51.2487 6.46101 0.00512988 220.883 0
34 -61.9109 7.54352 0.00269938 226.523 0
35 -34.4061 4.98167 0.00752157 153.635 0
36 -57.5652 7.11079 0.00373958 219.642 0
37 -38.5516 5.15197 0.00753466 156.69 0
38 -49.3442 6.37395 0.00482003 196.622 0
39 -40.8661 5.59579 0.00688506 170.734 0
40 -16.0521 2.88866 0.0124538 132.812 0
41 -44.9617 5.96348 0.00549517 194.677 0
42 -36.4566 5.05041 0.00743551 164.728 0
43 -44.568 6.01572 0.00542118 186.292 0
44 -64.8906 7.63348 0.00203406 266.67 0
45 -31.4308 4.4501 0.00853166 162.485 0
46 -45.858 5.96662 0.00525462 173.096 0
47 -32.9176 4.55998 0.00851957 183.587 0
48 -56.4031 7.10542 0.00268456 225.901 0
49 -55.2759 6.85414 0.00328925 230.932 0
50 -44.7028 5.81407 0.00580944 208.575 0
51 -51.8844 6.5064 0.0040743 230.326 0
52 -62.9938 7.57894 0.00180923 214.348 0
53 -52.1702 6.69486 0.00390708 208.519 0
54 -61.8862 7.54402 0.00220522 241.063 0
55 -65.5497 7.87672 0.00139243 236.966 0
56 -35.6488 4.92273 0.00762752 194.875 0
57 -46.0108 6.13926 0.00530742 172.753 0
58 -28.7768 4.30276 0.00933418 146.811 0
59 -47.7692 6.21825 0.00533003 206.293 0
60 -39.8652 5.4503 0.00657654 178.706 0
61 -37.6979 5.20936 0.00709772 170.724 0
62 -31.6074 4.67327 0.00824309 155.969 0
63 -51.1611 6.51753 0.00423675 235.394 0
64 -32.2128 4.14293 0.00843451 197.269 0
65 -19.4023 3.04803 0.00893929 174.228 0
66 -20.9528 3.22766 0.00998002 213.601 0
67 -9.40414 2.1866 0.0116654 133.548 0
68 -6.25465 1.80831 0.0128941 168.499 0
69 -17.6419 2.94087 0.00932332 158.646 0
70 -25.4996 3.68204 0.00835882 202.697 0
71 -18.5782 3.1364 0.00896343 174.95 0
72 -9.08752 1.98372 0.0121287 167.593 0
73 -12.003 2.36279 0.0110651 160.333 0
74 -26.0985 3.84116 0.00722861 187.329 0
75 -2.04928 1.38728 0.0137914 159.503 0
76 -3.65042 1.59656 0.0128493 136.654 0
77 -19.2646 2.89599 0.0102999 208.305 0
78 -4.63718 1.6306 0.0126595 154.578 0
79 -20.8758 3.05465 0.00983505 189.092 0
80 85.2087 -7.19383 0.030783 -91.0979 0
81 -20.5983 3.30468 0.00863334 180.283 0
82 -19.5425 2.96431 0.00996391 170.674 0
83 -18.44 2.8896 0.0105514 201.233 0
84 -26.6399 3.77943 0.0088082 217.975 0
85 -25.7515 3.76653 0.00864057 223.493 0
86 -17.5148 3.16794 0.00947568 178.7 0
87 -17.9944 3.15344 0.00950695 187.802 0
88 -25.994 3.67705 0.00860398 222.199 0
89 -2.71048 1.64261 0.0127959 134.916 0
90 -7.47754 2.11215 0.0117751 136.821 0
91 -1.8352 1.38682 0.0140037 157.401 0
92 2.19422 1.07652 0.0140195 134.071 0
93 -7.21163 2.04492 0.0121251 172.584 0
94 -18.1612 3.01977 0.0101732 199.71 0
95 403.312 -37.4128 0.0946897 -965.028 0
