0 -54.4523 6.53612 0.00524597 221.898 0
1 -40.4187 5.19774 0.00883435 181.927 0
2 -78.6302 9.15706 -0.000995735 291.881 0
3 -65.7862 7.59913 0.00366621 288.404 0
4 -76.0502 8.43136 0.0010343 315.121 0
5 141.154 -11.5366 0.0395919 -299.446 0
6 -51.6984 6.31054 0.00528009 216.029 0
7 -63.6423 7.49166 0.00213661 259.611 0
8 -46.3118 5.77255 0.00626815 252.949 0
9 -56.8734 7.02983 0.00278449 264.643 0
10 -103.642 10.5937 -0.00279429 412.053 0
11 -66.6795 7.47637 0.00321588 281.463 0
12 -118.285 11.7868 -0.00477514 447.311 0
13 -85.096 9.17655 0.000236939 333.972 0
14 -55.2097 6.58093 0.00449696 250.703 0
15 -75.9238 8.12483 0.00238275 324.918 0
16 -71.2515 8.02112 0.00172384 307.566 0
17 -73.7214 8.30354 0.00114711 282.796 0
18 -86.7199 9.18556 0.000231974 354.781 0
19 -58.0772 6.85353 0.00413562 239.361 0
20 -60.2609 6.98273 0.00372648 267.909 0
21 -78.3107 8.65376 0.00065101 332.737 0
22 -63.2697 7.26682 0.00307412 257.968 0
23 -50.7216 6.31895 0.00473979 228.983 0
24 -79.1267 8.60159 0.00121912 321.828 0
25 -52.5177 6.44335 0.00494465 255.425 0
26 -56.4021 6.90711 0.00377681 251.426 0
27 -78.1564 8.62417 0.000736036 344.191 0
28 -87.9174 9.32433 -0.000468451 356.22 0
29 -54.5188 6.56235 0.00461299 235.702 0
30 -73.0431 8.29339 0.00097582 286.902 0
31 -72.8363 8.00663 0.00239508 314.85 0
32 -77.9458 9.01378 -0.000486949 335.996 0
33 -53.0622 6.42679 0.00506848 294.822 0
34 -83.9327 9.5858 -0.00113149 362.304 0
35 -57.7078 7.08536 0.0028274 303.98 0
36 -44.835 5.59453 0.00658876 279.811 0
37 -85.3216 9.69031 -0.00221515 357.453 0
38 -70.0307 8.17824 0.000914712 342.721 0
39 -60.0335 7.4287 0.00281488 323.958 0
40 -21.2778 3.27113 0.0112018 219.176 0
41 52.3472 -3.56332 0.023838 -18.4901 0
42 -39.3787 5.1784 0.0064202 281.597 0
43 -53.8418 6.69454 0.00407731 290.347 0
44 -45.4086 5.71816 0.00494905 290.09 0
45 -80.6876 9.19763 -0.00145398 349.053 0
46 -75.7891 8.87193 -0.0016082 344.755 0
47 -52.6044 6.33876 0.00435113 280.414 0
48 -47.6663 6.0955 0.00482407 269.046 0
49 -57.8627 6.99258 0.00304622 323.713 0
50 -64.0906 7.68454 0.00150822 326.71 0
51 -60.9377 7.20412 0.00255493 284.318 0
52 -54.0742 6.43218 0.00452726 309.101 0
53 -64.1848 7.72428 0.00181641 305.879 0
54 -79.2391 8.66727 -0.00037807 397.912 0
55 -58.8646 6.67852 0.00420784 366.107 0
56 -63.5824 7.26948 0.00301248 325.714 0
57 -45.6115 5.95227 0.0049691 293.409 0
58 -45.9307 5.69473 0.00587075 285.55 0
59 -33.7884 4.51142 0.0085139 248.141 0
60 -49.7337 6.09337 0.00554107 296.185 0
61 -53.3176 6.34995 0.00454412 324.403 0
62 -44.5398 5.61467 0.00611946 259.481 0
63 -54.3738 6.52056 0.00444276 283.971 0
64 -48.8275 5.95829 0.00575582 289.813 0
65 -36.3638 4.88994 0.00758339 261.408 0
66 -26.6017 4.3132 0.00865879 226.089 0
67 -52.9351 6.60007 0.00438157 291.878 0
68 37.9899 -2.18102 0.0216823 41.7223 0
69 -24.9731 3.27339 0.0112061 239.202 0
70 -45.3931 5.6347 0.00606689 269.129 0
71 211.107 -18.0544 0.051956 -437.051 0
72 -57.0708 6.7447 0.00413239 324.967 0
73 -55.311 6.546 0.00422739 324.662 0
74 -59.2397 6.83325 0.00367036 305.38 0
75 -44.134 5.9693 0.00405377 280.065 0
76 -57.2258 6.96879 0.00260451 332.852 0
77 -63.0765 7.19668 0.00281241 335.613 0
78 63.2992 -4.28638 0.0253625 -23.0833 0
79 -30.1505 4.34576 0.00807087 242.966 0
80 -38.8136 5.0929 0.0070771 257.742 0
81 -51.5352 6.11178 0.00485686 276.517 0
82 -64.4303 7.42699 0.00276909 343.92 0
83 -44.2729 5.60371 0.00580475 307.168 0
84 -43.3861 5.54703 0.00565028 305.396 0
85 -32.8799 4.83591 0.00694508 248.978 0
86 -29.9448 4.48503 0.00809725 225.745 0
87 -42.0668 5.93558 0.00490795 272.077 0
88 -57.0897 7.10909 0.00233661 332.045 0
89 67.1538 -4.59153 0.0248879 -42.1563 0
90 14.2108 0.479339 0.0151934 105.405 0
91 -35.468 4.98147 0.00679049 268.075 0
92 -52.2528 6.45892 0.00370828 316.952 0
93 -52.3449 6.65789 0.00327935 303.168 0
94 -25.7381 4.16188 0.0079909 211.285 0
95 -25.7381 4.16188 0.0079909 211.285 0
