0 422.763 -125.856 5.47801 1.55059 -0.12704
1 409.981 -124.943 5.83697 1.58291 -0.135795
2 319.943 -73.1786 0.836094 0.910655 -0.0536113
3 381.127 -97.0324 1.71538 1.33786 -0.0874431
4 270.227 -75.969 3.30826 0.929181 -0.0760144
5 107.336 -19.4604 2.31958 -0.365387 0.0315295
6 268.269 -71.8721 1.99633 1.05929 -0.0773184
7 268.726 -71.478 2.05502 1.05727 -0.0811814
8 250.409 -70.8377 2.37336 1.08581 -0.0869069
9 279.086 -72.1835 1.66546 1.01772 -0.0700323
10 267.809 -71.0057 2.02481 1.0426 -0.0803664
11 232.932 -57.7374 1.68404 0.696749 -0.0470392
12 211.994 -56.3629 2.25366 0.7472 -0.0612332
13 215.19 -56.6698 2.1637 0.74034 -0.0592542
14 234.161 -57.8939 1.78601 0.712061 -0.0521822
15 199.864 -56.323 2.69599 0.814109 -0.0743023
16 223.208 -57.8936 2.0444 0.752777 -0.0582667
17 52.1072 -4.41782 0.825322 -0.131203 0.00922161
18 97.126 -12.5573 0.191087 -0.0477539 0.0131078
19 215.966 -51.4623 -0.596951 1.2099 -0.0840887
20 267.488 -55.8505 -1.88687 1.11689 -0.0540754
21 287.551 -55.7158 -2.17607 1.06905 -0.0521143
22 17.4509 6.66937 1.25409 -0.547721 0.0401864
23 40.5384 4.97841 0.639003 -0.596032 0.0552385
24 54.0017 3.87102 0.246053 -0.627362 0.0665054
25 44.0271 4.85183 0.55987 -0.602845 0.0580289
26 51.3438 4.06179 0.372624 -0.613889 0.0614745
27 187.101 -44.9134 1.67574 0.477867 -0.0340734
28 118.79 -27.4087 2.34237 0.0528988 -0.00820517
29 137.129 -28.6911 1.84128 0.00612569 0.00349813
30 127.235 -27.9129 2.05914 0.0184209 -0.00134122
31 280.626 -74.0592 2.31041 0.946326 -0.0672127
32 276.711 -73.933 2.38266 0.952954 -0.0691356
33 280.113 -73.7012 2.37306 0.944788 -0.0713245
34 271.418 -73.732 2.54321 0.975037 -0.0744856
35 228.19 -57.4069 2.15435 0.603668 -0.0429613
36 229.871 -57.2666 2.15479 0.600022 -0.0441613
37 213.212 -56.5224 2.51949 0.636418 -0.0514792
38 547.308 -155.055 3.07273 2.55474 -0.187983
39 357.134 -146.73 8.74909 3.2849 -0.349947
40 513.875 -156.068 4.10775 2.78613 -0.225221
41 507.108 -156.428 4.13375 2.79799 -0.222831
42 518.554 -155.64 4.11397 2.77564 -0.228751
43 121.938 -29.2935 3.91592 -0.358828 0.0204002
44 338.894 -94.988 3.74347 1.15984 -0.0919559
45 342.264 -94.7822 3.73471 1.15356 -0.0934857
46 324.088 -94.3025 4.15921 1.20911 -0.103311
47 -76.2667 18.5876 10.1609 -2.72706 0.173569
48 -76.3815 18.5719 10.1588 -2.72735 0.173529
49 -47.7449 16.6911 9.45019 -2.78192 0.18949
50 143.554 -78.6456 17.7795 -1.62154 0.0530439
51 150.393 -78.0443 17.7934 -1.63279 0.0491077
52 151.938 -77.9138 17.7975 -1.63441 0.0485598
53 188.531 -79.7728 16.8601 -1.72987 0.0737491
54 209.883 -80.9122 16.391 -1.77599 0.0810082
55 465.443 -160.141 16.5758 -0.00619802 -0.0501542
56 239.17 -89.4536 16.3103 -1.61509 0.0735744
57 498.505 -172.671 16.752 0.320469 -0.0768612
58 346.804 -124.353 16.2714 -0.709266 0.00283948
59 348.843 -124.242 16.2533 -0.718034 0.000505261
60 326.406 -122.687 16.8026 -0.674222 -0.0107638
61 323.303 -122.573 16.8667 -0.666604 -0.0114083
62 310.466 -121.793 17.2305 -0.629999 -0.0210429
63 309.47 -115.533 16.8222 -0.988587 0.0202377
64 293.56 -113.932 17.2962 -0.955767 0.00887284
65 290.568 -113.687 17.4069 -0.940758 0.00752679
66 286.641 -113.651 17.4752 -0.933069 0.00562605
67 348.474 -128.047 16.5319 -0.574863 -0.0103814
68 260.615 -101.446 17.1549 -1.33871 0.0449523
69 265.803 -101.676 17.0236 -1.3538 0.0475538
70 258.342 -101.476 17.1819 -1.3342 0.0446983
71 248.943 -100.085 17.5977 -1.30158 0.0335547
72 247.689 -100.493 17.5358 -1.30325 0.0356348
73 434.282 -154.418 16.2403 0.155257 -0.0660534
74 310.718 -115.904 16.817 -0.885541 0.0100226
75 318.155 -116.691 16.5609 -0.906547 0.0166913
76 218.735 -88.6836 17.2956 -1.67994 0.0707483
77 221.165 -92.8326 17.6644 -1.49516 0.0487361
78 383.443 -138.563 16.2352 -0.254998 -0.0342987
79 353 -129.217 16.4357 -0.510606 -0.0171484
80 355.113 -129.591 16.345 -0.51566 -0.0142767
81 354.45 -129.469 16.3832 -0.511114 -0.0146067
82 353.335 -129.214 16.4253 -0.511259 -0.0159252
83 323.388 -125.962 17.4009 -0.444792 -0.0394143
84 343.344 -127.675 16.8 -0.493824 -0.0237096
85 354.834 -128.832 16.3904 -0.532419 -0.0145228
86 255.4 -102.32 17.6532 -1.32615 0.0382059
87 473.414 -200.69 32.877 -2.26641 0.0570084
88 619.064 -246.642 32.7876 -1.05236 -0.038008
89 604.362 -246.046 33.1243 -1.01857 -0.0466896
90 419.599 -188.423 33.9619 -2.59133 0.0706395
91 404.694 -184.111 33.9951 -2.72912 0.0824631
92 489.794 -208.928 33.7044 -2.15608 0.0415393
93 476.524 -207.753 34.0022 -2.14212 0.036242
94 410.543 -183.855 34.0381 -2.76776 0.0845105
