0 663.954 -296.133 49.169 -3.28617 0.0688509
1 663.353 -296.23 49.154 -3.28832 0.0685759
2 663.764 -296.166 49.1641 -3.28674 0.0688249
3 663.914 -296.113 49.1777 -3.2837 0.0694482
4 662.841 -296.277 49.154 -3.28682 0.0690943
5 639.044 -294.958 49.8894 -3.20105 0.0498245
6 636.023 -295.284 49.8636 -3.20084 0.0505512
7 639.215 -294.885 49.8955 -3.20407 0.0479687
8 639.61 -294.816 49.9073 -3.20211 0.0482892
9 637.756 -295.004 49.9038 -3.19662 0.0504471
10 636.689 -295.172 49.8775 -3.20074 0.0498002
11 641.37 -294.741 49.8862 -3.20985 0.0466402
12 643.739 -295.424 49.7715 -3.2073 0.0522659
13 639.596 -295.405 49.8612 -3.19289 0.0495048
14 641.686 -295.217 49.859 -3.19977 0.0471873
15 638.914 -295.434 49.8695 -3.18984 0.0501723
16 642.056 -295.141 49.8734 -3.19727 0.0475886
17 643.746 -294.953 49.8814 -3.2014 0.0456682
18 672.739 -297.975 49.0484 -3.24852 0.0677196
19 661.251 -297.204 49.3514 -3.22251 0.0605213
20 644.006 -296.117 49.8709 -3.16859 0.0468847
21 642.5 -296.316 49.8515 -3.16834 0.0477716
22 642.532 -296.261 49.8707 -3.16325 0.048956
23 688.32 -299.756 48.7582 -3.25267 0.0727228
24 683.153 -300.184 48.7714 -3.23519 0.078189
25 682.007 -300.302 48.7673 -3.23281 0.0791487
26 685.519 -300.146 48.7339 -3.24628 0.075893
27 640.996 -295.264 49.9269 -3.18164 0.0445768
28 639.587 -295.44 49.9128 -3.18035 0.0456379
29 636.535 -295.757 49.9079 -3.16963 0.0501094
30 644.068 -295.167 49.8917 -3.19058 0.0438963
31 642.181 -295.255 49.9061 -3.18457 0.0453441
32 639.653 -295.453 49.9061 -3.17991 0.0467442
33 631.882 -295.933 49.9174 -3.16856 0.0495191
35 632.194 -295.884 49.9251 -3.16735 0.0497085
36 632.194 -295.884 49.9251 -3.16735 0.0497085
37 631.284 -296.026 49.9026 -3.17087 0.0491568
39 631.284 -296.026 49.9026 -3.17087 0.0491568
40 640.019 -295.079 49.9543 -3.18279 0.0434948
41 638.507 -295.191 49.9618 -3.17705 0.0451671
43 637.963 -295.276 49.9484 -3.17915 0.0448373
45 638.254 -295.222 49.9584 -3.1773 0.0451815
46 630.093 -295.985 49.9258 -3.16816 0.0488661
47 640.154 -294.985 49.9673 -3.18256 0.0430896
48 643.105 -294.752 49.9652 -3.18901 0.0411582
49 641.46 -294.88 49.9664 -3.18559 0.0421718
50 638.374 -295.003 49.9853 -3.17872 0.0436193
51 638.157 -295.067 49.9707 -3.18168 0.0430613
52 638.858 -294.957 49.988 -3.17897 0.0434862
53 638.125 -295.072 49.97 -3.1818 0.0430423
54 638.149 -295.068 49.9705 -3.18171 0.0430565
55 636.25 -295.17 49.9846 -3.17512 0.0446906
56 640.364 -294.837 49.9816 -3.18471 0.0417708
57 672.423 -299.559 49.1752 -3.18961 0.0616159
58 676.865 -299.228 49.1678 -3.19986 0.0586746
59 676.787 -299.257 49.1601 -3.20162 0.0583002
60 668.772 -299.899 49.1588 -3.18643 0.0629576
61 672.894 -299.398 49.1965 -3.19071 0.0599302
62 673.004 -299.381 49.1992 -3.19029 0.0599968
63 672.126 -299.519 49.1775 -3.19368 0.059464
64 679.083 -299.765 49.1001 -3.19196 0.0635042
65 680.192 -299.795 49.0622 -3.20316 0.0609513
66 677.382 -300.113 49.0464 -3.19697 0.0639827
67 678.886 -299.98 49.0506 -3.19885 0.0633174
68 677.69 -300.103 49.0451 -3.19708 0.064057
69 677.937 -300.087 49.043 -3.19824 0.0637363
70 673.87 -300.36 49.0645 -3.18434 0.0675396
71 679.466 -299.87 49.0616 -3.19971 0.0625501
72 677.247 -300.08 49.0623 -3.19215 0.0652638
73 677.216 -300.111 49.0514 -3.19519 0.0645061
74 676.377 -300.19 49.0465 -3.19498 0.0646589
75 680.667 -299.777 49.0627 -3.20081 0.0623998
76 680.479 -299.806 49.058 -3.20154 0.0622857
77 683.793 -299.545 49.0593 -3.20719 0.0605637
78 677.919 -300.21 49.0237 -3.19608 0.0660691
79 678.874 -300.084 49.0378 -3.19508 0.0660019
80 642.892 -296.747 49.9093 -3.15728 0.0486665
81 641.2 -295.994 49.9765 -3.16887 0.0429463
82 641.789 -295.885 49.9967 -3.16512 0.0436427
83 639.96 -296.046 49.9957 -3.16099 0.0449966
84 638.915 -296.005 50.0315 -3.15125 0.0470906
85 637.08 -296.293 49.9863 -3.15834 0.0459775
86 652.506 -296.832 49.6103 -3.20341 0.0552591
87 656.54 -296.413 49.6278 -3.21045 0.0523288
88 652.957 -296.779 49.6154 -3.20308 0.0552658
89 652.244 -296.875 49.6027 -3.20472 0.0550573
90 653.802 -296.701 49.6137 -3.20634 0.0541668
91 652.976 -296.74 49.6223 -3.20278 0.0550471
92 654.986 -296.611 49.6125 -3.20886 0.05343
93 659.38 -296.332 49.594 -3.22084 0.0502668
94 658.592 -296.347 49.6074 -3.21654 0.0512459
