0 127.599 -35.5382 5.315 -0.426978 0.0172962
1 78.7449 -31.9511 6.17818 -0.381954 0.00317751
2 80.4004 -31.8053 6.18109 -0.384946 0.00212303
3 82.3036 -31.6391 6.18502 -0.38793 0.00109071
4 1224.07 -619.43 118.455 -9.86206 0.302743
5 1133.98 -585.918 117.202 -10.4695 0.354492
6 1165.51 -588.051 116.596 -10.5125 0.364467
7 1165.47 -588.051 116.596 -10.5122 0.364516
8 1154.64 -588.549 116.647 -10.4911 0.369101
9 1160.83 -588.133 116.632 -10.5043 0.365629
10 1182.03 -586.928 116.594 -10.5336 0.358774
11 1182.03 -586.928 116.594 -10.5336 0.358774
12 1164.49 -588.202 116.588 -10.5108 0.365084
13 1159.44 -588.578 116.594 -10.4998 0.368249
14 1129.98 -586.802 117.351 -10.4306 0.349806
15 1120.46 -586.184 117.605 -10.4061 0.343858
16 1120.07 -586.245 117.595 -10.4077 0.343622
17 1113.64 -585.19 117.77 -10.4012 0.340295
18 1110.11 -585.543 117.75 -10.398 0.341911
19 1110.34 -585.508 117.756 -10.3971 0.342046
20 1113.42 -585.289 117.75 -10.4039 0.340179
21 1164.6 -588.53 116.53 -10.5118 0.368292
22 1167.91 -588.296 116.523 -10.519 0.366334
23 1165.39 -588.506 116.524 -10.5132 0.368262
24 1628.13 -755.19 123.991 -7.8274 0.128479
25 1660.32 -757.436 123.146 -7.9028 0.148231
26 1655.53 -757.753 123.159 -7.89191 0.15116
27 1592.34 -751.5 124.794 -7.79523 0.109788
28 498.746 -386.779 112.71 -13.8246 0.610472
29 490.097 -387.49 112.692 -13.8144 0.613754
30 495.879 -387.163 112.674 -13.8252 0.611228
31 489.79 -387.637 112.672 -13.815 0.614238
32 554.678 -392.095 111.246 -13.9082 0.644655
33 554.056 -392.006 111.269 -13.9089 0.642484
34 761.268 -459.959 111.747 -12.2614 0.509666
35 763.353 -460.274 111.707 -12.2586 0.511801
36 767.168 -460.23 111.636 -12.2741 0.511648
37 782.06 -461.59 111.161 -12.3128 0.525767
38 771.746 -461.088 111.453 -12.2799 0.517205
39 767.988 -460.755 111.588 -12.2658 0.513795
40 767.507 -460.831 111.576 -12.2677 0.513503
41 767.454 -460.839 111.575 -12.2679 0.513471
42 764.309 -460.457 111.698 -12.257 0.510354
43 771.494 -460.956 111.512 -12.2716 0.51575
44 771.711 -461 111.494 -12.2758 0.514909
45 767.71 -460.963 111.583 -12.2607 0.513553
46 728.371 -456.45 112.54 -12.2302 0.493806
47 744.453 -457.371 112.082 -12.2785 0.505325
48 753.065 -457.731 111.834 -12.3119 0.511377
49 811.024 -477.958 111.51 -11.6231 0.455578
50 810.814 -478.015 111.498 -11.6254 0.455192
51 808.715 -478.216 111.488 -11.6231 0.456181
52 819.002 -478.476 111.309 -11.6386 0.461333
53 817.986 -478.621 111.291 -11.6405 0.461237
54 844.131 -481.027 110.709 -11.6701 0.473656
55 794.283 -476.695 112.037 -11.5762 0.443092
56 950.048 -521.259 112.055 -10.7646 0.391639
57 941.64 -520.744 112.297 -10.7423 0.384094
58 941.383 -520.788 112.29 -10.7435 0.383894
59 943.777 -520.557 112.3 -10.7462 0.382804
60 940.192 -520.878 112.289 -10.7419 0.384372
61 964.233 -522.552 111.701 -10.7876 0.398099
62 947.169 -520.844 112.144 -10.7628 0.387148
63 946.129 -520.694 112.191 -10.7566 0.387236
64 1022.63 -526.81 109.824 -10.9787 0.454213
65 1041.13 -525.28 109.834 -11.0145 0.442714
66 1035.25 -525.712 109.839 -11.0035 0.445785
67 1172.24 -582.709 111.152 -9.39111 0.297801
68 1171.81 -582.767 111.144 -9.3922 0.297653
69 1102.26 -581.959 112.667 -9.21633 0.271863
70 1438.87 -667.754 113.263 -7.96882 0.189194
71 1443.75 -667.331 113.272 -7.97684 0.18645
72 1442.97 -667.437 113.258 -7.9788 0.186184
73 1443.15 -667.366 113.276 -7.97487 0.186973
74 1443.29 -667.344 113.279 -7.97433 0.187058
75 1430.18 -668.582 113.251 -7.94794 0.196458
76 1430.13 -668.59 113.25 -7.94814 0.196427
77 1385.27 -664.272 114.655 -7.84453 0.156256
78 1387.11 -664.481 114.591 -7.84856 0.158637
79 1488.18 -669.999 112.324 -8.05849 0.205387
80 1475.97 -671.492 112.222 -8.04185 0.214434
81 1520.58 -673.313 111.722 -8.0659 0.214664
82 1519.93 -673.349 111.727 -8.06333 0.215336
83 1388.8 -670.628 115.069 -7.55898 0.123521
84 1390.68 -670.488 115.067 -7.56254 0.122514
85 1391.41 -670.407 115.073 -7.56309 0.122178
86 1383.7 -671.095 115.052 -7.55206 0.126135
87 1386.76 -670.413 115.107 -7.55798 0.122794
88 1387.18 -670.356 115.115 -7.55692 0.122938
89 1386.56 -670.454 115.1 -7.55933 0.122561
90 1386.56 -670.454 115.1 -7.55933 0.122561
91 1454.44 -675.871 113.413 -7.68868 0.164827
92 1460.42 -675.694 113.379 -7.69794 0.16322
93 728.592 -463.422 116.76 -13.0478 0.544186
94 787.887 -468.296 115.276 -13.1661 0.578519
