0 133.693 -40.1517 5.90383 -0.379875 0.0107763
1 308.424 -94.5202 5.45925 1.04616 -0.0970022
2 69.7147 -11.9244 2.42763 -0.346938 0.021531
3 59.7209 -11.9145 2.55164 -0.331405 0.0198273
4 94.5237 -13.287 1.56917 -0.45933 0.0491139
5 92.988 -12.8794 1.67304 -0.452754 0.0456589
6 143.586 -16.7344 0.563342 -0.532221 0.0680145
7 66.4755 -11.3713 2.4837 -0.373524 0.0231814
8 67.7584 -11.2822 2.47549 -0.378838 0.0216693
9 107.22 -15.8568 1.51938 -0.410936 0.0459462
10 106.707 -15.9373 1.50676 -0.412916 0.0456355
11 115.417 -15.2386 1.51025 -0.428535 0.0408463
12 112.878 -15.4947 1.49339 -0.427487 0.0415708
13 126.824 -17.6919 0.994285 -0.448967 0.0575657
14 89.6349 -13.5613 1.97828 -0.400399 0.0336622
15 89.7297 -13.5443 1.98128 -0.399883 0.0337494
16 93.9331 -13.3349 1.95784 -0.410172 0.0314147
17 99.1952 -14.5754 1.69293 -0.418418 0.0417349
18 67.141 -10.6014 2.38809 -0.398828 0.0258742
19 67.8777 -10.5451 2.38963 -0.399435 0.0256857
20 69.003 -11.0789 2.32299 -0.399723 0.0272875
21 69.1955 -11.0394 2.33092 -0.398174 0.0275822
22 68.7495 -11.1001 2.32267 -0.399296 0.0274296
23 66.3256 -11.2234 2.3333 -0.394323 0.0285488
24 67.9214 -11.0584 2.34237 -0.39592 0.0277951
25 78.4184 -10.3252 2.33122 -0.414875 0.0224957
26 51.5553 -10.3284 2.85402 -0.326196 0.0135935
27 50.7477 -10.4551 2.83413 -0.329317 0.0131038
28 69.3727 -11.7131 2.43619 -0.356438 0.0213107
29 70.2701 -11.5911 2.45278 -0.354181 0.0216177
30 64.2451 -12.2191 2.40968 -0.351405 0.0236627
31 70.7068 -11.5268 2.44814 -0.359183 0.019943
32 59.2142 -11.2026 2.69643 -0.327811 0.0171828
33 83.0117 -12.7929 2.02903 -0.387993 0.0332066
34 53.5726 -10.604 2.89961 -0.311423 0.0112018
35 78.7304 -12.6342 2.2737 -0.361379 0.025662
36 65.2041 -11.2249 2.60442 -0.344543 0.0188027
37 70.3211 -10.6994 2.6317 -0.350258 0.0162278
38 252.667 -72.9376 4.87285 0.560254 -0.054614
39 251.781 -72.9904 4.87976 0.563832 -0.0536671
40 253.241 -72.8217 4.89339 0.563517 -0.0541467
41 248.64 -73.3081 4.87491 0.573448 -0.0499661
42 232.367 -71.8805 5.43144 0.618985 -0.0697172
43 241.369 -72.7697 5.09515 0.591716 -0.0595133
44 267.857 -75.8337 4.56319 0.573176 -0.0489509
45 260.781 -74.2464 4.78669 0.57447 -0.0552283
46 258.253 -74.4737 4.78964 0.582947 -0.0523645
47 260.395 -74.2418 4.80308 0.580499 -0.0535786
48 257.495 -74.5614 4.78577 0.58494 -0.0514506
49 256.888 -74.6634 4.76902 0.582269 -0.0518633
50 260.101 -74.3194 4.78228 0.574975 -0.0550037
51 265.821 -74.4756 4.68305 0.569073 -0.0504686
52 266.573 -74.4825 4.65916 0.561462 -0.0522772
53 265.789 -74.5676 4.66589 0.566298 -0.0509736
54 265.38 -74.6436 4.6518 0.563685 -0.0514581
55 262.766 -74.8892 4.65465 0.573664 -0.0478489
56 240.556 -72.9816 5.30471 0.619067 -0.066393
57 244.85 -72.5725 5.31628 0.611334 -0.0692128
58 243.39 -72.7136 5.31556 0.615968 -0.0675126
59 239.141 -73.1248 5.29316 0.618991 -0.0660695
60 270.412 -73.8763 4.59735 0.535021 -0.0465084
61 260.81 -75.0629 4.50401 0.544345 -0.0392926
62 227.076 -71.288 5.7726 0.649234 -0.0806357
63 265.147 -74.7143 4.64762 0.57122 -0.0511817
64 270.709 -74.6571 4.58503 0.555662 -0.0540015
65 270.709 -74.6571 4.58503 0.555662 -0.0540015
66 271.202 -74.6174 4.58483 0.554557 -0.0543484
67 270.951 -74.6568 4.57865 0.553587 -0.0545007
68 271.412 -74.5942 4.58717 0.554746 -0.054343
69 253.197 -74.9424 4.68607 0.576919 -0.0509828
71 252.395 -75.0515 4.67123 0.574901 -0.0512573
72 253.317 -74.9068 4.69394 0.578465 -0.050698
73 253.317 -74.9068 4.69394 0.578465 -0.050698
74 253.317 -74.9068 4.69394 0.578465 -0.050698
75 251.86 -75.105 4.66699 0.5748 -0.0511965
76 253.078 -74.914 4.69697 0.579504 -0.0504583
77 209.862 -71.3984 6.13738 0.708341 -0.0907661
78 201.693 -72.123 6.1136 0.718559 -0.0870988
79 205.836 -71.8407 6.11016 0.712191 -0.0887617
80 194.039 -72.9277 6.08497 0.734092 -0.0811998
81 200.276 -72.6374 6.06543 0.725973 -0.0827464
82 204.649 -72.3048 6.06433 0.718174 -0.0849959
83 204.484 -72.3307 6.06027 0.717537 -0.0850959
84 204.003 -72.4062 6.04842 0.715678 -0.0853877
85 285.695 -76.5938 3.92159 0.509821 -0.0334952
86 285.81 -76.5757 3.92442 0.510266 -0.0334255
87 291.106 -76.1836 3.91784 0.499153 -0.0365787
89 291.404 -76.1369 3.92518 0.500305 -0.036398
90 291.404 -76.1369 3.92518 0.500305 -0.036398
91 295.205 -75.9424 3.90873 0.492542 -0.0381483
92 295.337 -75.9217 3.91198 0.493052 -0.0380682
93 139.135 -41.0172 5.39481 -0.259279 0.00443113
94 133.055 -39.9389 5.59855 -0.256314 -0.00237293
