0 132.041 -39.9584 5.63 -0.243356 0.0014311
1 139.319 -40.0044 5.50807 -0.259683 0.00320428
2 139.77 -39.9535 5.51264 -0.259511 0.0031489
3 138.866 -40.1072 5.48699 -0.263732 0.00246175
4 138.413 -40.1913 5.4714 -0.266624 0.00192541
5 177.92 -44.8134 4.5729 -0.293639 0.0241684
6 180.017 -44.4843 4.62454 -0.285536 0.02544
7 176.522 -44.912 4.58194 -0.28774 0.0258501
8 178.003 -44.6374 4.63286 -0.278296 0.0276016
9 178.003 -44.6374 4.63286 -0.278296 0.0276016
10 175.589 -45.0162 4.57342 -0.287623 0.0261379
11 174.977 -45.1297 4.55236 -0.291529 0.0254136
12 183.567 -44.384 4.55734 -0.309951 0.0194435
13 183.066 -44.4768 4.54012 -0.313144 0.0188514
14 183.066 -44.4768 4.54012 -0.313144 0.0188514
15 183.066 -44.4768 4.54012 -0.313144 0.0188514
16 184.327 -44.243 4.58349 -0.305102 0.0203427
17 176.994 -45.0591 4.5429 -0.290825 0.0270932
18 176.461 -45.1579 4.52458 -0.294223 0.026463
19 177.714 -44.9256 4.56767 -0.286231 0.0279453
20 178.366 -44.8046 4.59011 -0.28207 0.0287168
21 176.224 -45.1686 4.52986 -0.291655 0.0272861
22 176.919 -45.0399 4.55374 -0.287226 0.0281074
23 183.347 -44.4765 4.55872 -0.300832 0.0236539
24 179.189 -44.8918 4.54325 -0.293801 0.0264178
25 90.617 -33.0458 6.48528 -0.249936 -0.019881
26 90.4606 -33.044 6.49234 -0.247159 -0.0190472
27 93.1589 -32.8078 6.48229 -0.259648 -0.0233688
28 93.1589 -32.8078 6.48229 -0.259648 -0.0233688
29 94.9804 -32.6295 6.48889 -0.262489 -0.0244665
30 94.3124 -32.7135 6.47925 -0.263444 -0.0245321
31 94.723 -32.5558 6.52555 -0.251359 -0.0215938
32 90.8511 -33.1634 6.4302 -0.266321 -0.0239416
35 91.463 -33.0674 6.44527 -0.263957 -0.0235706
36 90.8354 -33.1658 6.42982 -0.266382 -0.0239512
39 90.8354 -33.1658 6.42982 -0.266382 -0.0239512
40 90.8354 -33.1658 6.42982 -0.266382 -0.0239512
41 90.8354 -33.1658 6.42982 -0.266382 -0.0239512
42 90.8354 -33.1658 6.42982 -0.266382 -0.0239512
43 92.0016 -32.9828 6.45853 -0.261875 -0.023244
44 92.0016 -32.9828 6.45853 -0.261875 -0.023244
45 90.9243 -33.1519 6.43201 -0.266038 -0.0238972
48 90.9243 -33.1519 6.43201 -0.266038 -0.0238972
49 91.0297 -33.1323 6.43563 -0.265366 -0.0237726
50 91.0297 -33.1323 6.43563 -0.265366 -0.0237726
51 91.0297 -33.1323 6.43563 -0.265366 -0.0237726
53 91.0297 -33.1323 6.43563 -0.265366 -0.0237726
54 108.094 -36.1663 6.0047 -0.259134 -0.00838258
55 153.958 -38.0142 4.56468 -0.473341 0.0361023
56 153.958 -38.0142 4.56468 -0.473341 0.0361023
57 152.861 -38.0991 4.57004 -0.468842 0.0374699
58 152.861 -38.0991 4.57004 -0.468842 0.0374699
59 152.555 -38.1471 4.56251 -0.470024 0.0372844
60 137.723 -35.966 5.08503 -0.446608 0.021763
61 130.034 -36.6364 5.06918 -0.43465 0.0258864
63 149.065 -37.1706 4.66148 -0.482423 0.0350831
