0 -505.662 326.068 -71.2206 6.72008 -0.229174
1 -67.8786 76.1698 -18.0911 1.76429 -0.058466
2 -15.0206 61.0777 -18.5663 2.13684 -0.0817855
3 466.628 -207.585 36.4132 -2.72964 0.0752718
4 404.228 -190.114 37.0994 -3.19539 0.103969
5 -66.0854 68.0415 -15.2397 1.44056 -0.0474747
6 -52.1424 64.0932 -15.3841 1.52447 -0.0515387
7 -69.4379 69.0195 -15.2217 1.39818 -0.043689
8 -108.787 79.3152 -15.1885 1.21835 -0.0327447
9 1427.19 -763.596 154.986 -13.7418 0.45014
10 324.11 -144.481 27.4345 -2.27904 0.0708415
11 303.787 -122.425 20.3111 -1.43847 0.0381886
12 275.343 -115.063 20.5399 -1.60003 0.0474431
13 117.453 -34.9727 6.42137 -0.525086 0.0170125
14 141.415 -41.8923 6.2524 -0.390831 0.00986158
15 501.438 -243.824 47.9202 -4.1297 0.132776
16 527.012 -251.479 47.6611 -3.94046 0.121145
17 219.956 -85.0601 14.9132 -1.13105 0.0323748
18 205.816 -81.5385 15.071 -1.23347 0.0392634
19 222.366 -86.5386 15.16 -1.14749 0.0329456
20 242.188 -92.1891 14.8993 -1.01323 0.0257055
21 201.258 -80.8157 15.2583 -1.27248 0.0410076
22 195.789 -74.1168 14.609 -1.40787 0.0573495
23 264.783 -101.925 16.6971 -1.1428 0.028494
24 281.943 -108.943 17.1956 -1.08551 0.0228912
25 257.993 -101.869 17.5766 -1.29715 0.0355826
26 -487.606 306.877 -65.0009 5.94413 -0.196401
27 487.624 -232.539 44.2451 -3.6666 0.112958
28 497.793 -237.319 44.7776 -3.63021 0.107087
29 495.505 -233.878 44.4037 -3.65831 0.111465
30 508.572 -236.749 44.2315 -3.59687 0.10866
31 419.591 -172.14 27.3374 -1.79262 0.042208
32 994.479 -450.363 78.0775 -5.94281 0.168583
33 838.977 -412.965 78.821 -6.6671 0.21272
34 879.038 -422.99 78.5317 -6.44281 0.199224
35 845.812 -413.266 78.4058 -6.60309 0.210117
36 1007.56 -450.923 77.0447 -5.78006 0.162246
37 805.935 -401.105 78.3278 -6.82418 0.225306
38 916.342 -436.062 78.8218 -6.17056 0.177681
39 307.466 -115.063 17.2356 -1.08498 0.0254193
40 -611.288 384.435 -82.152 7.48979 -0.245201
41 -502.26 354.172 -82.5863 8.13744 -0.284895
42 -366.609 301.451 -79.041 8.75988 -0.34932
43 427.34 -143.938 19.0098 -1.033 0.0199332
44 406.944 -146.126 19.2876 -0.944674 0.0121587
45 320.955 -126.737 20.2799 -1.41446 0.0384778
46 990.93 -493.121 93.9351 -7.83737 0.242642
47 -267.211 192.443 -43.3096 4.11529 -0.138937
48 -144.364 159.869 -43.9826 4.81961 -0.182621
49 276.763 -101.838 15.2803 -0.968653 0.0228731
50 286.407 -104.304 15.2382 -0.933249 0.0217731
51 309.108 -105.534 14.7685 -0.974637 0.030756
52 340.173 -116.692 15.1934 -0.76909 0.0120735
53 207.169 -85.4275 17.1775 -1.69931 0.068939
54 397.894 -131.906 17.1639 -1.0027 0.0257007
55 215.344 -89.3721 17.2993 -1.57322 0.0573111
56 447.304 -147.02 16.32 -0.501031 -0.00582161
57 265.007 -96.8908 14.7258 -0.975334 0.0248413
58 308.27 -106.923 14.272 -0.756068 0.0143433
59 321.142 -119.593 17.5323 -1.07844 0.0249184
60 580.026 -258.261 44.5407 -3.32899 0.0925416
61 379.482 -193.725 44.0699 -4.79192 0.206051
62 347.11 -141.282 23.2704 -1.67028 0.0457246
63 387.091 -153.047 23.0658 -1.35918 0.0239898
64 373.947 -149.587 23.2096 -1.45807 0.0313869
65 -55.0523 60.3684 -13.4502 1.25033 -0.0394898
66 93.7192 15.7958 -14.033 2.34745 -0.117084
67 64.5225 28.9949 -14.1233 1.89068 -0.0772566
68 129.396 6.25978 -13.3237 2.26851 -0.107779
69 217.63 -81.4324 13.4786 -0.956115 0.0259205
70 274.436 -97.8772 13.1648 -0.571251 0.000564751
71 236.707 -83.6306 12.1383 -0.70085 0.0146727
72 200.283 -75.035 12.6579 -0.915725 0.0258651
73 307.016 -103.146 11.63 -0.192185 -0.0194532
74 715.292 -344.385 64.267 -5.2398 0.159797
75 631.057 -323.852 65.4463 -5.77447 0.189304
76 736.22 -351.05 64.1164 -5.02551 0.143694
77 627.62 -318.591 64.8171 -5.94245 0.209974
78 685.245 -335.52 64.8715 -5.58159 0.181939
79 66.5068 17.3271 -9.82821 1.35247 -0.0555484
80 531.011 -242.84 43.79 -3.38288 0.0947496
81 513.731 -237.231 43.6753 -3.54421 0.109588
82 488.796 -232.928 44.1235 -3.61078 0.1092
83 491.37 -231.604 44.0278 -3.66296 0.113856
84 522.317 -240.617 43.7778 -3.4775 0.103555
85 1155.17 -619.593 126.898 -11.3592 0.375892
86 216.222 -72.9605 10.1655 -0.567172 0.0118512
87 265.359 -87.1347 10.3762 -0.325461 -0.00402717
88 150.497 -56.2235 11.3269 -1.02949 0.0363526
89 187.367 -67.6257 11.2424 -0.800898 0.0227335
90 169.537 -61.2511 11.1548 -0.953361 0.0342887
91 219.395 -75.7696 10.7603 -0.580817 0.00995353
92 213.891 -75.4214 10.9115 -0.567221 0.00662301
93 668.004 -326.285 62.1813 -5.14358 0.157357
94 345.78 -147.641 25.6855 -1.92701 0.0541275
