0 554.737 -220.204 29.0789 -0.934418 -0.0319448
1 256.21 -134.662 31.4551 -3.26862 0.127097
2 522.318 -208.219 29.102 -1.3128 -0.00168582
3 425.623 -172.008 26.5208 -1.67038 0.0364226
4 409.945 -169.236 26.8479 -1.72845 0.0379309
5 99.2118 -78.0638 29.1948 -4.2768 0.217364
6 113.677 -79.185 28.7143 -4.32383 0.231177
7 426.209 -176.063 27.2753 -1.59146 0.0232353
8 426.681 -176.017 27.2772 -1.59208 0.0229904
9 327.129 -142.523 26.0885 -2.12142 0.0666828
10 349.474 -148.608 26.0251 -1.97906 0.0557391
11 330.122 -146.961 26.544 -1.94267 0.0438423
12 329.275 -147.11 26.5183 -1.94702 0.043123
13 559.26 -219.186 27.6018 -0.612613 -0.0531182
14 559.989 -219.076 27.6177 -0.610417 -0.0528332
15 548.493 -218.078 27.9465 -0.591633 -0.0634171
16 552.961 -218.344 27.8929 -0.590913 -0.0612908
17 543.737 -218.164 28.1004 -0.561839 -0.0656647
18 291.028 -136.633 27.4788 -2.43491 0.080272
19 282.005 -135.721 27.771 -2.41472 0.0722338
20 246.106 -117.282 26.8607 -2.9461 0.128904
21 357.676 -159.422 29.715 -2.45179 0.0769361
22 372.745 -160.771 29.1849 -2.50398 0.091532
23 333.259 -150.289 29.5846 -2.73872 0.101694
24 337.47 -150.157 29.5616 -2.73955 0.103539
25 335.144 -150.434 29.5369 -2.73986 0.104113
26 489.616 -192.62 28.1682 -1.63324 0.0309421
27 461.73 -190.585 28.9524 -1.56394 0.0119027
28 339.329 -150.739 28.5805 -2.4838 0.0849238
29 347.109 -151.501 28.3184 -2.50254 0.0944421
30 347.418 -151.506 28.304 -2.50803 0.0928451
31 347.818 -151.465 28.3067 -2.50825 0.0927059
32 348.13 -151.423 28.3114 -2.50796 0.0926592
33 347.362 -151.521 28.3018 -2.50808 0.0929369
34 349.27 -151.349 28.3074 -2.5106 0.0920299
35 347.56 -151.547 28.2959 -2.50743 0.0937082
36 350.63 -151.334 28.2855 -2.51601 0.091314
37 347.848 -151.578 28.281 -2.5108 0.0931468
38 382.759 -154.311 27.29 -2.59164 0.121114
39 382.69 -154.322 27.2884 -2.59191 0.121073
40 383.072 -154.311 27.2815 -2.59439 0.120463
41 381.464 -154.487 27.274 -2.5908 0.122084
42 337.91 -150.474 28.6027 -2.49178 0.0858506
43 354.988 -151.736 28.1127 -2.53035 0.101051
44 327.619 -149.863 28.8776 -2.46494 0.0777873
45 313.346 -149.185 29.2889 -2.41582 0.0668727
46 340.766 -151.014 28.5111 -2.48925 0.0874211
47 344.548 -150.833 28.4903 -2.49803 0.0854703
48 351.734 -151.589 28.1724 -2.53262 0.0973016
49 350.056 -151.725 28.1773 -2.52695 0.0990404
50 354.569 -151.325 28.1836 -2.53551 0.0961868
51 353.979 -151.752 28.1034 -2.5388 0.0996402
52 360.208 -151.947 27.9621 -2.55543 0.102829
53 318.546 -149.383 29.1041 -2.4452 0.0757982
54 353.276 -152.222 28.2462 -2.49648 0.0914968
55 352.361 -152.299 28.2466 -2.49427 0.0921897
56 352.204 -152.323 28.2427 -2.49488 0.0920946
57 351.992 -152.034 28.2993 -2.49218 0.0903839
58 349.109 -152.378 28.2759 -2.48812 0.092837
59 315.334 -150.432 29.3491 -2.36032 0.0621283
60 317.725 -150.21 29.3499 -2.36704 0.0598025
61 318.054 -150.178 29.3512 -2.36753 0.0596113
62 337.656 -152.168 28.6789 -2.41662 0.07956
63 340.854 -151.88 28.6795 -2.42493 0.0767884
64 340.277 -151.971 28.6653 -2.42716 0.0764386
65 342.361 -151.767 28.6786 -2.42778 0.0759569
66 332.183 -152.055 28.7313 -2.41339 0.0784292
67 333.046 -151.92 28.7525 -2.41006 0.0789524
68 339.316 -151.959 28.672 -2.42369 0.0776219
69 339.141 -151.986 28.6677 -2.42437 0.0775158
71 341.73 -151.701 28.6799 -2.43041 0.0747548
72 335.431 -152.173 28.6857 -2.41771 0.0783888
73 335.303 -152.193 28.6826 -2.41821 0.0783113
74 335.303 -152.193 28.6826 -2.41821 0.0783113
75 335.368 -152.184 28.6838 -2.41804 0.0783335
76 334.949 -152.25 28.6735 -2.41966 0.0780798
77 333.635 -152.334 28.6807 -2.4152 0.0792979
78 333.202 -152.365 28.6812 -2.4144 0.0795134
79 334.716 -152.242 28.6843 -2.4161 0.0789734
80 369.554 -154.38 27.9378 -2.47675 0.0940919
81 359.095 -154.013 28.1174 -2.45954 0.0918412
82 359.095 -154.013 28.1174 -2.45954 0.0918412
83 358.048 -154.093 28.126 -2.45317 0.093953
84 360.682 -153.89 28.1148 -2.46296 0.0910253
85 360.682 -153.89 28.1148 -2.46296 0.0910253
87 360.738 -153.882 28.1162 -2.46274 0.0910595
88 360.864 -153.862 28.1193 -2.46226 0.0911356
89 338.816 -152.785 28.7717 -2.38278 0.074637
90 360.82 -154.524 28.1357 -2.43703 0.0895016
91 381.032 -154.173 27.9636 -2.46702 0.0860533
92 374.675 -154.672 27.9608 -2.45661 0.0891557
93 374.076 -154.766 27.946 -2.45892 0.0887923
94 374.076 -154.766 27.946 -2.45892 0.0887923
