0 452.835 -201.028 35.005 -2.56932 0.0669691
1 370.657 -176.77 35.2948 -3.15073 0.107832
2 367.166 -174.225 35.145 -3.25242 0.11818
3 554.563 -228.867 33.478 -1.65058 0.00609564
4 535.079 -227.352 34.1122 -1.58914 -0.0110768
5 350.086 -161.398 33.5659 -3.427 0.144214
6 394.86 -179.746 33.8405 -2.86775 0.0942943
7 422.737 -190.422 33.9431 -2.57376 0.0715156
8 420.495 -189.898 34.0729 -2.56713 0.0666482
9 1366.79 -755.574 159.196 -14.7147 0.504062
10 1376.73 -756.428 158.879 -14.739 0.512568
11 1459.3 -782.999 159.18 -14.1492 0.464804
12 1302.24 -730.504 158.22 -15.254 0.553475
13 -87.8517 89.035 -21.3241 2.07885 -0.0690778
14 -90.2156 89.364 -21.2438 2.08252 -0.0715584
15 -32.6287 74.5532 -21.9024 2.45158 -0.0919222
16 -50.0418 80.0669 -21.7253 2.26803 -0.0785937
17 -57.3375 80.3892 -21.5202 2.29807 -0.0808203
18 -65.9717 81.0155 -21.2635 2.32012 -0.0892591
19 -50.4305 79.8507 -21.7319 2.27596 -0.0768829
20 -55.3153 80.0594 -21.6161 2.28804 -0.0794913
21 -46.1713 79.7421 -21.7812 2.26986 -0.0776865
22 -47.6762 79.8316 -21.7486 2.27231 -0.0784352
23 160.871 11.0543 -21.4834 3.97429 -0.211244
24 163.207 11.2292 -21.4892 3.96802 -0.213049
25 148.03 12.2468 -21.1358 3.9959 -0.219496
26 142.278 12.7138 -20.9488 4.01308 -0.224488
27 170.078 10.6658 -21.731 3.94304 -0.205776
28 170.633 10.6402 -21.7449 3.94174 -0.205315
29 173.891 10.3739 -21.829 3.93575 -0.203084
30 -156.691 108.907 -20.9721 1.60488 -0.0371197
31 -145.368 107.962 -21.3384 1.57188 -0.0266716
32 -240.637 137.182 -21.0849 0.830995 0.025571
33 7.0689 62.5046 -22.7779 3.0041 -0.133137
34 33.9595 60.4593 -23.4363 2.95223 -0.119575
35 26.6464 60.6209 -23.3066 2.96972 -0.120298
36 -67.703 92.8013 -25.4449 2.74909 -0.100601
37 -127.633 111.457 -25.3178 2.29523 -0.0678409
38 -123.517 111.169 -25.429 2.28391 -0.0658895
39 -131.872 111.518 -25.2416 2.30429 -0.0687621
40 -144.134 112.449 -24.8512 2.34348 -0.0788086
41 -156.311 112.488 -24.7067 2.36028 -0.0810957
42 -152.789 112.755 -24.7089 2.3534 -0.0830888
43 -138.311 112.098 -25.0422 2.32134 -0.0738245
44 -221.823 118.115 -22.6943 2.51026 -0.130301
45 -90.1737 101.276 -25.5869 2.54243 -0.0842214
46 -105.663 103.012 -25.2592 2.55011 -0.0910172
47 645.556 -242.178 34.3107 -2.03828 0.0432576
48 578.113 -239.911 35.6648 -1.89133 0.0179821
49 572.293 -239.277 35.8354 -1.88236 0.0131683
50 547.289 -237.726 36.5168 -1.81891 -0.00330996
51 484.605 -209.847 35.5589 -2.59271 0.0699112
52 483.095 -209.626 35.616 -2.59061 0.0674967
53 549.268 -229.672 35.4749 -2.13262 0.0364667
54 484.599 -213.153 36.0048 -2.48954 0.0558786
55 482.677 -213.103 36.0501 -2.48159 0.0562288
56 516.86 -215.594 35.2699 -2.54235 0.0709802
57 494.751 -213.945 35.7993 -2.50437 0.0587376
58 312.049 -158.196 36.1665 -3.89284 0.163744
59 239.439 -138.014 36.4749 -4.32597 0.190403
60 267.933 -140.772 35.791 -4.36244 0.206508
61 522.41 -222.034 35.2584 -2.19718 0.0391592
62 640.451 -257.24 35.7367 -1.57915 -0.00563045
63 504.237 -215.496 35.704 -2.51367 0.0633546
64 503.582 -215.585 35.6918 -2.51532 0.0631308
65 479.747 -206.787 35.9033 -2.79449 0.0828256
66 481 -206.652 35.9178 -2.79294 0.0829922
67 475.804 -207.04 35.9071 -2.78903 0.0841748
68 497.315 -208.216 35.4702 -2.82607 0.0930537
69 500.983 -208.022 35.4568 -2.83289 0.091531
70 509.722 -208.558 35.2443 -2.85272 0.0964785
71 528.264 -209.826 34.9048 -2.8733 0.103208
72 377.762 -171.31 34.7943 -3.43266 0.135335
73 378.109 -171.263 34.8008 -3.43178 0.135454
74 362.568 -170.361 35.0717 -3.41428 0.130549
75 370.517 -170.615 34.9551 -3.42334 0.132791
76 343.409 -169.018 35.4499 -3.38915 0.124209
77 373.994 -171.187 34.8027 -3.43407 0.13699
78 381.262 -170.69 34.7999 -3.44431 0.134257
79 360.368 -170.614 35.0784 -3.40745 0.131033
80 401.45 -173.516 34.2589 -3.46197 0.146723
81 403.816 -173.353 34.2566 -3.46603 0.145594
82 588.742 -237.607 34.4515 -1.83518 0.0212221
83 585.411 -237.864 34.4359 -1.83543 0.0213647
84 639.961 -241.569 33.4956 -1.88667 0.0368316
85 653.935 -242.856 33.3206 -1.87824 0.0370505
86 680.364 -244.523 32.9957 -1.88993 0.0393319
87 672.006 -245.226 32.9812 -1.87777 0.0433027
88 645.883 -242.418 33.3949 -1.87017 0.0369358
89 640.949 -241.873 33.4996 -1.86869 0.0342403
90 642.27 -241.764 33.505 -1.86915 0.0340342
91 553.488 -219.779 33.3203 -2.14775 0.050518
92 553.363 -219.8 33.3166 -2.14836 0.050416
93 449.005 -195.273 32.5643 -2.30768 0.0592701
94 491.615 -196.32 31.7631 -2.40083 0.0750919
