0 528.732 -224.753 36.0912 -2.36886 0.0517809
1 463.705 -203.546 36.1238 -2.86199 0.0861583
2 386.471 -177.805 34.791 -3.14272 0.11058
3 -401.983 269.615 -59.6468 5.6193 -0.189234
4 -551.094 283.997 -57.1039 5.70925 -0.232199
5 -433.883 280.597 -59.8145 5.36609 -0.169281
6 443.196 -192.39 32.9043 -2.4108 0.0653195
7 338.627 -127.328 19.28 -1.21791 0.0278369
8 328.246 -127.066 19.3567 -1.21366 0.0270673
9 287.526 -115.007 19.3084 -1.43689 0.04174
10 360.019 -135.752 18.9583 -0.942777 0.00910857
11 399.947 -149.041 19.0337 -0.627631 -0.0162049
12 294.204 -115.726 19.124 -1.4307 0.0431779
13 292.706 -115.871 19.1165 -1.42931 0.0438077
14 258.286 -114.268 19.8503 -1.35466 0.0297297
15 152.791 -70.5966 16.3506 -1.66166 0.0603287
16 300.25 -108.472 15.5857 -0.936986 0.0218674
17 185.245 -77.1867 16.4259 -1.70771 0.0720189
18 104.341 -53.1469 17.599 -2.62339 0.141135
19 341.782 -123.985 18.2612 -1.24482 0.037952
20 395.196 -146.126 18.7653 -0.656852 -0.0125604
21 399.663 -146.242 18.6939 -0.665059 -0.0117662
22 417.24 -147.793 18.1623 -0.707998 0.00312973
23 409.926 -146.895 18.4221 -0.694291 -0.00415789
24 381.198 -146.142 19.1942 -0.579942 -0.0259471
25 429.918 -149.703 18.1417 -0.65534 -0.0054738
26 400.121 -148.994 18.85 -0.559546 -0.0213907
27 399.549 -148.878 18.8802 -0.558372 -0.0226518
28 433.695 -151.776 18.1078 -0.606803 -0.00576594
29 469.862 -153.496 17.3582 -0.679649 0.00829637
30 471.297 -153.425 17.3519 -0.682524 0.00765665
31 344.29 -128.889 18.5698 -1.04794 0.0177339
32 357.82 -130.253 18.134 -1.07864 0.0305888
33 693.034 -244.085 21.1952 1.12392 -0.154012
34 671.748 -242.185 21.8124 1.17318 -0.168567
35 823.688 -259.628 19.1915 1.12981 -0.124834
36 699.766 -252.323 22.095 1.38923 -0.188444
37 706.86 -252.948 21.8994 1.37434 -0.183755
38 707.802 -252.912 21.8905 1.37172 -0.184129
39 699.835 -252.71 22.0418 1.38999 -0.186033
40 950.175 -274.987 17.1391 1.13943 -0.0925993
41 908.272 -279.025 17.0424 1.22747 -0.0604828
42 337.13 -123.837 17.0722 -0.848311 0.00967641
43 498.315 -172.107 16.0919 0.458907 -0.0836176
44 162.826 -75.283 18.5332 -2.18052 0.100438
45 181.757 -76.6346 17.9959 -2.2282 0.115888
46 162.894 -75.5783 18.5392 -2.17232 0.0995234
47 276.126 -77.1317 9.42375 -0.472439 0.00844796
48 231.794 -77.9952 9.94633 -0.389374 -0.000254801
49 224.817 -77.1429 10.1571 -0.378613 -0.00625754
50 249.899 -79.5169 9.46777 -0.42433 0.00981385
51 228.221 -76.4258 9.9694 -0.412212 -0.00185925
52 296.717 -94.2735 9.57727 -0.0674375 -0.019599
53 266.592 -91.2764 10.4367 -0.0106089 -0.0385494
54 257.877 -90.7769 10.6429 0.00766191 -0.0436517
55 257.313 -90.8459 10.6374 0.00805846 -0.0433082
56 264.594 -91.4804 10.4082 -0.0115869 -0.0368103
57 270.614 -91.9067 10.2223 -0.0319243 -0.0332749
58 271.121 -91.5963 10.2843 -0.0259714 -0.033927
59 243.034 -80.2234 9.67394 -0.296992 -0.00587391
60 205.617 -64.3974 8.23158 -0.361131 0.0040376
61 232.879 -67.6235 7.63331 -0.385417 0.01566
62 -144.995 52.1492 5.57364 -2.59616 0.183297
63 -147.408 51.859 5.54374 -2.5983 0.183357
64 -148.237 51.7104 5.51913 -2.60218 0.182766
65 -150.258 51.5686 5.52437 -2.59723 0.184126
66 -151.366 51.4708 5.52246 -2.59518 0.184856
67 -173.167 53.7445 6.08163 -2.56365 0.171546
68 -180.801 52.9248 5.99363 -2.5731 0.170531
69 -257.28 58.7867 7.87297 -2.427 0.136091
70 -258.377 58.6376 7.85268 -2.42976 0.135716
71 -256.87 58.8363 7.87724 -2.42705 0.135945
72 -269.271 58.1124 7.88588 -2.41449 0.138802
73 -260.099 59.0092 7.92945 -2.42497 0.13409
74 -260.094 59.0098 7.92954 -2.42496 0.134092
75 -259.874 59.0323 7.93091 -2.42513 0.133996
76 -267.23 58.5298 7.92962 -2.41739 0.135836
77 -254.946 57.8624 7.80728 -2.41854 0.138826
78 -255.905 57.7319 7.78954 -2.42095 0.138498
79 274.202 -81.2626 6.36942 0.333843 -0.0409134
80 305.477 -82.8196 5.77632 0.283818 -0.0305775
81 305.099 -82.8378 5.77972 0.285252 -0.0302302
82 291.362 -82.8118 5.95548 0.309232 -0.0318759
83 291.589 -82.7948 5.95482 0.308544 -0.032086
84 291.887 -82.7482 5.96214 0.309693 -0.0319057
85 289.858 -82.941 5.95847 0.312321 -0.0313879
86 294.04 -82.6165 5.96117 0.306114 -0.0332159
87 295.001 -82.515 5.96994 0.306504 -0.0332831
88 276.814 -81.9248 6.29102 0.338521 -0.039236
89 341.955 -100.136 6.38567 0.639648 -0.0577628
90 180.197 -57.1385 8.09585 -0.51915 0.0139825
91 177.772 -57.2976 8.09899 -0.515483 0.0148469
92 177.613 -57.3193 8.09604 -0.515884 0.0147924
93 218.575 -60.0228 7.28657 -0.57184 0.0300632
94 212.219 -60.5816 7.27641 -0.559864 0.0342858
