0 991.79 -531.662 111.69 -10.5599 0.382396
1 968.159 -530.056 112.462 -10.4747 0.362087
2 973.421 -530.601 112.264 -10.4936 0.366971
3 791.073 -474.421 113.065 -12.0335 0.480931
4 1304.64 -640.777 115.114 -8.46436 0.202942
5 1305.2 -640.75 115.104 -8.46856 0.201792
6 1293.17 -639.606 115.53 -8.42833 0.191106
7 1320.53 -641.778 114.64 -8.5161 0.216735
8 1291.41 -639.534 115.609 -8.41781 0.188855
9 1327.62 -642.873 114.536 -8.50049 0.217155
10 204.436 -63.489 7.97817 -0.313138 0.000527763
11 153.614 -52.6329 8.29859 -0.501985 0.00986085
12 187.528 -55.0318 7.58075 -0.559005 0.0213671
13 171.059 -53.2926 8.13113 -0.51056 0.0107422
14 175.245 -54.5943 7.78835 -0.539179 0.0200074
15 160.591 -52.7623 8.2554 -0.511493 0.00940528
16 187.158 -55.8005 7.55837 -0.540576 0.0268704
17 184.765 -59.0086 8.04365 -0.382255 0.00347232
18 188.065 -59.1398 7.95932 -0.391212 0.00622705
19 211.896 -61.3842 7.26223 -0.448963 0.0226102
20 167.025 -57.3719 8.47661 -0.367092 -0.00590817
21 148.101 -48.1592 8.32402 -0.677925 0.0238578
22 139.404 -47.9599 8.48821 -0.660928 0.0197766
23 147.476 -48.2708 8.32741 -0.674099 0.0239514
24 153.235 -48.7135 8.14403 -0.690959 0.0291633
25 33.5554 -15.0774 8.92939 -1.54536 0.0865348
26 7.11026 -3.02278 8.55182 -1.81906 0.109641
27 -0.373463 -2.81124 8.68036 -1.80667 0.107641
28 236.303 -72.0505 7.16109 0.0281745 -0.0207269
29 234.477 -72.1183 7.17134 0.0301198 -0.0207891
30 365.295 -111.266 7.32966 0.915005 -0.0888258
31 365.366 -111.27 7.331 0.916415 -0.0882625
32 363.272 -111.585 7.28574 0.91029 -0.0890326
33 360.482 -111.775 7.29796 0.918913 -0.0866659
34 372.622 -112.119 7.02429 0.882928 -0.0819153
35 370.178 -112.387 7.01156 0.887616 -0.0797727
36 369.871 -112.44 7.00267 0.886147 -0.0800114
37 343.667 -110.655 7.87029 0.977238 -0.106694
38 344.486 -110.571 7.87371 0.975862 -0.107256
39 343.259 -110.654 7.8858 0.982999 -0.105121
40 375.359 -114.232 7.12475 0.94982 -0.0868792
41 363.192 -113.285 7.32844 0.960492 -0.0901324
42 365.935 -113.011 7.34008 0.956591 -0.0917139
43 367.257 -112.962 7.31878 0.948314 -0.0937991
44 346.33 -110.778 7.76376 0.967908 -0.10249
45 345.694 -110.842 7.76306 0.970083 -0.101628
46 407.447 -122.924 7.07134 1.0227 -0.0846908
47 407.026 -122.936 7.08183 1.02696 -0.0835043
48 406.908 -122.979 7.06959 1.02393 -0.0841968
49 412.476 -122.553 7.06129 1.01075 -0.0880479
50 393.941 -121.62 7.5589 1.06717 -0.0988759
51 393.711 -121.578 7.58036 1.07318 -0.0974965
52 393.823 -121.557 7.5842 1.07389 -0.0973644
53 386.515 -120.868 7.79634 1.08392 -0.105942
54 386.639 -120.863 7.79388 1.08279 -0.106276
55 384.342 -121.044 7.79287 1.08666 -0.105097
56 383.712 -121.113 7.78875 1.08738 -0.104727
57 347.132 -118.155 8.94558 1.19134 -0.134856
58 348.003 -118.138 8.92236 1.18253 -0.137197
59 348.272 -118.112 8.92385 1.18237 -0.137281
60 -43.3602 10.3655 9.15743 -2.31145 0.145331
61 -37.4849 9.81474 9.00629 -2.31934 0.149707
62 -41.8041 9.79443 9.07079 -2.30823 0.14975
63 -53.7138 11.1516 9.51531 -2.27283 0.137133
