0 364.048 -147.036 23.1772 -1.36577 0.0191506
1 540.229 -197.561 21.9445 0.0102697 -0.0771847
2 512.192 -196.18 22.6029 0.0687789 -0.0934898
3 361.355 -145.313 21.8476 -1.13473 0.00736018
4 210.175 -92.6255 19.2191 -1.82374 0.0678231
5 215.565 -92.4318 19.1812 -1.83017 0.0686959
6 219.49 -92.8068 19.066 -1.83695 0.0721966
7 237.755 -94.1038 18.5361 -1.88621 0.0859198
8 219.492 -92.7215 19.0159 -1.85221 0.073705
9 214.245 -92.0716 19.217 -1.83669 0.068336
10 360.2 -139.653 21.0727 -1.19851 0.0167698
11 356.17 -139.326 21.1651 -1.19005 0.0160933
12 336.848 -137.223 21.5317 -1.18185 0.00705278
13 308.596 -134.173 22.2472 -1.14652 -0.00925754
14 361.716 -139.531 20.9779 -1.20992 0.0186907
15 361.09 -139.589 20.9769 -1.20862 0.0191386
16 208.285 -60.5499 7.55456 -0.337587 0.00368026
17 182.638 -59.7701 8.09138 -0.279453 -0.00850433
18 186.954 -59.6674 8.05005 -0.285772 -0.0075455
19 173.119 -59.2533 8.29327 -0.266141 -0.01386
20 174.837 -59.1271 8.28694 -0.27154 -0.0154038
21 191.641 -60.0696 7.82386 -0.315164 -0.00116564
22 192.643 -59.9111 7.84814 -0.311564 -0.000649325
23 192.231 -59.9915 7.83288 -0.314381 -0.00115489
24 194.136 -60.4422 7.74781 -0.315493 0.00184236
25 194.885 -60.3649 7.75175 -0.31639 0.00144256
26 192.743 -60.6259 7.72464 -0.318305 0.00151185
27 195.658 -61.1048 7.58655 -0.328471 0.00591396
28 205.447 -60.2342 7.60757 -0.343879 0.000633262
29 196.305 -61.135 7.59238 -0.319211 0.00985165
30 185.659 -58.2727 8.15801 -0.305966 -0.00953538
31 190.541 -59.6444 7.8772 -0.319191 -0.00257683
32 189.019 -59.8555 7.85071 -0.321985 -0.00276467
33 190.001 -60.3007 7.72855 -0.330515 0.00317242
34 192.935 -59.9497 7.75899 -0.33069 0.00223657
35 178.398 -59.6786 8.07707 -0.291053 -0.00717461
36 178.925 -59.6582 8.06731 -0.295072 -0.00824737
37 181.366 -59.3928 8.08542 -0.296504 -0.00919105
38 184.015 -59.1232 8.10206 -0.298083 -0.0100841
39 181.472 -59.3564 8.09369 -0.294904 -0.00890673
40 181.244 -59.3706 8.09474 -0.29426 -0.00873784
41 179.941 -59.516 8.08453 -0.293429 -0.00817639
42 181.472 -59.3346 8.09967 -0.293745 -0.00872235
43 181.04 -59.8182 8.03103 -0.292453 -0.00555712
44 179.373 -59.7088 8.07292 -0.292102 -0.00851882
45 200.139 -61.6662 7.50014 -0.325526 0.0061307
46 198.114 -61.864 7.49975 -0.318429 0.00880245
47 199.768 -61.7328 7.49262 -0.325008 0.00677608
48 203.808 -61.3726 7.50813 -0.328498 0.00539548
49 193.169 -61.311 7.67009 -0.310492 0.00213131
50 193.086 -60.1469 7.87779 -0.302163 -0.0036963
51 197.43 -61.0715 7.67521 -0.315672 0.000704328
52 196.321 -61.2212 7.65926 -0.316181 0.00110409
53 195.854 -61.1951 7.68337 -0.308674 0.00292739
54 210.476 -62.6151 7.2164 -0.346871 0.0144657
55 213.966 -62.2415 7.24091 -0.349118 0.0131026
56 214.077 -62.24 7.23844 -0.349942 0.0129069
57 208.378 -62.6852 7.23391 -0.341415 0.0155248
58 208.517 -62.6593 7.23871 -0.340524 0.01569
59 191.982 -60.4728 7.59845 -0.33482 0.00615553
60 193.813 -60.2454 7.62178 -0.333444 0.00598216
61 194.382 -60.2372 7.60541 -0.339555 0.00436216
62 191.757 -60.3565 7.6256 -0.331217 0.00635759
63 191.881 -60.3335 7.62986 -0.330428 0.0065038
64 190.773 -60.4802 7.61531 -0.330428 0.00707124
65 206.764 -61.3962 7.22903 -0.369305 0.0132001
66 205.379 -61.4904 7.24134 -0.361911 0.0153791
67 205.411 -61.444 7.25791 -0.357346 0.0164889
68 206.959 -61.3627 7.24157 -0.36477 0.0145609
69 215.53 -61.0379 7.18469 -0.384581 0.0104298
70 189.133 -60.6298 7.7546 -0.304661 -0.00228642
71 194.564 -60.1178 7.78017 -0.308993 -0.00418641
72 194.458 -60.104 7.78833 -0.30662 -0.00362808
73 189.254 -60.6903 7.75108 -0.300792 -0.000434542
74 195.066 -60.7888 7.61346 -0.323373 0.000619042
75 194.044 -60.8411 7.62034 -0.32022 0.00139504
76 194.23 -60.8108 7.62513 -0.319489 0.00150277
77 216.243 -62.8187 7.23543 -0.33358 0.00969815
78 208.141 -61.9008 7.44715 -0.32202 0.00569612
79 207.95 -61.9125 7.44893 -0.321083 0.00595439
80 204.767 -62.311 7.41559 -0.31886 0.00806495
81 202.294 -62.5965 7.39811 -0.315045 0.0101189
82 205.987 -62.1395 7.43902 -0.315474 0.00866644
83 332.429 -104.467 7.20658 0.865916 -0.0872536
84 323.851 -103.728 7.47013 0.888367 -0.0935957
85 325.841 -103.582 7.46385 0.882588 -0.0952437
86 328.372 -103.378 7.46 0.875859 -0.0972798
87 324.414 -103.819 7.43927 0.884368 -0.0932845
88 323.733 -103.893 7.43347 0.884409 -0.0931311
89 324.689 -103.715 7.46634 0.890504 -0.0920008
90 311.435 -102.2 7.81984 0.902287 -0.103298
91 313.064 -101.999 7.84227 0.904376 -0.103184
92 347.995 -105.756 6.92532 0.86881 -0.083569
93 353.003 -106.623 6.58068 0.830891 -0.0720155
94 352.706 -106.551 6.61726 0.841708 -0.0693684
