0 -88.0482 90.1269 -20.9559 2.01693 -0.0674102
1 -100.948 90.8067 -20.6078 2.05341 -0.0765203
2 -56.7447 77.8141 -20.9566 2.30287 -0.0878436
3 -169.495 115.549 -22.1248 1.74776 -0.045741
4 -125.914 100.205 -21.831 1.98758 -0.0619785
5 -137.819 101.357 -21.4468 2.01803 -0.0708382
6 -102.221 94.1292 -21.889 2.13081 -0.0718623
7 -374.283 179.729 -21.1447 -0.0456647 0.0888197
8 -57.5926 73.507 -18.5369 1.91493 -0.0681133
9 -209.536 118.808 -16.5395 0.50207 0.0274876
10 7.88559 52.0592 -17.1127 2.06938 -0.0831103
11 71.1123 30.2529 -17.6227 2.76542 -0.136225
12 -260.925 132.63 -17.2272 0.322723 0.0439717
13 -261.087 133.079 -17.1357 0.327909 0.0413948
14 147.779 12.6842 -20.0251 3.6067 -0.188774
15 -182.415 111.178 -17.8361 0.841232 0.0116739
16 -180.984 111.201 -17.8484 0.841884 0.0133731
17 -204.24 113.509 -17.2386 0.873662 -0.00165052
18 -184.899 112.134 -17.7275 0.837145 0.010491
19 -191.911 112.503 -17.556 0.851071 0.00517023
20 -196.048 112.457 -17.4897 0.86357 0.00506599
21 -17.8908 63.0896 -18.4719 2.11093 -0.0829151
22 -18.1558 62.8452 -18.5182 2.10895 -0.0810746
23 -23.3695 63.2157 -18.3636 2.1246 -0.0843411
24 -22.2624 63.0111 -18.4213 2.11889 -0.0836015
25 -32.7298 63.7978 -18.0647 2.15814 -0.0932745
26 -154.495 99.4553 -17.0139 1.06004 -0.0128363
27 -153.953 99.51 -17.0126 1.05864 -0.0133802
28 -285.61 140.279 -16.4635 -0.0497847 0.0704801
29 -278.076 139.634 -16.7368 -0.0779878 0.078804
30 232.903 -71.8387 9.93571 -0.562402 0.0112891
31 212.38 -70.8683 10.4159 -0.516343 0.000275295
32 194.883 -70.7672 10.6871 -0.483759 -0.00495826
33 217.669 -71.6779 10.1738 -0.538084 0.00661433
34 221.838 -72.5455 9.91309 -0.560929 0.0152636
35 162.939 -58.5011 10.8383 -0.946409 0.0350438
36 424.338 -142.333 11.0597 0.998676 -0.111936
37 408.47 -140.893 11.5866 1.04328 -0.126474
38 408.63 -140.933 11.5721 1.04048 -0.126802
39 418.716 -141.26 11.3343 1.01468 -0.119614
40 355.847 -116.543 10.0802 0.535869 -0.0728178
41 350.889 -116.504 10.1554 0.542802 -0.0752346
42 321.049 -113.454 11.0233 0.59786 -0.0955403
43 328.718 -114.059 10.7831 0.576675 -0.0891199
44 146.623 -54.8514 11.3674 -1.20235 0.0551453
45 150.64 -54.5682 11.3632 -1.20626 0.0554071
46 155.595 -54.9478 11.2107 -1.22071 0.0590037
47 182.087 -66.3518 11.0564 -0.740579 0.0162952
48 258.109 -71.7931 9.35075 -0.873917 0.0538462
49 206.359 -70.7624 10.9196 -0.710008 0.0175004
50 200.004 -70.8837 10.9979 -0.697098 0.0160587
51 60.4755 -29.5176 12.3735 -1.98776 0.109144
52 66.3902 -30.0206 12.1778 -2.00624 0.114761
53 75.6857 -30.9002 11.9045 -2.02586 0.121409
54 143.41 -54.8884 12.1658 -1.36954 0.0635204
55 340.045 -114.079 12.5377 -0.096052 -0.0315248
56 332.218 -114.058 12.6648 -0.079726 -0.0346035
57 328.817 -114.344 12.6579 -0.0768465 -0.0341159
58 318.805 -113.152 12.9813 -0.0571336 -0.0423327
59 174.621 -69.6891 14.0699 -1.35376 0.053443
60 139.877 -61.1296 14.1026 -1.3952 0.0484687
61 160.902 -61.9909 13.579 -1.44889 0.063732
62 149.093 -61.4034 13.8391 -1.42773 0.0569692
63 140.911 -61.0547 14.0421 -1.40598 0.0518208
64 167.207 -63.3772 13.3025 -1.46846 0.0670281
65 142.158 -58.1665 13.6007 -1.56874 0.07071
66 143.572 -58.0878 13.5971 -1.57103 0.0701801
67 134.657 -57.8053 13.7451 -1.55687 0.0677632
68 547.883 -175.869 12.8874 1.05568 -0.115126
69 565.213 -177.223 12.5286 1.03411 -0.108437
70 565.128 -177.245 12.5239 1.03316 -0.108617
71 567.443 -177.055 12.5274 1.02996 -0.109623
72 582.992 -178.282 12.1566 1.00399 -0.100541
73 635.805 -181.457 11.0423 0.911034 -0.0781447
74 519.883 -173.048 13.4595 1.0798 -0.12656
75 505.106 -172.204 13.7847 1.10812 -0.132393
76 505.348 -172.105 13.7924 1.10495 -0.134017
77 592.945 -178.527 11.8619 0.977937 -0.0946493
78 595.446 -178.386 11.851 0.97215 -0.0960233
79 709.88 -187.72 9.35245 0.813303 -0.0427004
80 142.223 -60.331 14.73 -1.75555 0.0814246
81 156.439 -61.5726 14.3516 -1.78321 0.0907843
82 182.432 -63.0066 13.8607 -1.82359 0.098325
83 179.424 -63.2875 13.8492 -1.81999 0.0997623
84 179.424 -63.2875 13.8492 -1.81999 0.0997623
85 176.399 -63.5103 13.8582 -1.81101 0.10245
86 128.64 -60.8146 15.0689 -1.69145 0.0714136
87 125.922 -61.008 15.0756 -1.68477 0.0732767
88 151.083 -58.6866 14.106 -1.83173 0.0966145
89 125.365 -56.9411 14.6994 -1.78583 0.0827515
90 263.693 -95.2441 13.6405 -0.74294 0.0102966
91 315.222 -99.2619 12.6108 -0.809207 0.0289869
92 272.527 -98.4979 13.6382 -0.656342 0.00323005
93 270.26 -98.7306 13.6238 -0.654659 0.00419328
94 319.973 -101.799 12.6019 -0.734136 0.0248656
