0 301.461 -166.915 40.1085 -4.30648 0.174649
1 522.318 -241.062 43.5675 -3.3719 0.0953146
2 570.566 -251.841 43.0953 -3.18284 0.0874312
3 552.922 -251.271 43.5474 -3.12561 0.0752787
4 444.354 -215.603 42.8628 -3.7796 0.126613
5 439.081 -215.054 42.9734 -3.77793 0.123153
6 709.713 -291.145 40.0615 -1.55202 -0.0254197
7 898.8 -351.396 39.2317 0.184767 -0.157502
8 869.595 -348.379 40.1237 0.24159 -0.181421
9 875.694 -348.845 39.9751 0.231011 -0.178034
10 879.093 -349.445 39.8246 0.220415 -0.174888
11 885.414 -349.822 39.6415 0.202544 -0.169139
12 405.493 -200.19 41.6439 -3.95116 0.14503
13 393.228 -199.616 41.9988 -3.90653 0.137248
14 408.609 -200.467 41.6255 -3.94141 0.145435
15 451.583 -214.366 41.2781 -3.54632 0.11728
16 435.708 -211.944 41.6972 -3.53636 0.106702
17 478.959 -220.853 41.1424 -3.43322 0.110756
18 342.467 -186.857 42.5731 -4.24112 0.156189
19 371.377 -189.02 41.7633 -4.31134 0.177041
20 491.909 -229.862 43.2145 -3.51023 0.103823
21 484.71 -229.722 43.3239 -3.50094 0.101323
22 480.454 -229.453 43.4447 -3.48804 0.0990613
23 268.008 -162.928 44.7146 -5.4615 0.24868
24 540.558 -252.361 45.7203 -3.52195 0.0969457
25 601.563 -265.336 45.2003 -3.31202 0.0891059
26 395.716 -211.787 47.3239 -4.69433 0.175283
27 450.625 -227.921 47.1209 -4.29189 0.146808
28 375.554 -201.405 47.3745 -5.04371 0.203825
29 695.511 -303.992 47.6608 -2.70632 0.0288733
30 688.435 -303.278 47.9029 -2.68723 0.0217632
31 691.696 -304.017 47.7395 -2.69537 0.0259252
32 560.375 -257.656 46.1947 -3.57718 0.101646
33 614.529 -272.657 45.4106 -3.07181 0.0661015
34 476.226 -228.8 45.4861 -4.1528 0.148755
35 2115.82 -1172.71 245.896 -22.7357 0.783489
36 2124.7 -1173.47 245.659 -22.7549 0.788538
37 2294.43 -1225.23 246.391 -21.7747 0.715092
38 2007.02 -1148.05 249.593 -24.0111 0.864506
39 2412.74 -1271.78 252.112 -21.9722 0.712437
40 2455.45 -1274.08 251.185 -22.055 0.731405
41 2360.37 -1268.77 253.519 -21.8337 0.677951
42 1974.72 -1130.42 246.729 -23.9042 0.869101
43 561.905 -262.156 47.7951 -3.77201 0.109763
44 485.698 -237.77 47.6374 -4.32055 0.151035
45 710.869 -303.516 46.8468 -2.75796 0.0418184
46 524.359 -242.236 45.6622 -3.91744 0.129861
47 43.3783 -102.839 46.8894 -7.08851 0.352864
48 92.9895 -106.946 45.5957 -7.17953 0.383033
49 93.7741 -106.904 45.5879 -7.18329 0.382002
50 91.876 -107.248 45.5623 -7.17666 0.38548
51 647.511 -274.465 46.5207 -3.63356 0.113796
52 596.968 -271.73 47.6063 -3.54331 0.0937919
53 608.209 -272.656 47.3283 -3.56347 0.0997861
54 603.191 -272.502 47.4408 -3.54795 0.0987534
55 665.789 -276.48 46.1769 -3.64743 0.120621
56 678.027 -297.792 48.8671 -3.296 0.0745461
57 667.863 -296.564 49.0818 -3.28961 0.0708551
58 633.823 -294.113 50.0416 -3.20191 0.0476023
59 631.67 -294.412 50.0014 -3.20706 0.0469867
60 669.931 -296.648 49.0264 -3.29655 0.0716393
61 669.482 -296.718 49.0154 -3.29828 0.0713669
62 653.199 -295.722 49.3483 -3.27268 0.06508
63 655.13 -295.493 49.3663 -3.27374 0.0641458
