0 1116.57 -539.582 98.2739 -7.73289 0.22205
1 936.325 -493.21 100.098 -8.89524 0.294046
2 909.4 -477.889 99.3306 -9.33645 0.336455
3 904.774 -477.919 99.376 -9.33021 0.336335
4 1049.36 -524.831 99.3631 -8.12351 0.242615
5 755.146 -435.613 99.6438 -10.1789 0.392411
6 765.85 -436.373 99.3972 -10.1996 0.396653
7 1105.47 -543.796 101.469 -8.27863 0.251837
8 1068.61 -540.229 102.446 -8.2201 0.228612
9 1155.44 -545.8 100.404 -8.3957 0.274456
10 1159.56 -545.49 100.404 -8.40223 0.272596
11 926.7 -491.778 101.303 -9.23334 0.315491
12 936.935 -492.677 101.05 -9.24961 0.320876
13 1034.16 -524.005 101.491 -8.5952 0.268961
14 1036.63 -524.347 101.392 -8.603 0.271355
15 1120.15 -544.168 100.709 -8.20397 0.251317
16 1090.86 -542.374 101.527 -8.11886 0.230722
17 1096.77 -543.076 101.359 -8.12643 0.234982
18 1106.02 -543.87 100.991 -8.17057 0.246865
19 1064.77 -540.833 102.267 -8.04779 0.212845
20 950.742 -503.36 103.442 -9.4505 0.325553
21 1020.17 -508.408 102.043 -9.53663 0.351186
22 1164.87 -572.537 105.003 -8.16656 0.223197
23 1145.52 -571.437 105.53 -8.1123 0.210345
24 1156.58 -572.136 105.22 -8.14437 0.217756
25 919.823 -490.318 101.712 -9.35808 0.322813
26 901.067 -488.863 102.247 -9.31026 0.309576
27 970.39 -504.184 100.941 -8.89194 0.291634
28 862.271 -465.444 100.137 -9.79364 0.368714
29 856.008 -464.802 100.308 -9.78378 0.364679
30 855.793 -464.853 100.297 -9.78594 0.364272
31 857.061 -465.075 100.241 -9.78855 0.366509
32 855.602 -465.178 100.251 -9.78211 0.368382
33 857.309 -465.042 100.249 -9.78603 0.367205
34 854.565 -465.316 100.241 -9.78013 0.369461
35 1028.27 -523.613 101.407 -8.52366 0.263287
36 1060.51 -526.037 100.521 -8.60063 0.284797
37 1004.05 -520.921 102.12 -8.48388 0.245587
38 1004.66 -520.874 102.117 -8.48607 0.244934
39 1172.12 -566.677 100.34 -7.26918 0.172202
40 1159.6 -565.455 100.728 -7.24067 0.161817
41 936.517 -494.449 101.422 -9.24823 0.318154
42 941.402 -494.593 101.328 -9.25711 0.320654
43 940.768 -494.458 101.355 -9.25667 0.319631
44 954.607 -495.667 100.918 -9.29486 0.332226
45 920.67 -492.882 101.913 -9.21353 0.307487
46 998.686 -513.782 101.092 -8.65474 0.272816
47 1040.23 -517.743 100.043 -8.72109 0.295969
48 1077.26 -534.284 100.451 -8.19522 0.245596
49 1040.98 -531.904 101.552 -8.07858 0.21663
50 1041.73 -531.893 101.531 -8.08649 0.214536
51 1066.28 -534.129 100.847 -8.13471 0.232593
52 960.784 -503.758 101.869 -9.05662 0.300408
53 -246.051 145.795 -26.9729 2.16714 -0.0634136
54 -185.724 141.969 -28.7834 1.97779 -0.0166678
55 -186.004 142.003 -28.7658 1.98236 -0.0156908
56 -189.052 141.702 -28.7732 1.98931 -0.0130771
57 -219.359 144.605 -27.8253 2.06153 -0.039629
58 -217.825 144.758 -27.8179 2.05983 -0.040359
59 -178.416 140.909 -28.8601 1.99213 -0.0163972
60 -182.162 140.64 -28.8447 2.00417 -0.0129978
61 -226.31 146.648 -27.8221 2.02809 -0.0380364
62 -225.386 146.699 -27.8299 2.02462 -0.0388501
63 -207.715 145.306 -28.3573 1.97909 -0.0251715
64 -206.775 145.321 -28.378 1.97192 -0.026948
65 -204.949 145.437 -28.3829 1.96819 -0.0278854
66 -357.295 158.278 -25.4964 2.10845 -0.0771473
67 -350.75 158.846 -25.49 2.09449 -0.0820406
68 -275.32 154.613 -27.2885 1.9202 -0.0402565
69 -270.857 154.901 -27.2924 1.91405 -0.0418075
70 -244.747 151.693 -27.7209 1.91072 -0.0335806
71 -245.075 151.648 -27.727 1.9099 -0.0336928
72 -245.73 151.583 -27.7301 1.91075 -0.0333328
73 -248.86 151.32 -27.7339 1.91605 -0.0316082
74 -236.771 150.646 -27.8654 1.90697 -0.03122
75 -321.366 156.987 -26.1978 2.00279 -0.0604458
76 82.1413 42.8594 -22.7409 3.19473 -0.135812
77 103.76 42.5729 -23.048 3.15445 -0.134324
78 66.7751 45.9101 -22.4584 3.16955 -0.141573
79 66.866 45.8892 -22.4677 3.16711 -0.142114
80 276.061 23.7918 -24.6283 3.14956 -0.116199
81 514.706 -181.52 24.5879 -1.39017 0.0281168
82 501.515 -182.83 24.5188 -1.37664 0.0345666
83 508.782 -182.32 24.512 -1.38893 0.0312849
84 507.962 -182.403 24.5061 -1.38887 0.0314286
85 504.464 -182.689 24.5054 -1.38174 0.0336872
86 505.193 -182.912 24.4554 -1.38884 0.0328193
87 455.902 -175.859 25.2205 -1.38427 0.02095
88 455.236 -175.95 25.2082 -1.38594 0.0207221
89 436.684 -174.353 25.7054 -1.35168 0.00894648
90 430.551 -174.891 25.6942 -1.34106 0.0126552
91 433.915 -174.609 25.6942 -1.34903 0.00997629
92 439.319 -174.164 25.7031 -1.35641 0.0076276
93 439.319 -174.164 25.7031 -1.35641 0.0076276
94 434.591 -174.515 25.7126 -1.34491 0.0109178
