0 69.6566 -8.24816 0.108731 0.0918799 -0.00426006
1 104.708 -16.4562 -0.419576 0.325689 -0.0166909
2 270.707 -56.4221 -1.19986 1.00453 -0.0528669
3 216.103 -52.1995 0.0406271 1.08875 -0.0783978
4 134.927 -26.8739 -0.387466 0.59907 -0.0386012
5 115.159 -19.8128 -0.449115 0.396688 -0.02113
6 462.647 -226.312 44.8309 -3.92052 0.128623
7 466.884 -226.62 44.6958 -3.93393 0.132792
8 526.627 -242.876 44.4304 -3.56977 0.107977
9 498.931 -235.128 44.5806 -3.76465 0.121441
10 521.262 -241.17 44.4785 -3.5924 0.108953
11 494.185 -239.683 45.1905 -3.52311 0.0903111
12 654.081 -281.282 43.8506 -2.56777 0.0356048
13 666.155 -284.87 43.7623 -2.48903 0.0319561
14 469.154 -226.521 44.6845 -3.95843 0.134206
15 387.75 -201.867 45.2762 -4.69046 0.18924
16 559.671 -267.067 49.8951 -4.00302 0.117866
17 561.264 -267.09 49.8546 -4.01292 0.116257
18 560.401 -267.299 49.8326 -4.00985 0.118602
19 571.033 -267.643 49.6079 -4.03454 0.123179
20 550.345 -265.527 50.039 -4.02002 0.112824
21 405.359 -211.645 47.1873 -4.79964 0.189073
22 529.45 -248.676 46.8099 -3.93218 0.125723
23 524.785 -247.841 47.0639 -3.90877 0.120501
24 513.892 -247.85 47.2146 -3.8913 0.117004
25 527.452 -248.564 46.7587 -3.95382 0.131069
26 515.1 -247.274 47.1935 -3.91704 0.119947
27 154.245 -134.386 47.1926 -6.56867 0.318742
28 177.366 -136.539 46.5492 -6.61235 0.335034
29 165.765 -135.806 46.8537 -6.58435 0.327738
30 197.49 -138.491 46.0886 -6.63633 0.345863
31 -616.596 388.049 -83.3213 7.64005 -0.251591
32 -610.059 388.377 -83.3339 7.63862 -0.249898
33 1021.14 -532.032 106.476 -9.29742 0.299162
34 1014.2 -531.699 106.657 -9.27728 0.295126
35 1019.36 -531.534 106.61 -9.2876 0.294809
36 980.547 -516 106.657 -9.80677 0.340553
37 738.356 -449.238 108.45 -11.5661 0.459157
38 785.034 -453.574 107.159 -11.6506 0.491458
39 1005.17 -524.975 106.529 -9.53559 0.319085
40 986.161 -524.071 107.021 -9.4827 0.305815
41 1017.76 -526.135 106.258 -9.5445 0.32479
42 1043.19 -536.478 106.397 -9.23407 0.29697
43 1036.29 -536.335 106.529 -9.21954 0.293815
44 1025.74 -534.967 106.906 -9.19495 0.284104
45 1062.7 -537.223 105.817 -9.30895 0.314606
46 1030.31 -535.045 106.79 -9.21075 0.287106
47 1036.36 -536.127 106.473 -9.23486 0.296721
48 1060.5 -540.413 106.379 -9.17263 0.292958
49 230.565 -73.0604 10.2126 -0.577365 0.0114933
50 214.031 -72.5224 10.5424 -0.543551 0.00488168
51 270.76 -91.8575 13.7695 -0.875587 0.0205947
52 251.744 -91.2903 14.1535 -0.836825 0.0120938
53 282.875 -98.7811 13.613 -0.682572 0.00956563
54 262.99 -97.1535 14.1495 -0.644647 -0.00310961
55 224.407 -83.0353 14.256 -1.08155 0.0318527
56 247.863 -85.0204 13.6659 -1.12127 0.0450535
57 202.47 -80.1316 14.6029 -1.12567 0.031212
58 220.929 -80.1755 14.317 -1.16432 0.0366384
59 227.056 -81.4818 13.9982 -1.18155 0.0462736
60 458.059 -98.2368 9.10691 -1.53313 0.145752
61 415.308 -102.835 8.89807 -1.45358 0.180867
62 416.445 -102.655 8.92544 -1.44964 0.181396
63 182.595 -68.354 14.5267 -1.4887 0.0607164
64 174.975 -69.5466 14.3843 -1.494 0.0643243
65 209.067 -79.3462 14.061 -1.19312 0.0433473
66 228.507 -80.9081 13.5022 -1.23779 0.057771
67 363.118 -123.598 13.1544 -0.0972013 -0.0306339
68 339.884 -120.67 13.8204 -0.0656204 -0.0464771
69 333.533 -120.724 13.9183 -0.0495664 -0.0477346
70 230.963 -86.1258 14.0226 -1.05613 0.0352459
71 220.233 -85.3551 14.3594 -1.02602 0.0253253
72 237.894 -86.5304 14.0409 -1.04181 0.0327542
73 235.907 -86.8237 14.0019 -1.04596 0.0325671
74 188.739 -75.1628 14.4285 -1.28376 0.0460515
75 254.658 -90.6608 13.5798 -0.945616 0.0323284
76 245.856 -89.8776 13.8601 -0.923549 0.0241141
77 246.208 -90.0267 13.824 -0.924577 0.026254
78 242.14 -91.0498 13.9795 -0.855264 0.0171604
79 -1133.92 687.477 -148.062 13.8596 -0.474051
80 -1143.03 688.78 -147.976 13.8567 -0.475455
81 -1136.84 688.462 -148.14 13.8406 -0.470497
82 -1128.21 688.094 -148.36 13.8159 -0.46459
83 -896.609 617.539 -149.078 15.6237 -0.599829
84 -902.975 617.699 -148.921 15.6469 -0.602416
85 -883.468 616.166 -149.48 15.5964 -0.589179
86 -931.016 619.147 -148.12 15.7272 -0.623707
87 -883.684 615.795 -149.349 15.6229 -0.596204
88 -905.064 616.98 -148.783 15.6822 -0.608976
89 -892.282 616.017 -149.135 15.6522 -0.600331
90 -797.785 593.172 -149.616 16.0877 -0.626761
91 -1345.34 765.3 -154.069 13.4085 -0.424353
92 -1278.34 759.339 -156.141 13.2385 -0.370351
93 -1336.67 763.104 -154.319 13.4254 -0.42018
94 -1308.23 760.505 -155.083 13.3757 -0.402628
