0 514.319 -254.473 52.3748 -4.98936 0.185704
1 515.259 -254.398 52.3759 -4.99029 0.185493
2 485.659 -251.054 52.8604 -4.9807 0.177434
3 955.786 -379.955 54.7436 -3.16782 0.0587921
4 663.957 -310.456 56.3133 -4.47023 0.133144
5 621.835 -290.692 55.3715 -4.91623 0.174814
6 534.315 -274.044 56.7928 -5.26959 0.186595
7 744.814 -333.828 56.8767 -4.1299 0.108919
8 788.641 -337.384 56.1221 -4.17053 0.118991
9 703.556 -323.306 57.1219 -4.37463 0.123179
10 712.33 -323.76 56.918 -4.38887 0.127272
11 688.684 -321.357 57.3658 -4.37665 0.11949
12 686.841 -321.118 57.4326 -4.37114 0.118322
13 575.003 -281.482 55.3346 -4.8894 0.165567
14 574.199 -281.56 55.3277 -4.88988 0.165556
15 566.622 -280.991 55.5547 -4.86943 0.159081
16 456.517 -248.799 55.9289 -5.64159 0.216192
17 706.522 -322.123 55.2273 -3.92928 0.0943698
18 699.851 -321.789 55.3436 -3.92167 0.0920502
19 699.704 -321.792 55.3465 -3.92067 0.0922969
20 694.059 -321.227 55.5602 -3.90121 0.08616
21 693.776 -321.201 55.5777 -3.89613 0.0873381
22 695.224 -321.131 55.5608 -3.90339 0.0854823
23 723.541 -323.726 54.8937 -3.94226 0.100195
24 709.208 -322.88 55.2113 -3.91894 0.0951007
25 691.9 -321.289 55.7076 -3.8857 0.0823112
26 690.812 -321.434 55.6926 -3.88607 0.0827194
27 727.053 -324.899 54.9143 -3.92337 0.0994736
28 728.374 -324.808 54.9129 -3.92559 0.0988879
29 699.515 -324.188 55.6462 -3.81602 0.078923
30 702.543 -323.888 55.663 -3.81845 0.0777097
31 699.527 -324.228 55.6324 -3.81947 0.0781621
32 703.748 -323.26 55.7619 -3.81477 0.0749231
33 703.282 -324.149 55.6057 -3.82034 0.0798812
34 361.292 -221.099 57.9782 -6.82177 0.301585
35 373.91 -221.941 57.5789 -6.86361 0.314334
36 380.817 -222.266 57.4029 -6.88208 0.319411
37 371.339 -221.415 57.7269 -6.85513 0.309461
38 353.025 -219.778 58.1906 -6.82822 0.298069
39 357.549 -220.127 58.0395 -6.8426 0.303098
40 576.275 -295.221 60.5124 -5.48705 0.186756
41 583.339 -295.379 60.3771 -5.50271 0.189753
42 567.933 -294.3 60.646 -5.48804 0.184998
43 579.876 -294.552 60.4142 -5.51439 0.190482
44 422.971 -247.191 60.8811 -6.73004 0.280543
45 438.106 -248.5 60.3847 -6.77542 0.293622
46 440.975 -248.429 60.3682 -6.7781 0.293609
47 607.847 -302.114 59.9006 -5.27665 0.176155
48 629.152 -303.727 59.3511 -5.31708 0.190167
49 603.469 -301.523 60.12 -5.26398 0.171797
50 596.915 -301.048 60.317 -5.24735 0.165665
51 407.928 -232.976 56.7371 -6.25278 0.260295
52 415.567 -232.939 56.637 -6.2643 0.263217
53 414.759 -233.282 56.5853 -6.26494 0.265388
54 416.928 -233.038 56.5998 -6.26792 0.263855
55 424.843 -234.741 56.1494 -6.29729 0.278779
56 372.587 -224.627 57.1771 -6.45762 0.272037
57 379.426 -223.953 57.2041 -6.46752 0.268126
58 395.029 -226.391 56.4673 -6.52305 0.293333
59 382.342 -225.042 56.8917 -6.49391 0.28041
60 402.838 -226.517 56.345 -6.53996 0.294949
61 400.028 -226.658 56.3619 -6.53531 0.29483
62 359.209 -223.959 57.6212 -6.40945 0.260204
63 394.755 -226.177 56.725 -6.48579 0.282017
64 392.126 -226.408 56.7138 -6.48481 0.282337
65 463.034 -249.44 56.3258 -5.82361 0.2321
66 457.308 -249.143 56.4978 -5.80088 0.22878
67 528.609 -270.35 56.9851 -5.50712 0.206026
68 513.413 -268.994 57.451 -5.46753 0.195301
69 535.987 -271.078 56.798 -5.51939 0.211157
70 520.56 -269.997 57.2381 -5.47899 0.199972
71 724.78 -346.286 63.3568 -4.92902 0.136666
72 616.9 -312.187 63.4725 -5.7834 0.201208
73 610.439 -311.985 63.6217 -5.765 0.198183
74 622.789 -313.036 63.2375 -5.79936 0.208854
75 658.239 -325.33 63.2835 -5.36441 0.167014
76 655.749 -325.736 63.2391 -5.36315 0.169551
77 650.653 -325.186 63.4098 -5.35273 0.163481
78 661.961 -325.704 63.1258 -5.38148 0.171942
79 658.418 -325.925 63.1331 -5.37727 0.172357
80 577.482 -299.494 63.1456 -6.03709 0.223103
81 676.169 -330.309 62.9558 -5.25763 0.163405
82 630.328 -314.633 62.8259 -5.65648 0.195412
83 607.548 -313.234 63.4699 -5.59048 0.179298
84 617.173 -313.984 63.195 -5.61325 0.186739
85 667.269 -328.336 62.944 -5.25866 0.162769
86 678.826 -329.249 62.6433 -5.28106 0.169658
87 345.573 -227.65 62.9041 -7.51198 0.327067
88 383.945 -231.832 61.7612 -7.58405 0.353996
89 361.859 -229.448 62.3034 -7.55732 0.342659
90 578.161 -301.563 62.799 -5.78773 0.201474
91 615.433 -303.574 61.9331 -5.86599 0.222614
92 585.066 -302.656 62.6594 -5.7807 0.201671
93 529.062 -288.363 62.9049 -5.98604 0.208016
94 570.537 -299.155 62.5218 -5.73803 0.195812
