0 -53.0164 11.7324 -0.929601 0.0377178 -0.000549331
1 27.8913 -9.58476 1.13316 -0.04876 0.000782624
2 -73.1843 15.844 -1.16976 0.04105 -0.000495925
3 -13.3328 1.03443 0.0858721 -0.00401762 8.37409e-05
4 38.1668 -10.8585 1.1082 -0.0422152 0.000607483
5 -31.3556 6.97119 -0.595358 0.028426 -0.000457983
6 -93.185 22.0128 -1.89863 0.0768429 -0.00111373
7 -34.0816 7.92959 -0.687797 0.0327267 -0.000543602
8 27.7103 -7.92605 0.822956 -0.0297288 0.000396285
9 12.0707 -5.43997 0.760296 -0.0343519 0.000571103
10 -71.9172 15.6234 -1.16944 0.041633 -0.000512192
11 -4.85371 0.141048 0.139096 -0.00495154 7.20921e-05
12 35.2552 -11.4501 1.2435 -0.0495541 0.000724592
13 -42.7127 8.52458 -0.576856 0.021155 -0.000274139
14 -15.7904 1.77224 0.011295 -0.00071487 2.84473e-05
15 58.6981 -16.4215 1.64063 -0.0633785 0.000892232
16 -53.5654 12.2817 -1.0065 0.041733 -0.000617445
17 -27.9896 3.73629 -0.0170732 -0.00556391 0.00018083
18 -10.2704 1.54156 0.0277347 -0.00229047 7.02448e-05
19 -3.87065 0.225428 0.0451173 0.00236466 -8.79045e-05
20 20.1991 -7.15155 0.828577 -0.0339046 0.000529884
21 -13.4712 1.12452 0.107764 -0.0058538 0.000115589
22 -18.1396 1.94544 0.103423 -0.00857749 0.000192004
23 35.136 -9.25044 0.902069 -0.0314878 0.000406596
24 -15.318 1.90684 0.0512654 -0.00599192 0.000172073
25 23.6526 -7.23581 0.801676 -0.0307804 0.000445277
26 23.561 -7.40749 0.807613 -0.0300489 0.000410504
27 -51.2027 11.1353 -0.839433 0.0326635 -0.000455629
28 54.0968 -16.1793 1.69329 -0.0691971 0.00105226
29 239.138 -64.1061 6.25223 -0.25578 0.00381741
30 7.36656 -3.24701 0.500778 -0.0222546 0.000375718
31 44.3083 -12.0352 1.1497 -0.0412734 0.000558268
32 57.551 -14.2987 1.36569 -0.0498359 0.000669648
33 -78.7746 19.868 -1.68701 0.0665049 -0.000935836
34 -49.2332 9.70247 -0.605086 0.018471 -0.000173095
35 46.2152 -13.2095 1.4462 -0.0608934 0.000947883
36 -1.17559 -1.61005 0.400607 -0.0204216 0.000381088
37 -2.80982 -1.47284 0.404708 -0.0205833 0.000372726
38 -112.344 27.4377 -2.29375 0.0869385 -0.0011696
39 33.324 -8.26179 0.928597 -0.0389986 0.000617067
40 -103.209 24.8143 -2.13079 0.0849378 -0.00122496
41 -41.3081 8.88918 -0.575433 0.019062 -0.000210816
42 31.3697 -9.6906 1.14311 -0.0497563 0.000799365
43 35.483 -10.1123 1.14976 -0.0491208 0.000781155
44 12.6616 -3.28069 0.408258 -0.0148295 0.000214399
45 2.84563 -2.47275 0.407136 -0.0172247 0.000282441
46 116.173 -31.9029 3.27896 -0.138772 0.0021508
47 100.218 -27.1461 2.76184 -0.11478 0.00175523
48 -15.7499 3.35426 -0.193083 0.00819158 -0.000102979
49 -51.6666 11.0273 -0.755349 0.0261329 -0.000319139
50 -57.9182 11.9017 -0.784273 0.0245661 -0.000246132
51 -38.889 9.08561 -0.740753 0.0323026 -0.000505837
52 51.4586 -13.6158 1.45545 -0.0616126 0.0009769
53 34.4378 -9.03395 0.921022 -0.0341415 0.00046955
54 56.4034 -14.1079 1.41362 -0.0555626 0.000816445
55 -122.837 31.6009 -2.81928 0.113283 -0.00163914
56 22.455 -6.04207 0.681886 -0.0266628 0.000394806
57 2.27492 -1.07019 0.262131 -0.0120794 0.000221438
58 1.30611 -1.29881 0.274478 -0.0108475 0.000163635
59 19.4818 -5.99276 0.701875 -0.0286648 0.000452671
60 7.12812 -1.87576 0.267112 -0.00970007 0.000157371
61 -119.572 30.5486 -2.77072 0.114362 -0.00171039
62 50.7783 -13.9734 1.42669 -0.0562894 0.000824381
63 -2.41068 -0.279394 0.172739 -0.00669185 0.000105546
64 223.157 -54.9794 5.19597 -0.208134 0.00307385
65 104.036 -24.2641 2.29011 -0.0888773 0.00127718
66 421.981 -107.111 10.2051 -0.41561 0.00620915
67 89.5071 -20.0292 1.84502 -0.069531 0.000983683
68 114.053 -26.191 2.45875 -0.0955597 0.00137215
69 260.006 -62.9745 5.83658 -0.22962 0.00331855
70 86.9307 -19.8011 1.88182 -0.0732784 0.00106883
71 167.439 -38.7299 3.51553 -0.133891 0.00188444
72 0.710039 3.31532 -0.387331 0.0225593 -0.000404593
73 282.186 -69.3484 6.48092 -0.25716 0.00374601
74 128.215 -31.5457 3.13112 -0.130179 0.00200205
75 213.655 -49.9866 4.50339 -0.170534 0.00237456
76 145.631 -32.8361 2.95428 -0.1106 0.00153302
77 188.014 -45.6237 4.25894 -0.167178 0.00241163
78 240.876 -57.9626 5.36595 -0.211003 0.00306194
79 388.686 -97.6539 9.17471 -0.36784 0.00540773
80 175.019 -41.7112 3.8785 -0.151861 0.00219709
81 107.367 -23.5861 2.16303 -0.0819937 0.00116081
82 87.7583 -19.7669 1.82012 -0.0679357 0.000944882
83 131.638 -31.5737 3.00404 -0.119775 0.00177504
84 49.3874 -10.1019 1.02889 -0.041312 0.000626324
85 193.345 -48.577 4.77416 -0.198422 0.003032
86 87.8903 -18.5497 1.68718 -0.0624378 0.000863616
87 295.49 -70.2584 6.33325 -0.242319 0.00340792
88 183.235 -44.9252 4.30189 -0.173658 0.00258085
89 71.8741 -14.8412 1.32849 -0.0473755 0.00063952
90 178.154 -42.4297 3.9482 -0.154904 0.00224376
91 252.055 -60.8156 5.6021 -0.218213 0.00311682
92 208.823 -49.3971 4.50112 -0.173503 0.00247447
93 128.838 -31.9102 3.13589 -0.128966 0.00197117
94 258.486 -61.4025 5.54348 -0.211786 0.00297572
