0 -47.4128 10.6357 -0.846036 0.034484 -0.000498051
1 -36.3251 9.63219 -0.841038 0.0367888 -0.000560984
2 3.25737 -2.89579 0.482683 -0.0219326 0.000364324
3 4.81258 -2.89539 0.480969 -0.021958 0.000371014
4 7.75046 -3.40379 0.488681 -0.020764 0.000334399
5 -55.4472 14.0982 -1.19215 0.0480565 -0.000693881
6 103.809 -27.5778 2.6762 -0.105443 0.00151811
7 -40.2956 10.911 -1.02294 0.0475196 -0.000787073
8 31.0827 -9.24066 1.05733 -0.044793 0.00069815
9 35.288 -10.513 1.08051 -0.0405002 0.000550374
10 30.9511 -9.68566 1.05711 -0.043068 0.000657152
11 125.469 -33.8401 3.28292 -0.130608 0.0018923
12 50.2694 -13.784 1.33809 -0.0506422 0.000718308
13 -66.0773 16.2688 -1.37823 0.0556192 -0.000815105
14 -21.6861 2.51489 0.0408987 -0.00601052 0.000150526
15 -5.76716 0.149974 0.071704 -0.000187503 -2.78681e-05
16 -8.97835 0.794738 0.0560615 -0.00209006 4.7285e-05
17 -14.8228 4.38437 -0.348236 0.0163849 -0.000258354
18 -26.9346 5.57276 -0.357435 0.0135161 -0.0001761
19 -2.46986 -1.2067 0.261779 -0.010761 0.000175035
20 -2.40565 -0.734535 0.251407 -0.0121306 0.000220493
21 -18.2806 5.3275 -0.465058 0.0219652 -0.000343003
22 -13.566 4.32087 -0.445941 0.0249883 -0.000456368
23 -0.779075 -0.286101 0.186839 -0.00898322 0.000166737
24 -29.0389 7.26888 -0.572673 0.0236541 -0.000338434
25 8.67723 -4.28667 0.631312 -0.0290921 0.000491628
26 -74.3873 16.7529 -1.34186 0.0510129 -0.000695537
27 37.5484 -10.9456 1.17311 -0.0481692 0.000738936
28 60.0308 -16.194 1.62818 -0.0647035 0.000946152
29 -26.077 6.26606 -0.487028 0.0207504 -0.000306688
30 -45.8751 12.0181 -1.05922 0.0451552 -0.00068584
31 35.0091 -9.76961 1.07899 -0.0454954 0.000714414
32 45.3443 -10.4987 1.09771 -0.044311 0.000667455
33 48.2207 -10.6434 1.0938 -0.0441218 0.000670555
34 34.6167 -9.1388 1.0764 -0.0480828 0.00079426
35 90.9687 -22.5187 2.29116 -0.0951951 0.00144637
36 195.197 -47.2968 4.42365 -0.174474 0.00252952
37 110.323 -27.1384 2.64326 -0.106886 0.00160011
38 97.4087 -25.2703 2.60519 -0.110257 0.00171134
39 162.372 -40.1622 3.88391 -0.158424 0.00238422
40 224.993 -52.9675 4.73465 -0.177864 0.00245158
41 106.407 -23.5175 2.15371 -0.0820562 0.00116839
42 40.5833 -9.41967 0.983088 -0.0392792 0.000593356
43 -16.1696 4.17665 -0.152439 0.00163669 4.85732e-05
44 198.572 -48.7003 4.62399 -0.186557 0.00278247
45 -27.412 11.2251 -1.18501 0.0567783 -0.000933713
46 39.7999 -9.28299 0.963469 -0.0384119 0.000576612
47 74.5707 -17.5668 1.73649 -0.0702468 0.00106099
48 72.9502 -17.3315 1.73362 -0.0709047 0.00108155
49 43.9511 -7.78464 0.676415 -0.0218397 0.000267039
50 111.223 -26.7228 2.58862 -0.104385 0.00155448
51 114.031 -26.933 2.59475 -0.103989 0.00154265
52 56.52 -11.7228 1.07778 -0.0393714 0.000549564
53 69.2481 -13.5055 1.11107 -0.0346715 0.000379762
54 85.5781 -19.0011 1.7782 -0.0684537 0.000989542
55 191.425 -46.6068 4.40199 -0.175848 0.00258779
56 46.0891 -8.19644 0.706079 -0.0231774 0.000298446
57 34.1892 -6.57104 0.698379 -0.0277186 0.000419485
58 107.625 -24.1284 2.22965 -0.085962 0.00123932
59 110.145 -24.6557 2.23429 -0.0844951 0.00119683
60 -16.1026 6.84527 -0.640992 0.029223 -0.000449743
61 33.934 -5.98754 0.579333 -0.0212072 0.000315277
62 64.2644 -12.8796 1.12797 -0.0389416 0.000503567
63 185.69 -43.456 3.93885 -0.150509 0.00211906
64 78.5998 -16.5212 1.45347 -0.0509664 0.000668594
65 136.467 -32.2752 2.98851 -0.114532 0.0016172
66 1.83019 -0.647782 0.295643 -0.0173092 0.00036402
67 28.4465 -4.21731 0.33521 -0.00736506 5.34128e-05
68 93.416 -21.8672 2.0916 -0.0817761 0.00118856
69 240.939 -59.3607 5.57047 -0.221016 0.00321659
70 17.5108 -3.36771 0.444613 -0.0185394 0.000298165
71 -13.4554 5.68874 -0.506078 0.0233724 -0.000358479
72 111.96 -25.42 2.36232 -0.0921781 0.00135518
73 4.77097 1.00014 -0.0602314 0.00545712 -0.000101767
74 83.7102 -19.1716 1.84034 -0.0725206 0.00106803
75 95.642 -20.701 1.87275 -0.0696402 0.00096955
76 170.548 -40.2021 3.67813 -0.141447 0.00200775
77 27.6219 -5.43369 0.584109 -0.0226972 0.000344306
78 87.2501 -19.9232 1.89159 -0.0736052 0.00106759
79 123.995 -28.7238 2.64277 -0.101039 0.00142996
80 62.5001 -13.4878 1.30831 -0.0514888 0.000769529
81 73.303 -15.0354 1.32293 -0.0472097 0.000644309
82 64.1778 -13.5418 1.28263 -0.0498401 0.000747931
83 151.18 -35.9767 3.40869 -0.136684 0.00203918
84 84.7435 -19.0239 1.76748 -0.0672315 0.000958068
85 164.119 -39.3957 3.71796 -0.148608 0.00220866
86 263.569 -64.0013 5.95315 -0.236237 0.00345934
87 130.647 -29.5632 2.6758 -0.101085 0.00142156
88 63.6264 -13.5559 1.33338 -0.052682 0.00077868
89 67.8607 -14.4711 1.34422 -0.0502397 0.000706541
90 123.514 -27.7399 2.57902 -0.100562 0.00146278
91 99.0674 -21.7897 1.99266 -0.0747742 0.00103912
92 123.208 -30.1031 2.92363 -0.118968 0.00179397
93 157.583 -37.3196 3.49252 -0.13813 0.00203171
94 127.164 -28.9364 2.6391 -0.10021 0.00140947
