0 141.604 -33.851 3.2122 -0.127765 0.00187298
1 29.5399 -6.49025 0.707095 -0.0286176 0.000447136
2 143.35 -34.0505 3.2014 -0.126268 0.00183804
3 -17.3499 6.1254 -0.497145 0.0215726 -0.000329541
4 53.5339 -13.8155 1.48812 -0.063646 0.00100851
5 206.396 -48.465 4.36813 -0.166718 0.00235222
6 105.58 -24.8444 2.38341 -0.0955844 0.00143132
7 117.948 -29.2049 2.85564 -0.11579 0.00172456
8 146.266 -32.8827 2.89256 -0.105654 0.00141643
9 -93.1836 25.1654 -2.25976 0.091642 -0.00134209
10 26.1086 -3.20499 0.273962 -0.00665634 5.66766e-05
11 178.794 -44.6787 4.32017 -0.176186 0.00263547
12 57.1455 -12.8123 1.29412 -0.0523082 0.000792391
13 124.485 -27.9266 2.52004 -0.0948683 0.00132669
14 -33.566 10.4241 -0.937456 0.0410205 -0.00063605
15 64.047 -13.8081 1.32157 -0.0509953 0.000743705
16 49.1686 -8.96652 0.764745 -0.0247873 0.000312318
17 193.552 -45.8295 4.21839 -0.164133 0.00235204
18 40.3611 -6.93148 0.601997 -0.0192754 0.00023873
19 102.79 -24.074 2.27208 -0.0888356 0.00129565
20 89.2424 -19.7236 1.81994 -0.0697708 0.00100651
21 -36.7821 8.90775 -0.605251 0.0204142 -0.000238544
22 93.6404 -20.4568 1.87706 -0.0720211 0.00105317
23 47.9236 -8.7256 0.757699 -0.0250619 0.000316693
24 35.679 -7.38466 0.743999 -0.0287886 0.000436008
25 -13.2983 6.65571 -0.66457 0.0317812 -0.000508954
26 -3.77015 5.2878 -0.654671 0.0364295 -0.000655114
27 74.0185 -17.2563 1.69285 -0.0682763 0.00102885
28 -4.51727 2.64958 -0.175307 0.00811424 -0.000114408
29 -62.8999 18.5878 -1.66613 0.0679273 -0.000986066
30 0.83333 1.79978 -0.147994 0.00878401 -0.000139149
31 49.2688 -10.0045 0.912491 -0.0322644 0.000433277
32 -30.4987 7.20064 -0.54018 0.0218376 -0.00030727
33 81.2295 -21.6061 2.23882 -0.094404 0.00146424
34 -0.607076 -0.652657 0.166168 -0.00523968 7.18454e-05
35 -1.69639 -0.152392 0.155328 -0.00685405 0.000126119
36 1.91836 -0.572456 0.161338 -0.00542755 7.77134e-05
37 6.38248 -0.994077 0.15926 -0.00441445 6.06539e-05
38 -44.5996 10.8554 -0.861261 0.0336162 -0.000464398
39 -19.1911 3.95356 -0.234589 0.00977755 -0.000139569
40 26.9152 -7.54092 0.817277 -0.0310996 0.000431228
41 36.9306 -11.7067 1.31031 -0.0548201 0.00083723
42 44.3342 -12.3579 1.3066 -0.0534063 0.00080835
43 -7.24393 2.24982 -0.113303 0.00603927 -0.000102759
44 3.99102 -3.31435 0.534367 -0.024053 0.0003897
45 -24.7812 7.13395 -0.61997 0.0281995 -0.000449183
46 46.6729 -10.9828 1.07563 -0.0406575 0.00057554
47 38.283 -10.2453 1.07278 -0.0425214 0.000627061
48 -65.5443 16.6538 -1.42492 0.0568901 -0.000811544
49 34.8297 -9.28806 0.955016 -0.0361547 0.00050268
50 61.0638 -15.5156 1.50938 -0.0580017 0.000829101
51 -19.545 4.85896 -0.334925 0.0139444 -0.000200639
52 -53.9439 15.1389 -1.36105 0.0567629 -0.000836917
53 -16.0142 4.83443 -0.419623 0.020098 -0.000312872
54 -12.8911 1.99159 -0.00510334 -0.00156003 5.73934e-05
55 76.6669 -19.2486 1.86779 -0.0736698 0.0010846
56 -14.4931 3.88065 -0.292835 0.0138758 -0.000219566
57 -12.7674 3.93589 -0.297252 0.0135454 -0.000198574
58 36.1779 -8.28848 0.827201 -0.0311788 0.000450656
59 -18.7166 4.30853 -0.24173 0.0078112 -6.63601e-05
60 59.6275 -14.0957 1.32328 -0.0491884 0.000682496
61 -15.392 3.27071 -0.11764 0.00188301 2.78684e-05
62 41.9318 -10.3827 1.06979 -0.0427825 0.000643498
63 10.5982 -1.19449 0.159475 -0.00469856 6.85895e-05
64 -45.1305 12.5809 -1.11516 0.0470822 -0.000711574
65 2.65375 -0.902033 0.265377 -0.0133937 0.00025011
66 0.554722 -1.05695 0.277202 -0.0125625 0.000209012
67 8.36734 -1.78299 0.27779 -0.0112237 0.000179865
68 5.28748 -1.27827 0.268635 -0.0123886 0.000218434
69 5.5899 -1.26807 0.265891 -0.0125695 0.00022137
70 -13.5941 3.88774 -0.249083 0.0097851 -0.000124879
71 -120.946 30.6972 -2.65077 0.101819 -0.00139666
72 -20.6373 5.79461 -0.453515 0.0191905 -0.000279287
73 -25.5989 6.63456 -0.464417 0.0165183 -0.00019021
74 46.9855 -9.80671 0.95564 -0.0375513 0.000573943
75 51.3984 -10.7594 0.98058 -0.0350259 0.00047276
76 6.29809 -0.563738 0.138538 -0.0047963 7.15116e-05
77 3.83057 -0.184031 0.130792 -0.00621072 0.000128789
78 30.7642 -6.64177 0.680711 -0.0264188 0.000397536
79 60.6808 -13.4972 1.27065 -0.0485286 0.000706165
80 -3.63763 2.10886 -0.1157 0.0051824 -6.34666e-05
81 -33.9032 11.2407 -1.05258 0.0454977 -0.000685721
82 -66.7955 19.1217 -1.78843 0.0751492 -0.00111267
83 26.9237 -6.28425 0.676223 -0.0273023 0.000425176
84 10.445 -1.66297 0.234503 -0.00904035 0.000149585
85 32.4724 -6.42979 0.63478 -0.023799 0.000351514
86 -21.176 6.73344 -0.623978 0.0296337 -0.000486818
87 9.17321 -1.61527 0.262402 -0.0112582 0.000193326
88 51.4887 -12.7643 1.32917 -0.0552883 0.000858492
89 -33.9831 10.3704 -0.987746 0.0449787 -0.000722266
90 -45.1336 12.0014 -1.03287 0.0419881 -0.000596131
91 76.3666 -18.9936 1.91631 -0.0789411 0.00120073
92 -6.25874 4.50297 -0.499138 0.0272695 -0.000489487
93 76.3866 -16.5532 1.49323 -0.0546713 0.000750641
94 -25.6567 8.61358 -0.839047 0.0392534 -0.000630495
