0 -117.407 31.4995 -2.91787 0.120957 -0.00180551
1 -126.807 32.7006 -2.91821 0.117299 -0.00171526
2 38.0807 -8.83382 0.963974 -0.0408805 0.000659889
3 42.437 -9.8219 0.994363 -0.0390003 0.000581602
4 -10.5132 4.51678 -0.379864 0.0172753 -0.000254235
5 -17.3783 5.33083 -0.394465 0.0161929 -0.000228749
6 34.7308 -7.81073 0.859647 -0.0368528 0.000606205
7 51.7007 -10.6334 0.917152 -0.0296737 0.000351188
8 -91.1073 23.3117 -2.02286 0.0801745 -0.0011431
9 39.6439 -8.44716 0.840406 -0.0327228 0.000496302
10 52.8431 -12.9228 1.31794 -0.0531491 0.000802628
11 21.4745 -2.77387 0.220905 -0.0028381 -3.44845e-05
12 6.05207 -1.03702 0.198595 -0.00774033 0.000131996
13 5.4035 -0.604262 0.182951 -0.008889 0.000183697
14 -75.1925 18.721 -1.53158 0.0580805 -0.000790489
15 12.8917 -1.35957 0.184905 -0.00640444 0.000104212
16 38.2853 -8.6009 0.825674 -0.0301424 0.000422918
17 -10.9184 5.1647 -0.487242 0.0234884 -0.000375385
18 -18.1482 5.92199 -0.494805 0.0211894 -0.000301812
19 -12.0171 5.28973 -0.492167 0.0235554 -0.000379155
20 -67.7447 17.4152 -1.47987 0.0581965 -0.000814548
21 -59.9751 16.7688 -1.4831 0.0602707 -0.000869142
22 8.57237 2.22355 -0.358031 0.0234603 -0.000443957
23 85.401 -17.6959 1.5266 -0.0532499 0.000691688
24 23.5022 -4.28158 0.420055 -0.0141586 0.000196798
25 37.9219 -8.34225 0.899147 -0.0380889 0.000615214
26 -60.3255 15.2436 -1.21558 0.0443906 -0.00055679
27 -36.6352 12.0286 -1.18984 0.0545611 -0.000881072
28 -46.8641 13.5333 -1.20343 0.0500219 -0.00073767
29 -21.7077 6.2916 -0.490461 0.0207566 -0.000308924
30 69.3752 -15.7557 1.55747 -0.0634216 0.000972909
31 -3.59072 1.40455 0.00301597 -0.00195224 7.79844e-05
32 104.013 -23.2485 2.10353 -0.0785243 0.00109494
33 22.4127 -6.2409 0.865701 -0.0416957 0.000726449
34 35.4666 -7.65763 0.867517 -0.0380076 0.000639959
35 -7.65824 2.65762 -0.158416 0.00788703 -0.000125474
36 47.8575 -11.1311 1.1015 -0.0420698 0.000599852
37 153.99 -37.6485 3.5986 -0.145105 0.00216145
38 23.8832 -4.66264 0.47972 -0.0163914 0.000219482
39 -44.9393 12.6841 -1.05228 0.041317 -0.000573989
40 42.6924 -9.38257 0.932677 -0.035603 0.000518561
41 20.9909 -4.08351 0.485935 -0.020012 0.000325963
42 -45.4886 11.8349 -0.96178 0.0382425 -0.000545638
43 -93.5226 24.2717 -2.15565 0.0867451 -0.00124122
44 -22.4792 5.96251 -0.373413 0.0117269 -9.96016e-05
45 127.108 -30.5239 2.90199 -0.115354 0.00170115
46 38.1802 -7.53744 0.720435 -0.0258322 0.00035774
47 86.0296 -21.7952 2.16047 -0.0875619 0.00131233
48 -60.6286 17.654 -1.63983 0.0699451 -0.00106876
49 -30.5894 9.37798 -0.800639 0.0329792 -0.000469105
50 96.7743 -22.3289 2.09105 -0.0808972 0.00116567
51 270.291 -64.6482 5.91914 -0.231344 0.00333407
52 -6.07889 1.18583 0.0651928 -0.0049093 0.000122684
53 -18.9445 6.51371 -0.553809 0.0236965 -0.000337522
54 -19.3212 6.78162 -0.552336 0.022889 -0.000326481
55 43.4945 -8.47931 0.780622 -0.0275677 0.000377368
56 -19.3775 6.0132 -0.482777 0.0203887 -0.000287852
57 57.7023 -13.7572 1.37685 -0.0554487 0.000841556
58 59.5552 -14.3318 1.39065 -0.053743 0.00078022
59 94.3732 -22.2644 2.17424 -0.0874366 0.00130131
60 72.3541 -16.9089 1.70163 -0.0698406 0.00106429
61 45.262 -10.8966 1.12729 -0.0461794 0.000719781
62 91.5905 -21.4698 2.01697 -0.0779003 0.00112297
63 -43.1878 11.8139 -1.00217 0.0408613 -0.0005877
64 -40.8146 11.4905 -1.00008 0.0414185 -0.000599614
65 -50.8622 12.5794 -1.0041 0.0385962 -0.000526729
66 57.759 -12.646 1.20496 -0.0462176 0.000671524
67 31.8488 -7.42334 0.79032 -0.0314047 0.000473705
68 -11.2311 3.7483 -0.246785 0.00989427 -0.000128342
69 -19.4248 4.35677 -0.245625 0.00813333 -8.17307e-05
70 -11.0856 3.59876 -0.242492 0.0100888 -0.000132292
71 -7.351 3.45083 -0.244225 0.0103959 -0.000141387
72 19.038 -5.91135 0.775616 -0.0361082 0.000624781
73 -74.6757 19.7754 -1.76677 0.0724195 -0.0010655
74 -2.97079 0.78551 0.109486 -0.00835023 0.000205621
75 127.464 -30.622 2.8661 -0.11197 0.00161611
76 -88.2468 21.6756 -1.79058 0.0670469 -0.000896367
77 56.192 -12.5034 1.16553 -0.0427475 0.000588205
78 44.8854 -11.2075 1.15476 -0.0464419 0.000694008
79 53.5722 -12.0697 1.16203 -0.0439792 0.000618498
80 61.1787 -15.5363 1.5644 -0.0630947 0.000941669
81 -64.1329 18.5428 -1.74243 0.0736617 -0.00109909
82 112.102 -26.8785 2.51325 -0.0968591 0.00137428
83 37.1067 -8.29781 0.833723 -0.0316514 0.000449972
84 14.3646 -2.70448 0.314402 -0.0110257 0.000157248
85 56.6873 -15.4992 1.68945 -0.0731328 0.00115725
86 -35.7164 9.89435 -0.786198 0.0299707 -0.000394325
87 -91.0349 23.4614 -2.06051 0.0825633 -0.00119528
88 -36.7885 9.92407 -0.827494 0.0337838 -0.00048544
89 63.9032 -14.4762 1.41121 -0.0560977 0.000840359
90 27.1957 -4.82901 0.460805 -0.0156209 0.000212301
91 -29.8156 9.3881 -0.861397 0.0379043 -0.000581851
92 11.9714 -2.29034 0.327601 -0.0137392 0.000224764
93 39.6917 -8.04787 0.750292 -0.0260602 0.000337991
94 34.2854 -7.18147 0.732134 -0.0286831 0.000431793
