0 152.643 -36.2354 3.38815 -0.132976 0.00193095
1 -9.99926 3.70255 -0.232507 0.00902717 -9.93888e-05
2 10.8015 0.893611 -0.167197 0.0133789 -0.000253429
3 61.2435 -12.8862 1.20598 -0.0449899 0.000632855
4 -40.4689 12.5382 -1.15725 0.050259 -0.0007655
5 83.7085 -19.5113 1.88971 -0.0756586 0.00114533
6 48.7026 -9.3954 0.843346 -0.0282823 0.000353514
7 -59.2848 16.671 -1.48172 0.0615818 -0.000916391
8 141.768 -34.2187 3.26223 -0.131616 0.00197956
9 94.2287 -21.8933 2.09183 -0.0827937 0.00122616
10 -8.98623 3.60065 -0.225907 0.00867167 -9.77006e-05
11 -44.6737 13.2557 -1.16254 0.047273 -0.000664594
12 132.268 -30.7642 2.81674 -0.106779 0.00149199
13 28.9507 -6.18255 0.637748 -0.023643 0.000338719
14 -20.6746 6.03365 -0.430891 0.016424 -0.000205034
15 64.7583 -14.4637 1.32331 -0.0477781 0.000641704
16 5.32999 -0.588015 0.166679 -0.00720085 0.000138917
17 117.815 -27.0691 2.52987 -0.0985836 0.00142635
18 120.054 -27.3938 2.53093 -0.0978141 0.00141273
19 -15.1914 5.9484 -0.475772 0.0194398 -0.000262302
20 49.5641 -10.8644 1.0789 -0.0426164 0.000647444
21 18.8287 -2.3684 0.210684 -0.00424323 2.89447e-05
22 -16.4323 7.0715 -0.692744 0.0331819 -0.00053477
23 2.45425 2.77964 -0.317491 0.0178577 -0.000293128
24 2.52919 2.54469 -0.30519 0.0190188 -0.000354055
25 0.688986 3.35595 -0.338651 0.0169547 -0.000246598
26 14.2967 -1.40923 0.137331 -0.00196705 3.1557e-06
27 -7.81515 3.97607 -0.348916 0.0169872 -0.000265035
28 10.1356 1.82604 -0.329251 0.0229103 -0.000441128
29 118.679 -28.1753 2.72862 -0.111477 0.00170032
30 -17.3434 6.65261 -0.60655 0.0281015 -0.000446836
31 13.6081 -0.874626 0.0933855 -0.000279107 -2.36623e-05
32 57.3122 -11.911 1.12007 -0.0420714 0.000608202
33 45.3069 -10.7722 1.12367 -0.0451001 0.000675419
34 61.5985 -12.9042 1.1618 -0.0409451 0.000540765
35 37.2684 -9.87043 1.14999 -0.0514085 0.000859668
36 65.2383 -13.7311 1.21329 -0.041474 0.000517304
37 63.6413 -13.3403 1.20359 -0.0428743 0.000573047
38 53.99 -12.2082 1.19014 -0.044984 0.00062241
39 1.22384 2.99062 -0.395498 0.0253985 -0.000499073
40 37.081 -7.68103 0.725405 -0.0256409 0.000356066
41 -44.1095 11.4625 -0.897817 0.0337778 -0.000443937
42 123.657 -28.6163 2.68118 -0.106011 0.00157158
43 60.007 -14.3928 1.44863 -0.0581838 0.000869688
44 -29.9463 8.75935 -0.711794 0.0284617 -0.000392926
45 73.0362 -16.3108 1.53746 -0.0585786 0.000833205
46 26.4791 -4.55659 0.483048 -0.0179364 0.000259307
47 -6.34766 1.79038 -0.0138314 -0.00101492 5.52883e-05
48 30.9831 -5.83068 0.588292 -0.0221661 0.000330675
49 -41.7763 12.4037 -1.10924 0.0469111 -0.000702067
50 77.2986 -17.3305 1.64358 -0.0641987 0.000944224
51 1.64789 2.01533 -0.171777 0.00957807 -0.000152055
52 99.9654 -23.5716 2.2604 -0.0897207 0.00132006
53 69.4134 -15.0873 1.41595 -0.0537695 0.000768561
54 59.7285 -13.6969 1.39379 -0.0578877 0.000907262
55 67.1911 -14.9898 1.4183 -0.0536514 0.000757588
56 50.7738 -10.5522 0.976794 -0.0351827 0.000480309
57 69.5051 -14.9995 1.37986 -0.0517614 0.000738917
58 21.5578 -3.69184 0.344161 -0.00962978 0.000102438
59 -54.008 15.9361 -1.46183 0.0620537 -0.000940803
60 85.9693 -21.0486 2.05147 -0.0820605 0.00121838
61 100.459 -22.5646 2.06593 -0.0786714 0.00111926
62 12.6401 -0.151131 -0.0416695 0.00754309 -0.000168923
63 78.3154 -19.1229 1.86942 -0.0744592 0.00109918
64 120.593 -26.0871 2.3326 -0.0866824 0.00119022
65 69.0206 -14.6351 1.42762 -0.0565131 0.000836011
66 233.051 -56.7917 5.35803 -0.214613 0.00315955
67 109.19 -23.4896 2.12709 -0.0804958 0.00114004
68 27.9439 -3.05966 0.295702 -0.0100335 0.000155023
69 25.6964 -2.7791 0.298772 -0.0105464 0.000152098
70 59.9815 -12.272 1.17979 -0.0455737 0.000661803
71 221.232 -51.3608 4.60423 -0.175139 0.00245887
72 -21.3631 7.27299 -0.454958 0.0121766 -7.10004e-05
73 0.073096 4.49689 -0.444492 0.0211616 -0.000326219
74 39.1371 -6.51371 0.564631 -0.01796 0.000224091
75 238.459 -56.1802 5.10228 -0.197371 0.00281249
76 -59.6424 17.6569 -1.53017 0.0614768 -0.0008973
77 64.6959 -11.9063 0.992476 -0.0326986 0.000405784
78 83.589 -17.6271 1.58161 -0.0581219 0.000799056
79 25.4001 -2.91927 0.273682 -0.00833637 0.00010856
80 181.906 -42.3643 3.85626 -0.148379 0.00210687
81 123.936 -26.3729 2.29842 -0.0844243 0.00116651
82 335.264 -80.7607 7.36178 -0.286726 0.00410721
83 121.1 -26.1872 2.31037 -0.0851606 0.00116824
84 70.6788 -14.6098 1.40467 -0.0560853 0.000852425
85 151.988 -33.8792 3.04008 -0.114013 0.00157015
86 64.4377 -11.5512 0.953545 -0.0309304 0.000377956
87 -8.42326 5.99567 -0.521817 0.0222708 -0.000325615
88 1.93366 4.20071 -0.475389 0.0250129 -0.000415832
89 275.931 -67.2087 6.23935 -0.246489 0.00357353
90 180.495 -41.9183 3.84036 -0.149462 0.00215102
91 111.323 -25.0491 2.37724 -0.0941281 0.00137437
92 -96.8314 26.5528 -2.28122 0.0870344 -0.00118362
93 324.68 -77.7503 7.06734 -0.274377 0.00391787
94 1.95707 4.71181 -0.544178 0.0284216 -0.00048476
