0 150.532 -34.3255 3.08814 -0.116411 0.0016105
1 141.837 -33.1713 3.08308 -0.120451 0.00174123
2 65.9938 -14.037 1.33028 -0.0517431 0.000769984
3 113.093 -25.6234 2.37218 -0.0921923 0.00134019
4 90.3945 -22.7537 2.32082 -0.0981158 0.00153086
5 154.055 -37.5482 3.60023 -0.145905 0.00218846
6 134.267 -32.0249 3.03483 -0.120711 0.00177458
7 108.953 -22.8895 1.97318 -0.0704601 0.000939774
8 86.1582 -20.0704 1.95133 -0.078467 0.00117278
9 -7.4108 4.25569 -0.362893 0.0161317 -0.000229659
10 2.65019 3.17626 -0.361229 0.0194461 -0.000319032
11 133.299 -31.1559 2.9182 -0.115577 0.00170638
12 180.986 -43.2274 4.03619 -0.159707 0.00232877
13 114.502 -26.9045 2.53529 -0.100366 0.0014791
14 81.2648 -17.0586 1.53495 -0.0566548 0.00078644
15 194.973 -45.9477 4.2173 -0.164593 0.00237377
16 166.27 -37.482 3.31763 -0.12388 0.00171202
17 23.9239 -2.93185 0.19357 -0.00116174 -4.99031e-05
18 -28.8024 9.66494 -0.885063 0.0380812 -0.000566286
19 105.032 -22.7498 2.02388 -0.0746459 0.00102687
20 141.843 -33.517 3.17626 -0.12818 0.00193085
21 110.322 -24.0538 2.15422 -0.0798595 0.00109215
22 39.4897 -6.05949 0.431914 -0.0095179 6.27505e-05
23 195.14 -45.8521 4.21575 -0.164439 0.00235718
24 137.529 -31.0197 2.82297 -0.108335 0.00154518
25 69.6388 -14.0187 1.24454 -0.0453766 0.000632714
26 147.975 -34.1274 3.13951 -0.122581 0.00178148
27 91.9877 -20.0979 1.82141 -0.0684512 0.00096329
28 92.8129 -19.9591 1.81521 -0.0691262 0.000998907
29 -25.1278 10.6011 -1.11069 0.0526423 -0.000859795
30 106.882 -24.0496 2.22804 -0.0861791 0.00123888
31 77.3145 -16.7313 1.53318 -0.0573779 0.000802255
32 83.7347 -17.6719 1.55647 -0.0549833 0.000710099
33 55.3731 -14.4935 1.53918 -0.0645103 0.000992461
34 82.6725 -17.5047 1.56194 -0.0568934 0.000776049
35 109.806 -28.208 2.82117 -0.116732 0.00177015
36 116.556 -28.7317 2.81541 -0.115398 0.00175507
37 62.9932 -13.853 1.32057 -0.05092 0.000742863
38 47.5087 -11.5962 1.28167 -0.0571813 0.000962458
39 104.003 -23.0843 2.06662 -0.0763938 0.0010518
40 61.4852 -13.8869 1.40462 -0.058403 0.000916613
41 26.2088 -5.69837 0.658742 -0.0277834 0.000446284
42 78.0289 -16.283 1.44065 -0.0519768 0.000707056
43 -3.00047 2.93588 -0.226456 0.0100422 -0.000130233
44 2.82233 1.87125 -0.211567 0.013729 -0.000259694
45 80.7953 -17.8572 1.62878 -0.0607464 0.000847812
46 177.956 -42.7923 4.01544 -0.159838 0.00234494
47 60.1819 -11.6595 1.02565 -0.0365744 0.000506035
48 14.1472 -0.0320909 -0.10399 0.0121998 -0.000276651
49 61.17 -13.7983 1.35022 -0.0537451 0.000810308
50 33.0369 -5.69812 0.523969 -0.0175743 0.000227621
51 74.878 -16.4544 1.5476 -0.0602522 0.000887533
52 91.9175 -20.7164 1.90936 -0.0731621 0.00105571
53 114.099 -26.3632 2.47521 -0.0974087 0.00142273
54 129.9 -28.8119 2.54105 -0.0932294 0.00125582
55 30.291 -3.7084 0.204639 0.000547121 -0.000111908
56 112.606 -27.7242 2.73665 -0.115212 0.00182712
57 -66.9821 20.5654 -2.05224 0.0916182 -0.00145004
58 19.4359 -0.359413 -0.133002 0.0149092 -0.000329563
59 23.8437 -3.23734 0.25856 -0.00564962 4.40804e-05
60 5.79566 2.57386 -0.369805 0.0229065 -0.000426059
61 95.0548 -20.4939 1.8455 -0.0690402 0.000965896
62 78.9903 -16.2464 1.40493 -0.0494452 0.000655982
63 -21.9535 9.88276 -1.10993 0.0565245 -0.00099766
64 187.063 -44.0229 4.06456 -0.158624 0.00227715
65 233.693 -57.1591 5.38244 -0.214743 0.00314371
66 463.833 -112.297 10.107 -0.386988 0.00540554
67 178.507 -41.3861 3.78055 -0.146318 0.00209483
68 238.26 -58.6187 5.54156 -0.223528 0.00333061
69 266.082 -62.7409 5.66826 -0.217698 0.00307532
70 115.738 -26.3993 2.50493 -0.0985059 0.00142085
71 204.319 -47.9618 4.40976 -0.171662 0.00245892
72 87.0725 -18.5008 1.71466 -0.0654967 0.00093763
73 212.796 -49.6128 4.47107 -0.170365 0.00238845
74 126.151 -29.0259 2.73172 -0.107082 0.00154593
75 30.0102 -4.57139 0.512555 -0.0215084 0.000356671
76 331.593 -83.9989 8.11406 -0.336935 0.00515713
77 307.127 -74.9268 6.97286 -0.277679 0.00406935
78 236.192 -56.6624 5.22462 -0.204778 0.00295731
79 104.75 -23.017 2.14284 -0.0831301 0.0011979
80 -115.636 36.1629 -3.64505 0.163287 -0.0026726
81 147.867 -33.1234 2.94847 -0.110255 0.00153143
82 190.293 -44.8255 4.15771 -0.163259 0.00235865
83 196.576 -46.956 4.35333 -0.170717 0.00246274
84 238.062 -55.6811 5.04159 -0.194395 0.00276752
85 389.805 -98.177 9.38416 -0.386573 0.00588184
86 177.937 -40.9679 3.71967 -0.143129 0.00204263
87 82.9008 -16.9061 1.55635 -0.0594516 0.000854642
88 115.424 -25.8287 2.42937 -0.0968918 0.00145522
89 232.48 -54.5968 4.93451 -0.189161 0.00266961
90 185.809 -43.3567 3.99206 -0.155315 0.00222379
91 169.728 -38.4835 3.47143 -0.132523 0.00187553
92 39.4203 -4.71765 0.297186 -0.00321016 -5.38186e-05
93 221.088 -52.2595 4.7976 -0.187559 0.00270964
94 244.6 -60.5831 5.81934 -0.238028 0.00358116
