0 57.5871 -12.6023 1.23397 -0.0480842 0.000704018
1 192.436 -46.3378 4.34139 -0.171822 0.00250059
2 107.782 -25.9395 2.5344 -0.102675 0.00153447
3 106.846 -25.8056 2.5278 -0.103244 0.00156341
4 157.563 -38.1174 3.63595 -0.14643 0.00217871
5 63.0497 -13.6048 1.28052 -0.0480698 0.000674436
6 137.387 -34.032 3.31292 -0.135 0.0020241
7 13.7506 -1.8136 0.249885 -0.00963486 0.000154255
8 94.1727 -22.0559 2.12669 -0.0856258 0.00128958
9 98.9995 -22.5692 2.13125 -0.0841388 0.00124786
10 97.8921 -19.0811 1.51426 -0.0470935 0.000520393
11 -9.64716 5.91968 -0.566333 0.0262801 -0.000412961
12 295.625 -71.2205 6.51474 -0.253762 0.00362534
13 -10.1961 4.52112 -0.320103 0.0119736 -0.000137499
14 23.8409 -3.91281 0.363812 -0.0109639 0.000135861
15 58.2739 -12.4125 1.19032 -0.0463815 0.000692406
16 27.7635 -4.24516 0.373016 -0.0109214 0.000128305
17 254.117 -60.8743 5.6068 -0.2192 0.00314425
18 6.59705 2.28752 -0.262834 0.0154134 -0.00026865
19 -7.91579 4.1499 -0.272164 0.0103244 -0.000128816
20 37.9687 -8.15554 0.843064 -0.0339476 0.000528093
21 72.8264 -15.7093 1.43148 -0.0528395 0.000729337
22 164.33 -37.8594 3.45034 -0.13294 0.00189519
23 -37.8971 13.5638 -1.42453 0.0685703 -0.00116702
24 64.1029 -13.0173 1.18658 -0.0438901 0.000619538
25 79.6577 -18.406 1.82328 -0.0752772 0.00116384
26 198.844 -46.816 4.30202 -0.168534 0.00244565
27 181.736 -44.4854 4.24822 -0.17241 0.0025833
28 58.9754 -12.0696 1.11913 -0.0418026 0.000591063
29 173.304 -41.457 3.89865 -0.156427 0.00233166
30 177.484 -41.9769 3.90787 -0.154166 0.0022425
31 43.8597 -9.00492 0.897732 -0.0352727 0.00052802
32 -24.2485 7.15509 -0.558289 0.0219879 -0.000280671
33 82.1283 -19.5053 1.91227 -0.0766521 0.00113891
34 -4.13473 1.65535 -0.0310496 0.000547219 2.38882e-05
35 104.494 -25.2626 2.46606 -0.100197 0.00151461
36 37.6783 -7.19734 0.640493 -0.0205939 0.000252287
37 110.466 -26.9472 2.60165 -0.104595 0.0015652
38 -47.1948 12.1582 -0.969015 0.0381684 -0.000555057
39 -46.4698 11.963 -0.973357 0.0383109 -0.000535008
40 -55.2794 12.9286 -0.97486 0.0351646 -0.000443897
41 7.36398 -0.974403 0.214265 -0.0098718 0.000191908
42 -80.1032 21.7152 -1.96218 0.0802883 -0.00116379
43 93.5176 -23.0386 2.18716 -0.0842019 0.00119149
44 -12.1101 3.97302 -0.26934 0.0105481 -0.000120269
45 47.935 -12.0322 1.22809 -0.0494344 0.000753398
46 -107.819 30.135 -2.83409 0.119363 -0.00181077
47 54.9341 -11.7471 1.13066 -0.043228 0.00061732
48 -32.9965 8.70675 -0.676066 0.026557 -0.00036444
49 47.5677 -10.3249 0.963998 -0.0347223 0.000475656
50 -4.68618 0.556173 0.128645 -0.0076408 0.000167108
51 66.6618 -15.2129 1.4121 -0.0511952 0.000672606
52 50.248 -13.0312 1.36927 -0.0564246 0.000862865
53 -66.6076 17.1484 -1.43472 0.0555433 -0.000766105
54 -56.4319 15.8795 -1.42336 0.0592722 -0.000878701
55 -6.75093 1.385 -0.00938734 0.00115282 -1.62606e-05
56 -43.4806 13.8974 -1.33134 0.0586293 -0.00090867
57 2.5168 0.756451 -0.0229671 0.00276928 -3.60263e-05
58 56.1897 -12.8732 1.24433 -0.0481932 0.000712831
59 1.93576 0.988081 -0.000975525 -0.000629161 5.53972e-05
60 11.4274 -0.728201 0.0162315 0.00590607 -0.000164791
61 -43.7327 13.5253 -1.28819 0.0572577 -0.000901161
62 43.6315 -9.80829 0.989254 -0.039428 0.000608665
63 13.7286 -2.14941 0.252772 -0.00883061 0.000140799
64 83.9033 -18.4007 1.68815 -0.0628635 0.000861735
65 99.5724 -20.4697 1.72238 -0.0593099 0.000771073
66 233.59 -56.747 5.27629 -0.207858 0.00300384
67 64.6724 -13.4572 1.21047 -0.04294 0.000566186
68 174.173 -40.8986 3.78346 -0.148678 0.00216461
69 110.783 -24.6335 2.22674 -0.0828557 0.00113149
70 215.076 -52.0938 4.87346 -0.193584 0.00283576
71 -28.2441 8.16956 -0.523604 0.0152694 -0.000124666
72 169.985 -41.0523 3.89886 -0.156879 0.00233073
73 22.6509 -3.32147 0.331777 -0.0112049 0.000162501
74 139.963 -32.4131 3.00042 -0.117301 0.00170353
75 138.782 -32.2215 3.00152 -0.117796 0.00171264
76 83.7946 -18.8442 1.76662 -0.0682593 0.000988011
77 112.512 -24.4271 2.17014 -0.0803339 0.0011087
78 8.15471 1.33325 -0.070092 0.00253268 8.15994e-06
79 106.51 -22.6183 2.01955 -0.075052 0.0010434
80 84.9919 -17.7403 1.57517 -0.0573706 0.00078618
81 107.39 -23.4155 2.11276 -0.0803162 0.00115283
82 105.198 -23.3042 2.11667 -0.0804994 0.00115195
83 167.587 -37.867 3.35759 -0.125015 0.00171519
84 87.4617 -19.7884 1.86293 -0.0724658 0.00105129
85 73.2668 -15.2545 1.39777 -0.053039 0.000767048
86 32.0625 -2.94974 0.0750006 0.00724133 -0.000212639
87 185.17 -42.2976 3.78011 -0.142959 0.00200109
88 119.168 -27.7501 2.63576 -0.105579 0.0015775
89 246.121 -59.0076 5.43602 -0.213356 0.00308363
90 23.4963 -1.54814 0.0681663 0.00235809 -7.01288e-05
91 126.662 -29.2485 2.72148 -0.105843 0.00152113
92 197.57 -47.2132 4.41426 -0.175122 0.0025581
93 -25.5356 7.70407 -0.577523 0.0210135 -0.000252529
94 117.975 -27.077 2.50345 -0.097006 0.0014001
