0 311.787 -76.5199 7.1191 -0.281978 0.0040958
1 312.393 -76.7337 7.11676 -0.280801 0.00406594
2 -2.56151 2.2808 -0.046797 -0.000899399 6.88727e-05
3 241.019 -58.0439 5.36646 -0.210851 0.0030517
4 406.863 -98.8554 9.02893 -0.352824 0.00505881
5 32.97 -6.46354 0.714672 -0.0300348 0.000484104
6 164.743 -40.0394 3.84454 -0.156282 0.00234629
7 179.933 -42.107 3.87528 -0.150908 0.00217159
8 68.0496 -15.6888 1.59973 -0.0658156 0.00100206
9 240.252 -60.7933 5.98384 -0.2526 0.00393771
10 63.5101 -14.6211 1.55808 -0.0668104 0.00105681
11 257.156 -61.806 5.65945 -0.219337 0.00311174
12 224.579 -54.3766 5.07974 -0.201732 0.00295066
13 64.3817 -13.9797 1.41281 -0.0584972 0.000909341
14 96.1808 -21.1945 1.93476 -0.0728994 0.00102376
15 201.908 -46.1238 4.08509 -0.153024 0.00212023
16 178.744 -43.0283 4.07754 -0.163695 0.00242632
17 257.889 -62.2412 5.70993 -0.222193 0.00317468
18 145.032 -32.9036 2.92722 -0.108806 0.00149609
19 132.768 -30.9162 2.88855 -0.113705 0.00166691
20 147.079 -32.8314 2.91779 -0.108977 0.00150838
21 30.4704 -3.67538 0.347792 -0.0114318 0.000153855
22 75.822 -16.7271 1.60369 -0.0634176 0.000945932
23 187.911 -44.7863 4.23252 -0.170872 0.00255926
24 -38.9617 12.1003 -1.04889 0.0425769 -0.00060484
25 129.876 -30.3291 2.81026 -0.108351 0.00153714
26 -11.7941 6.24218 -0.551362 0.0246563 -0.000381094
27 201.983 -46.6057 4.14888 -0.156209 0.00216929
28 197.492 -45.8271 4.14442 -0.158648 0.00223957
29 184.098 -44.2232 4.13796 -0.163511 0.00238077
30 217.731 -51.1811 4.62822 -0.176865 0.00248379
31 169.231 -37.3061 3.22906 -0.117523 0.00158612
32 73.6606 -18.3584 1.84629 -0.0748719 0.00112139
33 -0.556559 -0.14348 0.158697 -0.00681175 0.000116933
34 -20.2646 6.64993 -0.529021 0.0216027 -0.000293955
35 2.17932 -0.296174 0.136691 -0.00428757 5.53316e-05
36 -27.7976 6.43153 -0.385546 0.0123917 -0.000133573
37 -24.4569 5.93212 -0.388673 0.0136133 -0.000149239
38 68.9734 -17.1401 1.73483 -0.0708167 0.00106966
39 -73.5175 20.1546 -1.85355 0.0782808 -0.00118812
40 0.503193 0.583945 0.0345752 -0.000604533 1.81866e-05
41 146.45 -37.0664 3.53736 -0.14005 0.00203179
42 32.2366 -9.01022 1.03265 -0.0440856 0.000696316
43 -2.37568 1.05249 0.0150163 -0.000540417 2.54336e-05
44 48.1972 -10.8141 1.03487 -0.0380665 0.000524931
45 -23.9634 5.52862 -0.334249 0.011289 -0.000117916
46 63.3839 -15.209 1.48061 -0.0574739 0.00082944
47 27.4766 -6.14963 0.678506 -0.0276058 0.000432165
48 -28.8452 9.21146 -0.872233 0.0400285 -0.000637248
49 10.02 -1.75401 0.283201 -0.012344 0.000219733
50 -14.7266 4.0786 -0.210287 0.00586291 -3.17707e-05
51 -38.4585 11.4208 -1.07832 0.0484177 -0.000762923
52 -22.3239 6.60337 -0.521984 0.0212113 -0.000291217
53 -10.2525 5.26154 -0.502419 0.0240284 -0.000378928
54 58.5208 -13.6465 1.34863 -0.053783 0.000807641
55 -14.5882 4.31001 -0.319498 0.0136608 -0.00018715
56 19.2561 -3.41976 0.388334 -0.015119 0.000242972
57 -28.0056 7.42137 -0.541896 0.0203227 -0.000259735
58 74.7539 -16.755 1.58829 -0.0618734 0.000906717
59 -1.68802 2.87304 -0.290739 0.0161916 -0.000278744
60 42.4449 -9.20058 0.91887 -0.0354167 0.000513657
61 98.8299 -24.1513 2.31797 -0.0910765 0.00131363
62 44.5336 -9.81509 0.959183 -0.0362935 0.00051822
63 40.9895 -9.23375 0.950301 -0.0382102 0.000577726
64 7.69205 0.977161 -0.144092 0.0116942 -0.00023581
65 187.462 -44.5169 4.06737 -0.156358 0.00220951
66 89.1099 -20.78 2.01937 -0.0799282 0.0011658
67 163.561 -38.3593 3.5609 -0.139965 0.00203675
68 54.0958 -11.6522 1.13311 -0.0438163 0.000638951
69 117.114 -26.595 2.43842 -0.0937734 0.00134351
70 55.1944 -11.9014 1.19428 -0.048182 0.000730358
71 145.733 -34.1799 3.16355 -0.122794 0.00176277
72 120.829 -28.8208 2.74746 -0.110048 0.00163963
73 77.3543 -17.0836 1.62082 -0.0631226 0.000922132
74 56.1867 -12.4926 1.19825 -0.0454023 0.000640067
75 89.0028 -19.9439 1.84207 -0.0699497 0.00098961
76 107.467 -24.2263 2.2128 -0.0835702 0.00116973
77 20.0451 -2.18723 0.152012 -0.00025225 -6.06592e-05
78 18.947 -2.06282 0.153605 -0.000596803 -5.70616e-05
79 130.44 -29.8199 2.74488 -0.106035 0.00151963
80 -46.6134 14.502 -1.32566 0.0555558 -0.000819913
81 121.36 -27.3081 2.49736 -0.0957155 0.00136125
82 6.10178 0.361362 -0.0182781 0.00379835 -7.67028e-05
83 139.16 -31.5247 2.84653 -0.107979 0.00151811
84 163.363 -37.8928 3.46037 -0.133452 0.00189797
85 94.4109 -21.8425 2.09262 -0.0836137 0.00124721
86 90.1094 -18.9481 1.6529 -0.0589316 0.000785876
87 28.4197 -4.81306 0.453526 -0.0148172 0.000187467
88 47.085 -9.43479 0.863639 -0.0305841 0.00041055
89 55.5687 -10.7712 0.890831 -0.0273707 0.000294267
90 56.8638 -10.2274 0.871034 -0.0293158 0.000378458
91 48.376 -9.25514 0.86417 -0.0322124 0.000471096
92 311.024 -76.873 7.21884 -0.290103 0.00429268
93 57.1297 -13.0667 1.31745 -0.0535747 0.000818214
94 77.3465 -15.8977 1.39072 -0.0493173 0.000656913
