0 21.6837 -3.70422 0.425355 -0.0160105 0.000237429
1 -41.7541 11.3884 -1.01015 0.0437322 -0.00067012
2 31.4474 -6.4415 0.678908 -0.0267167 0.000409667
3 -47.265 15.0245 -1.39032 0.0587825 -0.000870798
4 -16.1478 5.25905 -0.409105 0.0176419 -0.000250944
5 8.33206 -2.2493 0.393929 -0.0183593 0.000321279
6 -129.367 30.9583 -2.57879 0.0963748 -0.00128785
7 23.297 -5.5528 0.650171 -0.0268972 0.000427419
8 87.726 -23.2929 2.41959 -0.103141 0.00162636
9 16.6392 -3.34046 0.378542 -0.0133247 0.000187244
10 -15.9521 5.65716 -0.477885 0.0213971 -0.000327617
11 45.7094 -11.934 1.21376 -0.0471342 0.000676783
12 -77.0956 20.9812 -1.90036 0.0783594 -0.00114953
13 24.097 -5.0064 0.513941 -0.0176104 0.000228023
14 59.5839 -14.403 1.3769 -0.0516448 0.000715166
15 32.406 -7.38519 0.777763 -0.0303928 0.000445381
16 -45.7885 12.4439 -1.07999 0.0446427 -0.000647232
17 21.824 -5.59564 0.665334 -0.0275957 0.000428009
18 29.335 -6.35389 0.668001 -0.0259117 0.000385479
19 36.8801 -7.51612 0.686435 -0.0228706 0.00029214
20 27.4373 -6.09325 0.674162 -0.0272591 0.000423068
21 -11.9721 5.26156 -0.526891 0.027908 -0.000499781
22 52.6173 -11.0597 0.962672 -0.0315662 0.000381451
23 81.6086 -19.668 1.91626 -0.0763734 0.00112905
24 67.4134 -15.5233 1.47599 -0.0564332 0.000806456
25 -83.9945 20.0759 -1.62301 0.0603669 -0.00080012
26 65.2616 -16.6275 1.64822 -0.0649814 0.000946187
27 63.6791 -15.886 1.63103 -0.0681719 0.0010721
28 60.3166 -15.9876 1.64618 -0.0673215 0.00101051
29 15.1364 -3.89404 0.499712 -0.0204679 0.000318159
30 -15.1174 5.56121 -0.482349 0.0220954 -0.000337425
31 14.8098 -2.04242 0.270157 -0.0108256 0.000187201
32 11.7085 -2.3432 0.295823 -0.00913063 9.80784e-05
33 32.7889 -9.36793 1.04639 -0.0436051 0.000679133
34 -36.9586 9.94935 -0.772214 0.0291295 -0.000375897
35 -40.207 9.85838 -0.758556 0.0297943 -0.000417551
36 32.0019 -7.77995 0.808964 -0.0304691 0.000430809
37 -40.2843 12.8978 -1.26596 0.0587207 -0.000960663
38 23.9731 -6.27943 0.706918 -0.0284427 0.000438477
39 -34.7292 8.86095 -0.666505 0.0259126 -0.000362776
40 -3.26984 1.81771 -0.0780929 0.00411507 -5.80357e-05
41 26.6133 -7.25662 0.832038 -0.0347301 0.000550036
42 -15.3333 4.92388 -0.349645 0.0142031 -0.000191191
43 -15.1434 2.05461 0.0939331 -0.0102543 0.000258602
44 2.5945 0.0462843 0.111115 -0.00470812 9.48083e-05
45 -64.2278 16.5668 -1.42683 0.0576763 -0.000832193
46 -17.023 3.4866 -0.163959 0.0055389 -5.23404e-05
47 3.92125 1.35085 -0.147868 0.0115025 -0.000240083
48 80.4698 -20.6882 2.08687 -0.0850099 0.00127527
49 126.511 -31.276 2.95545 -0.116175 0.00169213
50 78.6145 -19.5921 1.99118 -0.0829113 0.00128069
51 84.5288 -20.9004 2.0107 -0.0786801 0.00113882
52 81.7842 -20.0002 1.99799 -0.0819846 0.00125449
53 -25.1772 10.2204 -1.12578 0.0575465 -0.00102321
54 -14.2105 4.98285 -0.406995 0.0177403 -0.000248207
55 -24.92 6.18112 -0.412777 0.0146994 -0.000167801
56 -4.67397 3.50939 -0.380183 0.0216486 -0.000384386
57 91.5605 -22.5237 2.18953 -0.0874492 0.00129491
58 87.6422 -22.3953 2.19758 -0.0875907 0.00128446
59 34.6637 -7.4284 0.743667 -0.0278381 0.000404152
60 69.1608 -17.6188 1.75666 -0.0706993 0.00105742
61 54.3436 -11.6758 1.10194 -0.0416672 0.000608398
62 -14.431 4.88313 -0.434067 0.021748 -0.000368318
63 -15.8299 5.50045 -0.450945 0.0188041 -0.000242837
64 156.829 -37.9873 3.60212 -0.142953 0.00208183
65 50.0148 -10.527 1.01986 -0.0381992 0.000540688
66 293.79 -72.4942 6.81085 -0.273055 0.00402868
67 190.193 -46.1152 4.32802 -0.172118 0.00252565
68 211.934 -51.1257 4.78798 -0.190914 0.00281594
69 58.8764 -11.6283 1.06073 -0.0377005 0.000503773
70 111.502 -25.9334 2.52052 -0.102565 0.001555
71 17.7927 -2.00085 0.203252 -0.00552876 7.97963e-05
72 150.916 -35.3126 3.30391 -0.131155 0.00193866
73 114.972 -25.0183 2.21416 -0.081523 0.0011219
74 180.225 -44.6985 4.34546 -0.180029 0.00276849
75 197.459 -47.3767 4.39207 -0.171317 0.00245223
76 99.4061 -23.7176 2.39926 -0.101637 0.00160566
77 186.43 -44.0275 4.05063 -0.157294 0.00224642
78 128.391 -29.9736 2.82537 -0.112186 0.00166037
79 24.5388 -4.015 0.406926 -0.0135289 0.000175886
80 114.052 -28.0212 2.76022 -0.113492 0.00172635
81 202.505 -47.378 4.28455 -0.163954 0.00231779
82 74.3288 -16.0028 1.47774 -0.0558703 0.000799859
83 162.444 -37.7904 3.46812 -0.134319 0.00192417
84 251.459 -61.6794 5.8071 -0.233196 0.00344946
85 66.4072 -11.0208 0.738444 -0.0153229 6.07809e-05
86 49.5299 -9.0556 0.731866 -0.0206182 0.000192306
87 43.0137 -7.97394 0.714098 -0.0243211 0.000325661
88 166.407 -38.0734 3.44408 -0.131718 0.00186928
89 100.167 -22.0415 2.02282 -0.0763963 0.00107007
90 142.295 -33.8126 3.19397 -0.127187 0.00187414
91 194.307 -47.4009 4.55381 -0.186243 0.00281922
92 99.6393 -21.3832 1.90063 -0.0694101 0.00094503
93 211.284 -51.7033 4.93242 -0.201293 0.00304596
94 37.7602 -4.84447 0.321582 -0.0042456 -4.16568e-05
