0 85.8643 -20.7296 2.08095 -0.0868229 0.00135172
1 -20.6482 6.84825 -0.527221 0.0207782 -0.000279959
2 8.17881 -0.473333 0.127621 -0.00439968 6.9261e-05
3 12.3427 -0.712611 0.122188 -0.00400778 7.32227e-05
4 138.262 -33.1255 3.14287 -0.12483 0.00182871
5 87.8386 -19.3057 1.8232 -0.0707626 0.00101799
6 48.4832 -10.0973 0.977364 -0.0372387 0.000539105
7 114.865 -27.2137 2.57475 -0.101185 0.00146987
8 123.862 -28.4338 2.59329 -0.0983535 0.00137886
9 70.3362 -15.9691 1.56809 -0.0629997 0.000948448
10 79.6929 -17.0044 1.57596 -0.0602167 0.000864391
11 124.134 -28.0089 2.5488 -0.0974142 0.00138844
12 60.004 -13.5985 1.33703 -0.0531342 0.000791018
13 60.9242 -13.8848 1.33736 -0.0523957 0.000780019
14 41.2017 -8.00593 0.797874 -0.0313916 0.000476618
15 78.4583 -15.7159 1.34823 -0.0462769 0.000589405
16 37.4548 -6.17697 0.548821 -0.0178748 0.000224347
17 36.1167 -5.96831 0.544738 -0.0184941 0.000249021
18 19.3772 -3.90551 0.519751 -0.0241058 0.000425695
19 86.3065 -18.8338 1.75182 -0.0676301 0.000980452
20 59.1018 -12.6372 1.17783 -0.0440075 0.000620182
21 156.719 -36.7055 3.39153 -0.132542 0.00191786
22 90.7415 -20.3467 1.87862 -0.071845 0.00102587
23 140.757 -32.7336 3.03625 -0.118604 0.00171591
24 114.734 -26.5712 2.50697 -0.0995792 0.0014719
25 186.238 -43.7364 3.98661 -0.153736 0.00218818
26 14.0387 0.319115 -0.0711729 0.00656418 -0.000116115
27 48.1339 -7.52506 0.521863 -0.0104667 2.24175e-05
28 30.7627 -5.16719 0.487984 -0.0166681 0.000226364
29 252.033 -59.4272 5.37724 -0.20697 0.00292686
30 2.98339 2.79404 -0.331165 0.0195421 -0.000352892
31 -3.42805 3.27366 -0.332637 0.0182369 -0.000317962
32 -7.44909 4.79974 -0.367742 0.0139929 -0.000160182
33 90.6816 -22.4696 2.3727 -0.1039 0.00167598
34 88.284 -19.5907 1.85705 -0.0723048 0.00104009
35 -5.74493 3.70645 -0.249235 0.0096714 -0.000113775
36 119.799 -27.5565 2.60067 -0.102318 0.0014868
37 -51.1483 14.4437 -1.10291 0.0363126 -0.000369951
38 222.121 -52.3996 4.76697 -0.183853 0.00261107
39 5.01143 1.54394 -0.10339 0.00549129 -6.9125e-05
40 38.6059 -5.2055 0.363852 -0.00685405 1.53284e-05
41 125.877 -28.1411 2.54693 -0.097009 0.00137659
42 92.1058 -19.4477 1.71384 -0.0619062 0.000833536
43 124.292 -26.9654 2.41791 -0.0906224 0.00125742
44 -196.79 55.1161 -5.14612 0.208961 -0.00306044
45 39.6431 -7.7902 0.843989 -0.0347491 0.000530767
46 119.438 -24.9511 2.1032 -0.0730185 0.000930984
47 104.897 -23.1331 2.10189 -0.0791794 0.00110315
48 199.621 -46.0624 4.14535 -0.158298 0.00222712
49 129.183 -28.4188 2.54703 -0.0957534 0.00133317
50 95.2705 -20.0956 1.80293 -0.0672181 0.000941024
51 205.169 -47.2194 4.19633 -0.157454 0.00216793
52 133.967 -30.618 2.8133 -0.108686 0.00155676
53 -16.8961 7.98952 -0.683007 0.0269008 -0.000358946
54 268.719 -63.3542 5.71034 -0.219011 0.00308823
55 240.515 -56.7276 5.14097 -0.198112 0.00280519
56 446.654 -106.539 9.5388 -0.366128 0.00515318
57 45.5909 -8.79416 0.841751 -0.031967 0.00047141
58 54.2686 -9.69977 0.843946 -0.0291901 0.000387401
59 52.7025 -9.45424 0.841964 -0.0300059 0.000414113
60 44.9966 -8.26698 0.822905 -0.0324517 0.000487516
61 27.6992 -3.93958 0.356644 -0.0111203 0.00014256
62 27.6417 -3.96265 0.355197 -0.0111423 0.000145917
63 85.9688 -18.4005 1.6712 -0.0627746 0.000879286
64 22.9718 -3.58598 0.351201 -0.0115982 0.000163696
65 20.4626 -3.32808 0.351087 -0.0122642 0.000179891
66 -30.366 9.42821 -0.790161 0.0313746 -0.000422516
67 -23.7232 7.77513 -0.727355 0.0341883 -0.000561758
68 115.932 -27.3569 2.59533 -0.103362 0.00153268
69 18.3458 -3.91546 0.477442 -0.0200543 0.000336553
70 -0.906734 1.26982 -0.0450835 0.00299743 -4.0606e-05
71 29.1446 -6.42409 0.733423 -0.0306135 0.000478932
72 63.7051 -14.8039 1.43541 -0.0555395 0.000800493
73 48.0001 -10.6017 1.03841 -0.0398752 0.000581493
74 103.067 -24.3796 2.3481 -0.0938877 0.00138919
75 -21.6464 5.95137 -0.427418 0.0160895 -0.000199338
76 22.7868 -4.6546 0.510321 -0.0193648 0.000284437
77 27.3606 -5.1724 0.514509 -0.018012 0.00024189
78 77.315 -18.9584 1.88744 -0.0766035 0.00114994
79 -28.3555 8.22076 -0.646298 0.0251908 -0.000338098
80 168.051 -39.8372 3.75052 -0.149999 0.00222214
81 -38.1815 12.2322 -1.20249 0.0551406 -0.000890126
82 -11.6619 3.24922 -0.197496 0.00850779 -0.000120814
83 151.794 -36.0216 3.38271 -0.134764 0.00199579
84 -9.8844 3.49601 -0.211259 0.00768125 -8.00622e-05
85 -51.7127 17.0926 -1.69504 0.0751932 -0.00116005
86 -1.77446 1.67633 -0.0537015 0.00227381 -2.13907e-05
87 48.4764 -9.5478 0.890969 -0.0335803 0.000500496
88 97.6599 -22.4865 2.10603 -0.0814606 0.00117066
89 24.3562 -3.19184 0.264795 -0.00637487 6.38262e-05
90 119.25 -25.5168 2.22395 -0.0811844 0.00111038
91 -63.4533 17.3533 -1.49406 0.0587815 -0.000821593
92 -55.6516 16.1002 -1.48059 0.0627853 -0.000948937
93 65.3416 -15.7343 1.60438 -0.0669034 0.00104515
94 77.023 -17.451 1.62856 -0.0620921 0.000889941
