0 179.234 -42.7653 3.96426 -0.155403 0.00223898
1 73.4941 -15.1703 1.34254 -0.0490204 0.000691447
2 117.744 -27.3401 2.57766 -0.103298 0.00155979
3 230.682 -56.3169 5.27525 -0.210867 0.00311306
4 159.787 -35.6263 3.12869 -0.115843 0.00159376
5 132.287 -28.8068 2.50107 -0.0910477 0.00123917
6 149.532 -34.6939 3.18885 -0.124467 0.00180775
7 100.719 -21.5274 1.86903 -0.0672743 0.000912455
8 281.118 -68.9512 6.45974 -0.258897 0.00379957
9 2.97452 2.05197 -0.193529 0.00972406 -0.000127962
10 90.9371 -19.5551 1.78697 -0.0695431 0.00104186
11 178.159 -38.76 3.27138 -0.115319 0.00148932
12 79.4775 -19.1445 1.91082 -0.0791835 0.00122409
13 54.175 -10.5213 0.923119 -0.0320158 0.000427529
14 207.902 -49.0463 4.50109 -0.176185 0.0025462
15 213.914 -49.9358 4.49664 -0.171767 0.00241764
16 121.209 -27.3889 2.51563 -0.0982856 0.00144117
17 235.22 -55.9581 5.13745 -0.201514 0.0029142
18 220.622 -52.707 4.83381 -0.188159 0.00269386
19 249.294 -58.452 5.25337 -0.200939 0.00283029
20 35.9603 -5.52511 0.397901 -0.00822741 3.71484e-05
21 218.729 -54.3568 5.21189 -0.214077 0.00324959
22 92.9816 -19.5082 1.72036 -0.0636023 0.00089447
23 103.849 -22.6982 2.03926 -0.0771234 0.00109954
24 245.736 -59.9978 5.64445 -0.2272 0.00337171
25 89.2581 -20.936 2.0585 -0.0856262 0.0013446
26 146.54 -34.6724 3.25769 -0.130272 0.00193963
27 56.0614 -12.3098 1.226 -0.0502554 0.000786541
28 -2.95597 5.74753 -0.751183 0.0410616 -0.000720301
29 201.84 -47.7919 4.40691 -0.173741 0.00254281
30 1.54652 2.9649 -0.347342 0.0189974 -0.000313577
31 155.462 -37.1516 3.48707 -0.138571 0.00203639
32 -39.2579 11.749 -1.03233 0.0414493 -0.000575388
33 8.06574 0.130863 0.0101792 0.00128191 -7.37035e-06
34 9.06534 -0.114661 0.0129786 0.00244938 -4.80093e-05
35 124.423 -29.8429 2.87403 -0.117526 0.00178968
36 138.526 -31.5371 2.85416 -0.109182 0.00155534
37 82.2541 -16.9794 1.51685 -0.0573036 0.000832328
38 -10.4554 3.78094 -0.278203 0.0112017 -0.00012995
39 98.8168 -22.9595 2.19301 -0.0887937 0.00135993
40 136.807 -31.3195 2.83347 -0.107541 0.00150946
41 -6.59459 4.59455 -0.450956 0.0216737 -0.000337428
42 40.7188 -9.21561 0.958973 -0.0401867 0.000650698
43 -24.9912 10.5941 -1.15782 0.0555594 -0.000903504
44 47.1205 -8.3536 0.687932 -0.0218096 0.000271932
45 155.728 -35.2035 3.1496 -0.119634 0.00169177
46 15.0619 -1.99336 0.201554 -0.00633263 0.000107456
47 123.712 -27.6553 2.48858 -0.0941345 0.00132477
48 88.2648 -18.9761 1.69256 -0.0622544 0.000853326
49 119.82 -26.875 2.41154 -0.090045 0.00124455
50 -25.1282 9.1301 -0.88725 0.0393367 -0.0005893
51 15.702 -0.450944 -0.0745347 0.00989903 -0.000207264
52 75.8857 -15.839 1.42265 -0.0528071 0.000739359
53 -20.0493 10.7925 -1.28144 0.0645818 -0.00109283
54 61.1161 -11.8557 1.00785 -0.0341056 0.000437459
55 -9.89425 6.97969 -0.841568 0.0440485 -0.000759244
56 18.9477 -0.85612 -0.0397543 0.00817251 -0.000172041
57 161.306 -36.3786 3.25051 -0.123886 0.00176315
58 0.79 2.42205 -0.263251 0.0148163 -0.000248927
59 -4.34525 5.75971 -0.709186 0.0372516 -0.000627359
60 -13.6447 6.43117 -0.687634 0.0340283 -0.000560213
61 28.5769 -4.82129 0.458178 -0.0169157 0.000265384
62 68.8262 -13.1127 1.09306 -0.0370907 0.000484263
63 57.2959 -12.0601 1.11205 -0.0418135 0.000601964
