0 190.549 -44.7988 4.06738 -0.154639 0.00215685
1 44.8749 -9.77334 1.02364 -0.0422798 0.000671288
2 118.07 -29.6553 2.94691 -0.12168 0.00185318
3 53.8142 -12.2089 1.22968 -0.0490743 0.000740567
4 265.187 -65.2618 6.11059 -0.242598 0.0035346
5 183.382 -42.958 3.90214 -0.148952 0.00209485
6 177.994 -42.6095 3.90713 -0.149627 0.00210493
7 168.748 -40.8404 3.87231 -0.154799 0.00228514
8 45.7665 -7.92655 0.644624 -0.0179787 0.000168969
9 29.0854 -5.45204 0.570112 -0.0215592 0.000328317
10 48.1695 -10.9139 1.07802 -0.0407393 0.00057732
11 91.9371 -21.1521 1.9752 -0.0752652 0.00107104
12 136.533 -32.0299 2.95525 -0.11287 0.00158684
13 67.5613 -16.9665 1.76711 -0.0740157 0.00114866
14 129.563 -31.9313 3.0508 -0.120944 0.00176986
15 50.5372 -11.0742 1.10619 -0.0435834 0.000655865
16 -25.547 9.74694 -0.980785 0.04729 -0.000790493
17 84.2552 -18.849 1.76667 -0.0678748 0.000983742
18 126.16 -30.1188 2.84645 -0.111741 0.00162012
19 -44.7164 15.7734 -1.64843 0.0800105 -0.00139379
20 108.48 -24.7234 2.2809 -0.0874257 0.00125872
21 118.199 -29.8129 2.94011 -0.120687 0.00183464
22 66.4003 -14.4882 1.36668 -0.0522171 0.000758086
23 66.6868 -14.6194 1.37513 -0.0518908 0.000739392
24 58.5794 -13.5738 1.37349 -0.0553155 0.000832842
25 69.2285 -14.5732 1.37508 -0.0530088 0.000778208
26 -6.55703 2.23751 0.00759031 -0.00535301 0.000179407
27 76.2707 -16.7585 1.60866 -0.0631603 0.000932076
28 79.1796 -17.5588 1.6222 -0.0608982 0.000858206
29 -38.4957 11.9712 -1.12081 0.0502644 -0.000808601
30 -21.2309 7.80213 -0.719671 0.0319069 -0.000469122
31 26.0172 -3.95559 0.37487 -0.0106517 0.000101284
32 78.0451 -20.2999 2.01263 -0.0803328 0.00119096
33 -9.25874 0.905036 0.160127 -0.0109624 0.000242408
34 44.1928 -14.0684 1.60257 -0.0694251 0.00109277
35 -44.1081 11.9399 -1.02203 0.0422314 -0.000609628
36 38.3531 -9.19568 0.929433 -0.0352626 0.000512007
37 -44.4881 11.5556 -0.964014 0.038737 -0.000538121
38 -54.6345 12.3872 -0.961613 0.036811 -0.000494052
39 14.1419 -4.6268 0.561566 -0.0212099 0.000297616
40 19.4413 -4.74226 0.553657 -0.0212015 0.000310373
41 7.8203 -3.77805 0.545284 -0.0236051 0.000383454
42 3.56501 -3.07865 0.537084 -0.0256452 0.000449196
43 48.1243 -13.599 1.53411 -0.0674304 0.00109174
44 132.941 -35.6194 3.53187 -0.145177 0.00219484
45 -5.2758 -0.600384 0.320642 -0.017808 0.000345291
46 36.5101 -10.35 1.16069 -0.0487904 0.000752648
47 66.2524 -17.31 1.71197 -0.0667293 0.000956757
48 -35.7021 8.92805 -0.692133 0.0269804 -0.000358635
49 -31.0859 8.04723 -0.675086 0.029793 -0.000460711
50 31.1161 -6.95671 0.701929 -0.0261379 0.000380937
51 75.948 -19.1505 1.84455 -0.0707092 0.000999556
52 26.4574 -7.43852 0.880444 -0.0376159 0.000597458
53 -23.0353 4.72255 -0.278802 0.0106412 -0.000131123
54 -41.1077 10.5301 -0.833618 0.0320621 -0.000419804
55 12.6625 -3.79518 0.509774 -0.021056 0.000330673
56 -118.16 31.1639 -2.81584 0.114058 -0.00165963
57 65.6473 -17.0279 1.67549 -0.0649291 0.000928144
58 -11.6206 2.89925 -0.182898 0.00904086 -0.000132338
59 -11.7893 2.94348 -0.181169 0.00900199 -0.000140482
60 -22.6502 4.51062 -0.195862 0.00409921 1.19964e-05
61 -80.0063 20.1378 -1.73322 0.0691272 -0.000985993
62 49.9081 -13.1967 1.37413 -0.0556047 0.000833792
63 -55.8578 14.0908 -1.17643 0.0460706 -0.000630229
64 100.009 -24.7389 2.40832 -0.0958126 0.00140676
65 24.283 -3.22921 0.291084 -0.00730435 7.35138e-05
66 94.4825 -21.8251 2.05455 -0.0796936 0.00115964
67 133.256 -33.2061 3.28421 -0.136138 0.00208784
68 -23.5796 7.24708 -0.55851 0.0221234 -0.000302197
69 -17.8229 6.46507 -0.546554 0.0245285 -0.000378719
70 68.887 -15.2693 1.42759 -0.0533058 0.000751217
71 -41.6674 10.5696 -0.786705 0.0292009 -0.00038108
72 179.561 -43.8269 4.12166 -0.162626 0.0023634
73 11.944 -1.35087 0.166417 -0.00390102 5.13331e-05
74 8.17666 -0.770791 0.167755 -0.00547191 7.50036e-05
75 -48.715 14.7614 -1.36597 0.0587211 -0.000888246
76 170.436 -40.9173 3.78891 -0.147109 0.00211175
77 58.9151 -14.1542 1.47115 -0.0614618 0.000963603
78 60.6834 -14.661 1.49022 -0.0603617 0.000911873
79 -41.6259 12.7039 -1.10913 0.0463456 -0.000689493
80 95.8405 -22.7013 2.21192 -0.0888182 0.00132311
81 164.131 -40.6768 3.90137 -0.15751 0.00234858
82 128.128 -29.0728 2.6534 -0.101906 0.00147138
83 -23.6941 7.98879 -0.714471 0.0317051 -0.000476933
84 23.4958 -4.233 0.434371 -0.015146 0.000222308
85 54.1432 -12.1166 1.18936 -0.0454393 0.000654028
86 19.1481 -2.11625 0.193711 -0.00383452 3.46703e-05
87 89.1425 -21.1339 2.05276 -0.0820787 0.00122886
88 -39.1493 11.8652 -1.05538 0.0446118 -0.000658641
89 98.0274 -22.3372 2.07894 -0.0795195 0.00113345
90 181.228 -43.0205 3.96998 -0.153875 0.00219768
91 139.241 -32.0736 2.9382 -0.112134 0.00158431
92 53.0683 -9.49213 0.720348 -0.0174704 0.000108167
93 111.96 -25.1506 2.26791 -0.0841379 0.00115978
94 111.678 -24.954 2.2655 -0.0848058 0.0011773
