0 -42.0612 11.1491 -0.926749 0.0382712 -0.000555418
1 41.3857 -11.0148 1.26235 -0.0550084 0.000892493
2 44.6409 -11.4947 1.25967 -0.053815 0.000867535
3 -7.58184 0.915737 0.0929291 -0.00505288 0.0001169
4 50.7673 -12.8713 1.36821 -0.057741 0.000930103
5 79.8082 -22.7649 2.59304 -0.121437 0.00209881
6 98.2973 -25.5792 2.63207 -0.111451 0.00173926
7 15.0051 -0.722915 -0.0348513 0.0102098 -0.000251642
8 -5.09361 1.63781 -0.041107 0.00288578 -3.86869e-05
9 80.2132 -20.033 2.01797 -0.0827719 0.00126769
10 -48.2602 11.9863 -0.978235 0.0394326 -0.000557829
11 82.4382 -20.5419 2.0196 -0.0801526 0.00118349
12 40.7613 -9.43181 0.990645 -0.0391714 0.000581597
13 -61.1725 14.744 -1.1691 0.0438182 -0.000566004
14 76.5925 -19.3377 1.94589 -0.0792311 0.00120355
15 112.549 -27.2931 2.55071 -0.0973961 0.00137149
16 -23.6555 5.15366 -0.217485 0.00306877 6.0843e-05
17 48.6479 -11.6897 1.21912 -0.0493625 0.000752854
18 32.9449 -6.37003 0.601146 -0.0201999 0.00026496
19 -19.2234 4.85423 -0.274073 0.00884689 -7.74886e-05
20 100.709 -24.4192 2.37614 -0.0954303 0.00142757
21 143.582 -34.1091 3.14583 -0.120795 0.00171621
22 95.0605 -22.7276 2.19227 -0.0871088 0.00129677
23 -12.1257 3.4496 -0.232713 0.0115582 -0.000184681
24 -55.0883 15.4141 -1.32573 0.0528598 -0.000735412
25 -59.0894 15.4704 -1.31775 0.053003 -0.000751693
26 34.6882 -7.28736 0.687895 -0.0230731 0.000296386
27 78.466 -17.6998 1.6102 -0.0583889 0.000789764
28 55.885 -14.7612 1.5881 -0.0673148 0.00105703
29 51.1872 -10.813 0.952182 -0.031283 0.000384234
30 3.67914 0.75899 -0.0591028 0.00682152 -0.00013348
31 101.464 -24.1644 2.26726 -0.0867152 0.00122717
32 49.1494 -10.3514 1.03599 -0.0403981 0.000596987
33 159.558 -39.207 3.74331 -0.149538 0.00220139
34 113.772 -25.9154 2.36857 -0.0893177 0.00125143
35 110.696 -25.2408 2.35736 -0.0913849 0.00131914
36 113.346 -25.603 2.36498 -0.0903601 0.00128602
37 41.9202 -8.89767 0.861346 -0.0314284 0.000442477
38 67.3945 -15.0877 1.44313 -0.0545827 0.000769194
39 29.5 -4.44369 0.331374 -0.00501708 -2.73638e-05
40 155.466 -36.8636 3.41066 -0.132123 0.00189399
41 119.652 -28.383 2.6803 -0.105522 0.00154775
42 196.171 -46.6449 4.31557 -0.168152 0.00241598
43 48.3599 -9.84525 0.918917 -0.0327824 0.000447958
44 56.1751 -10.9332 0.947862 -0.0302957 0.00033769
45 134.841 -31.3948 2.90436 -0.112678 0.0016314
46 123.13 -29.9392 2.89839 -0.117237 0.00176703
47 -5.24133 2.53264 -0.106438 0.00286411 1.11899e-05
48 107.577 -24.1901 2.25258 -0.0882855 0.00131572
49 93.0745 -22.7383 2.25387 -0.0925354 0.00142148
50 37.5588 -6.88924 0.632939 -0.0220268 0.000319971
51 33.8226 -6.49462 0.634018 -0.0228704 0.000333319
52 62.9075 -13.9517 1.34482 -0.0521102 0.000766023
53 133.694 -32.5142 3.13385 -0.125939 0.00186815
54 148.53 -33.982 3.12928 -0.120723 0.00171916
55 172.999 -41.0692 3.82039 -0.149808 0.00217385
56 57.5453 -11.8356 1.10189 -0.0408336 0.000582709
57 183.699 -43.0522 3.88743 -0.146303 0.00201915
58 43.7952 -9.37567 0.908891 -0.0337201 0.000479082
59 56.1376 -10.7373 0.917136 -0.0292994 0.000346483
60 41.9751 -8.74885 0.907269 -0.0366291 0.000569296
61 63.8975 -11.7388 0.926308 -0.0260807 0.000241279
62 120.436 -28.2091 2.62349 -0.101388 0.00145962
63 110.975 -27.1787 2.61605 -0.104316 0.00153754
64 155.967 -37.1131 3.4652 -0.135462 0.00194941
65 261.586 -62.7435 5.75513 -0.223836 0.00319658
66 194.009 -45.9876 4.22533 -0.164203 0.00235966
67 131.804 -31.1574 2.92212 -0.11391 0.00163752
68 66.9977 -14.3514 1.45472 -0.059843 0.00092343
69 15.943 -3.42428 0.580519 -0.0294933 0.000536653
70 108.42 -24.7572 2.30747 -0.0886564 0.00126733
71 106.787 -24.1777 2.298 -0.090543 0.00132594
72 42.6521 -9.88129 1.10293 -0.0476315 0.000765681
73 134.197 -31.2847 2.89449 -0.111364 0.00157987
74 106.766 -24.7252 2.37059 -0.0941086 0.00138818
75 75.574 -16.2021 1.53068 -0.0583229 0.000825378
76 124.005 -28.366 2.59432 -0.0978038 0.00135604
77 54.1566 -11.1398 1.04578 -0.0383352 0.000531098
78 108.926 -24.7252 2.29443 -0.0881451 0.00126048
79 214.811 -49.1134 4.34346 -0.162876 0.00226648
80 125.922 -29.6554 2.88703 -0.118368 0.00180422
81 176.202 -42.341 3.9854 -0.158756 0.0023385
82 152.328 -35.4043 3.25678 -0.126227 0.00182141
83 223.917 -53.2341 4.88689 -0.19029 0.00273293
84 117.792 -27.5085 2.66249 -0.108621 0.00165689
85 127.045 -28.8935 2.67755 -0.103914 0.00150602
86 164.973 -37.7634 3.40213 -0.129276 0.00182472
87 323.907 -78.4868 7.17456 -0.278291 0.00394567
88 283.898 -67.9771 6.17639 -0.237636 0.00335495
89 133.773 -29.7676 2.65562 -0.0991736 0.00137832
90 207.558 -48.9952 4.46481 -0.17192 0.00244111
91 107.896 -24.9089 2.36104 -0.0931283 0.00136766
92 192.13 -45.794 4.20735 -0.163199 0.00234179
93 163.038 -38.8094 3.60492 -0.141245 0.00204851
94 355.943 -86.8449 8.03061 -0.317513 0.00460097
