0 -13.5149 7.11068 -0.711913 0.0344856 -0.000569503
1 36.6534 -6.95108 0.751565 -0.0311914 0.000501947
2 -10.2896 4.80883 -0.34556 0.0138564 -0.000186611
3 -2.6384 3.83368 -0.332405 0.0165127 -0.000271909
4 164.961 -37.9598 3.4383 -0.131308 0.00185533
5 11.2056 0.974862 -0.102827 0.00762488 -0.000135991
6 126.526 -29.0718 2.70364 -0.104795 0.00149997
7 116.759 -27.587 2.69671 -0.110421 0.0016681
8 117.186 -27.7197 2.70171 -0.109841 0.00164672
9 181.175 -43.4585 4.07122 -0.161632 0.00237296
10 449.094 -110.449 10.1628 -0.400782 0.00580184
11 182.155 -42.5669 3.94764 -0.154573 0.00222542
12 127.879 -30.2553 2.89258 -0.11589 0.00171431
13 134.145 -31.0455 2.9022 -0.113412 0.00163102
14 227.219 -54.8307 5.11666 -0.203232 0.00297295
15 191.421 -45.2649 4.14649 -0.159716 0.00225292
16 280.879 -69.047 6.47848 -0.258405 0.00377203
17 152.449 -37.2137 3.59482 -0.14613 0.00218647
18 190.018 -45.5388 4.29585 -0.171889 0.00252957
19 77.0427 -16.1724 1.5605 -0.0626226 0.000948265
20 91.5745 -18.7329 1.59744 -0.0549498 0.000700634
21 2.05756 2.10642 -0.121863 0.00542145 -6.79703e-05
22 41.4642 -9.30749 1.05425 -0.0452752 0.000708186
23 72.8625 -15.3901 1.48389 -0.0591332 0.000888279
24 293.927 -70.8729 6.50542 -0.254946 0.00368081
25 -89.9738 27.544 -2.63383 0.111879 -0.00170765
26 38.7507 -5.01412 0.343004 -0.0051727 -2.76716e-05
27 220.505 -51.2899 4.61219 -0.175632 0.00246021
28 112.305 -25.3894 2.33555 -0.0894057 0.00126975
29 65.7841 -12.4201 1.03786 -0.0339524 0.000416513
30 296.713 -70.7237 6.40777 -0.24749 0.00351568
31 66.9597 -13.1146 1.19174 -0.0437637 0.000604299
32 130.897 -31.4431 3.01428 -0.119361 0.00172543
33 35.2039 -7.04955 0.839175 -0.0383667 0.000656125
34 15.9546 -0.652373 0.0534341 0.00104635 -3.2973e-05
35 -53.1166 16.7336 -1.45361 0.0562122 -0.000756519
36 70.5639 -14.8035 1.37033 -0.0514128 0.000726533
37 23.0458 -2.1985 0.151383 -0.000432935 -5.1732e-05
38 179.53 -42.8232 4.02098 -0.160147 0.0023557
39 50.7948 -8.63098 0.753725 -0.0262319 0.000361209
40 251.443 -61.3563 5.74113 -0.228151 0.00332615
41 19.2004 -0.587788 -0.050049 0.00776726 -0.000163838
42 59.5049 -12.8946 1.35268 -0.0594463 0.00100368
43 88.7303 -19.9982 1.88531 -0.0732304 0.00105358
44 216.481 -51.649 4.76535 -0.186598 0.00269206
45 95.5917 -21.0337 1.93097 -0.0731556 0.00103138
46 151.822 -35.6252 3.29904 -0.129101 0.0018701
47 94.2137 -22.002 2.16113 -0.0877069 0.00131046
48 214.255 -50.3085 4.56112 -0.175079 0.00247288
49 9.34881 -0.733623 0.224358 -0.0109669 0.000198874
50 23.0204 -2.13181 0.225179 -0.00769169 0.000120331
51 107.724 -24.428 2.31517 -0.0915066 0.00134108
52 77.7328 -14.6448 1.19047 -0.0387455 0.000477246
53 204.791 -49.6064 4.69895 -0.190049 0.00283583
54 129.886 -28.7393 2.57361 -0.0966338 0.00134492
55 58.1058 -9.77373 0.765854 -0.0227806 0.000250929
56 79.6314 -18.5317 1.86215 -0.0780889 0.00122418
57 319.379 -78.6984 7.36444 -0.294512 0.00433115
58 139.016 -32.1307 2.98462 -0.117148 0.00170615
59 127.944 -28.4506 2.57948 -0.0985265 0.00139944
60 36.303 -4.39027 0.266489 -0.00233103 -5.47199e-05
61 57.8295 -11.2128 1.07084 -0.0417411 0.000621699
62 71.4334 -13.1953 1.09411 -0.0364724 0.000461797
63 17.7915 -0.46974 0.0177701 0.00276936 -6.42719e-05
64 12.8616 -0.263753 0.0267727 0.00264764 -7.53148e-05
65 10.6062 0.458069 0.00930661 -5.97399e-06 2.37751e-05
66 46.8415 -9.80525 0.986299 -0.0396393 0.00060629
67 101.284 -21.2505 1.88007 -0.0697908 0.000977241
68 64.5216 -13.3785 1.23496 -0.0468231 0.00067567
69 -54.7601 16.9416 -1.56108 0.0654128 -0.000977396
70 135.311 -30.9853 2.87729 -0.111999 0.00160438
71 28.8806 -5.10642 0.536677 -0.0203549 0.000293211
72 122.75 -28.4394 2.679 -0.106335 0.00156974
73 63.8324 -14.1812 1.40302 -0.0570895 0.000877079
74 140.201 -32.0038 2.89868 -0.109768 0.00153213
75 316.838 -76.9241 7.07865 -0.277718 0.00399195
76 139.134 -32.3071 3.01631 -0.119462 0.00176258
77 146.016 -33.504 3.03226 -0.115372 0.00161844
78 99.6191 -22.8965 2.14881 -0.0839598 0.00122049
79 346.42 -83.5029 7.56688 -0.291709 0.00411594
80 210.009 -49.289 4.4931 -0.174596 0.0025051
81 -38.9595 12.9791 -1.2077 0.0511656 -0.000760852
82 82.7168 -19.2417 1.89287 -0.0775175 0.00118107
83 -4.88397 4.72101 -0.35072 0.0125557 -0.000136948
84 -0.980756 3.55542 -0.339505 0.0164036 -0.000253734
85 120.481 -27.1266 2.5015 -0.0970243 0.00139444
86 254.36 -59.9396 5.46235 -0.213251 0.00307927
87 154.718 -33.0979 2.78245 -0.0975315 0.00125581
88 137.123 -30.9252 2.77456 -0.103895 0.00142756
89 136.613 -30.646 2.76471 -0.105168 0.00148584
90 109.448 -23.3959 2.07001 -0.0767479 0.00106796
91 102.012 -22.5719 2.06703 -0.0797155 0.00115688
92 62.3216 -10.0216 0.698304 -0.016643 0.000118589
93 41.3044 -7.32793 0.628631 -0.020577 0.000269083
94 206.109 -47.4681 4.24021 -0.160551 0.00223937
