0 105.859 -24.4706 2.25551 -0.084856 0.00117355
1 -44.6506 13.8444 -1.37329 0.0643242 -0.00106222
2 4.19298 -1.961 0.457603 -0.0239181 0.000436583
3 12.4639 -3.0745 0.459022 -0.0207684 0.000359833
4 46.5154 -12.2374 1.31202 -0.0542217 0.000832092
5 141.668 -35.5826 3.46246 -0.141479 0.00214002
6 30.8055 -7.2843 0.773624 -0.0297152 0.000425193
7 -127.087 33.668 -3.05691 0.124365 -0.00182612
8 111.684 -27.5749 2.66873 -0.107188 0.00159638
9 39.6383 -9.74299 1.07656 -0.0454631 0.000718158
10 -45.2784 11.1946 -0.860362 0.0328541 -0.000451072
11 15.5958 -3.34258 0.426545 -0.0170625 0.00027177
12 96.5329 -22.3028 2.06426 -0.0783324 0.00110726
13 31.9621 -8.5825 0.937789 -0.0386512 0.000605808
14 38.1774 -8.98726 0.939079 -0.0375827 0.000576714
15 31.7387 -8.04831 0.929803 -0.0406121 0.000668292
16 -88.6743 23.7295 -2.1582 0.0890809 -0.00131433
17 -16.2241 4.27024 -0.314538 0.0147933 -0.000231831
18 15.4492 -2.93415 0.370914 -0.0146261 0.000231372
19 48.1685 -10.6001 1.0571 -0.041915 0.000643177
20 -3.66519 2.48479 -0.197851 0.0108412 -0.000179956
21 55.8931 -13.5695 1.41841 -0.0589804 0.00091712
22 -44.6646 15.5322 -1.68385 0.0826221 -0.00141065
23 34.746 -8.29756 0.925868 -0.0394022 0.000637528
24 65.6176 -16.1173 1.64602 -0.0683743 0.00106526
25 65.8554 -16.1956 1.6474 -0.0681069 0.00105417
26 25.0189 -5.00261 0.560264 -0.0231908 0.000392259
27 66.6513 -15.6679 1.54643 -0.062405 0.000956057
28 6.5667 -2.04825 0.401369 -0.0205092 0.000388706
29 82.466 -19.1735 1.83957 -0.0719247 0.00104985
30 94.3917 -22.1716 2.14888 -0.086575 0.00130659
31 63.533 -14.8632 1.39685 -0.0517237 0.000707307
32 -77.4174 19.8237 -1.73384 0.0703532 -0.00102151
33 55.1162 -14.3862 1.46898 -0.0587212 0.000867551
34 -26.9127 5.72332 -0.272672 0.00580576 9.4773e-07
35 -15.7642 3.71924 -0.250316 0.0113388 -0.000161599
36 -65.6037 16.5711 -1.39625 0.0551341 -0.00077697
37 79.872 -21.2661 2.1838 -0.0910341 0.00140387
38 46.7279 -13.4945 1.4915 -0.0636834 0.000996697
39 57.7619 -15.2899 1.51639 -0.0585514 0.000834255
40 46.3807 -13.2919 1.48795 -0.06441 0.00102084
41 91.9756 -21.2385 1.95145 -0.0734118 0.00102725
42 70.8225 -18.9883 1.9448 -0.0797766 0.00120161
43 23.2678 -6.72493 0.821319 -0.0365406 0.000612296
44 -32.4179 7.38024 -0.535406 0.0209533 -0.00028385
45 13.9611 -4.12465 0.525287 -0.0207831 0.0003066
46 -25.9138 6.64524 -0.493447 0.0191346 -0.000247693
47 -15.847 4.69571 -0.465546 0.0263917 -0.000496564
48 -17.1868 5.02156 -0.470703 0.0250771 -0.000450896
49 -23.0079 5.96576 -0.492911 0.0227145 -0.000362121
50 -26.7715 6.77005 -0.50682 0.0202116 -0.000273419
51 -84.0758 22.6759 -2.13795 0.0934735 -0.00148166
52 2.94843 -0.499979 0.097113 -0.00118833 4.45892e-06
53 -19.8651 6.40428 -0.576888 0.0271113 -0.000439346
54 -53.9767 13.6883 -1.20046 0.0508408 -0.000770449
55 51.4538 -12.4866 1.24793 -0.0489097 0.000715409
56 -39.23 11.587 -1.10622 0.0496844 -0.000778201
57 -5.75999 1.26071 0.00460217 -5.08985e-05 1.71166e-05
58 50.9261 -11.8748 1.1714 -0.0458599 0.000675575
59 -17.4245 5.85007 -0.538487 0.0257908 -0.000416114
60 61.3194 -16.6138 1.75157 -0.0747276 0.00118647
61 -17.2289 2.54234 0.0408759 -0.00784836 0.00022139
62 20.0316 -5.74527 0.695188 -0.0295582 0.000466523
63 -58.3355 15.7268 -1.42044 0.0599198 -0.000905938
64 93.6302 -19.7443 1.73198 -0.0619194 0.000825
65 123.508 -29.7645 2.86333 -0.115321 0.00173095
66 -0.263939 2.31934 -0.177828 0.00920663 -0.000132864
67 103.682 -23.7509 2.18625 -0.0826782 0.00116439
68 136.886 -33.3005 3.21321 -0.129772 0.00194127
69 143.828 -34.2038 3.21699 -0.126853 0.00185114
70 92.1566 -21.5461 2.1036 -0.084182 0.00124683
71 96.8398 -21.981 2.10423 -0.0835007 0.00124137
72 95.9138 -22.114 2.10589 -0.0829979 0.00122361
73 46.0616 -10.067 1.013 -0.0395516 0.000582593
74 325.35 -80.5805 7.57619 -0.304855 0.00451712
75 4.54371 1.63913 -0.0864745 0.00384185 -3.4796e-05
76 103.832 -24.0246 2.27978 -0.0897856 0.00132071
77 31.4509 -5.40354 0.512832 -0.0172917 0.000235832
78 101.67 -23.5201 2.24011 -0.0881861 0.00129178
79 94.5957 -22.6799 2.23413 -0.0906359 0.0013653
80 295.055 -71.4387 6.55192 -0.255024 0.00363709
81 155.76 -36.1855 3.30947 -0.127242 0.00181599
82 71.8146 -17.2358 1.74889 -0.0726221 0.00112678
83 123.909 -28.4364 2.69811 -0.10779 0.00160473
84 156.327 -38.2021 3.66631 -0.14813 0.00220546
85 78.7699 -17.0565 1.55627 -0.0572889 0.000781227
86 75.4726 -16.578 1.54976 -0.0588107 0.000840036
87 352.148 -89.6043 8.61051 -0.354682 0.00537389
88 112.587 -24.8823 2.23151 -0.0827157 0.00114176
89 138.497 -30.8756 2.78224 -0.10572 0.00150426
90 129.413 -29.7914 2.7914 -0.109002 0.00156955
91 74.9558 -16.744 1.60976 -0.0630352 0.000922268
92 18.6162 -1.9747 0.261529 -0.0100041 0.000162766
93 123.482 -26.8317 2.35424 -0.0853957 0.0011496
94 197.796 -46.3573 4.2054 -0.160333 0.00225172
