0 173.825 -40.4283 3.69325 -0.143563 0.00207285
1 117.765 -27.3719 2.57833 -0.10328 0.0015541
2 58.2433 -11.5294 1.00091 -0.0341253 0.000438902
3 76.2517 -16.369 1.49707 -0.057008 0.00082611
4 130.27 -30.197 2.79126 -0.108956 0.00158021
5 58.0329 -11.3841 1.00157 -0.0354396 0.000480892
6 100.944 -23.9209 2.30614 -0.0936853 0.00141919
7 79.3255 -16.7996 1.50303 -0.0555253 0.000773104
8 236.632 -56.7218 5.24655 -0.207279 0.00301629
9 65.363 -13.4443 1.2464 -0.0486084 0.000732165
10 118.487 -26.5661 2.44331 -0.0961927 0.00143175
11 73.2021 -15.9839 1.49926 -0.0587674 0.000872752
12 213.458 -51.3205 4.79243 -0.190875 0.00280325
13 107.726 -25.0039 2.3851 -0.0965504 0.00146729
14 54.4878 -11.634 1.13407 -0.0456874 0.000708595
15 109.136 -24.0382 2.16529 -0.0821049 0.00116513
16 84.1959 -18.0508 1.65309 -0.0644485 0.000965608
17 109.492 -24.3265 2.21111 -0.0848839 0.00122502
18 -30.7816 12.8193 -1.41125 0.06819 -0.00114186
19 49.377 -8.98419 0.799304 -0.0295215 0.000435395
20 -2.45717 5.06197 -0.615553 0.0321349 -0.000534505
21 189.809 -45.0576 4.18928 -0.166657 0.00245505
22 122.221 -28.2735 2.63566 -0.104302 0.00154235
23 -32.7336 10.473 -0.929246 0.0370836 -0.000499455
24 15.3668 -0.979516 0.0675926 0.000931322 -4.14131e-05
25 71.6813 -14.4237 1.25404 -0.0448854 0.000612972
26 35.9767 -7.93083 0.86087 -0.0377537 0.000637265
27 88.4604 -19.4032 1.81056 -0.0719529 0.00108817
28 72.5339 -12.5269 0.909277 -0.0245972 0.00023045
29 124.738 -27.6884 2.45703 -0.0915303 0.00126601
30 2.9443 3.21087 -0.415972 0.0237721 -0.000417109
31 30.9611 -5.92859 0.627963 -0.0261129 0.000423355
32 -3.80752 3.04648 -0.276919 0.013193 -0.000184153
33 37.191 -8.03627 0.833734 -0.0349399 0.000572195
34 -82.438 24.4084 -2.4217 0.106434 -0.00166265
35 -0.2837 2.66235 -0.339352 0.0207788 -0.000381115
36 -32.0085 10.0464 -0.927889 0.0386478 -0.000543937
37 -4.99463 2.1502 -0.156098 0.00856817 -0.000146324
38 -41.4673 13.1825 -1.34651 0.0629991 -0.00103138
39 -9.11589 4.77365 -0.508211 0.0260845 -0.000438423
40 -16.0612 5.75526 -0.499555 0.0215372 -0.000313076
41 -35.294 11.623 -1.12549 0.0499233 -0.000775129
42 -32.6932 10.9057 -1.12134 0.0524127 -0.000840409
43 -39.6701 11.8317 -1.11374 0.0485819 -0.000743817
44 6.3763 0.238655 -0.0383633 0.00529297 -0.000102685
45 49.4555 -10.8563 0.997924 -0.0366849 0.000521873
46 40.2694 -9.72479 1.00263 -0.0413378 0.00064861
47 -42.5837 14.7387 -1.51734 0.0692454 -0.00110372
48 9.98889 -1.64235 0.159574 -0.00329511 3.35413e-05
49 5.05198 -0.107882 0.0985889 -0.00598312 0.000172386
50 48.1214 -9.72502 0.920758 -0.0360418 0.000555073
51 -47.5252 15.5628 -1.55895 0.0693246 -0.00107721
52 -7.68674 5.39034 -0.662619 0.0361166 -0.000637615
53 27.2145 -4.98487 0.490086 -0.0192222 0.000320899
54 -25.614 9.97236 -1.03379 0.0478631 -0.000759216
55 -36.2588 11.3113 -1.02506 0.0414202 -0.000561384
56 55.6817 -12.0027 1.11414 -0.0425222 0.000620232
57 24.0324 -3.58561 0.293294 -0.00789419 9.40442e-05
58 51.4544 -11.3359 1.10286 -0.0441679 0.000677141
59 54.2637 -11.7429 1.09926 -0.042435 0.000632854
60 16.54 -3.03034 0.40631 -0.0197916 0.000371463
61 -56.6622 16.1408 -1.47929 0.0607526 -0.000873692
62 -3.97582 4.09284 -0.495055 0.0269405 -0.00046383
63 -58.8957 18.393 -1.85962 0.0833178 -0.00131184
