0 107.065 -24.0072 2.15417 -0.0798757 0.001093
1 148.482 -33.8746 3.05391 -0.116529 0.00166082
2 43.5916 -5.7799 0.293502 0.000877403 -0.000163513
3 38.4518 -4.87224 0.288391 -0.00324361 -3.08971e-05
4 57.8603 -12.9759 1.28285 -0.0527602 0.000830235
5 20.05 -2.48668 0.188931 -0.0035042 3.29962e-05
6 68.2478 -14.2292 1.25644 -0.0448919 0.000606081
7 93.9021 -19.0292 1.58779 -0.0543992 0.000700093
8 24.3304 -3.83269 0.343434 -0.0100175 0.000115622
9 11.3309 1.75902 -0.37597 0.0267306 -0.000530156
10 159.033 -37.3745 3.44678 -0.134714 0.00194482
11 81.4147 -18.4176 1.7437 -0.0689973 0.00102918
12 147.727 -32.5938 2.83179 -0.102756 0.00136959
13 49.6608 -8.07659 0.604562 -0.0160201 0.000151849
14 96.4993 -21.6891 2.0199 -0.0789205 0.0011544
15 47.0521 -8.59004 0.696536 -0.0202789 0.00020625
16 94.7441 -20.7919 1.8711 -0.0698741 0.000976681
17 -16.5606 8.74264 -1.04081 0.0537996 -0.000924985
18 57.6321 -8.11312 0.407627 0.000854605 -0.000241608
19 49.1261 -6.53227 0.346095 -0.00169567 -0.000109473
20 35.8827 -5.43183 0.370532 -0.00618189 -1.49784e-05
21 129.046 -31.2241 3.01044 -0.123038 0.00185814
22 135.821 -29.5039 2.57544 -0.0951767 0.00132151
23 28.4192 0.205195 -0.443178 0.0367674 -0.000763555
24 14.9742 2.54005 -0.515428 0.032268 -0.000577587
25 41.7331 -6.16517 0.433325 -0.0098318 7.01135e-05
26 0.00789464 4.56445 -0.583793 0.0316609 -0.000544322
27 -38.724 14.3024 -1.46545 0.0651813 -0.000997333
28 42.8664 -7.38115 0.605782 -0.019241 0.000246765
29 223.76 -53.65 4.95777 -0.19527 0.00283019
30 12.0624 4.663 -0.913775 0.059567 -0.0011827
31 56.9729 -8.69633 0.524856 -0.00709029 -6.6315e-05
32 -14.1027 7.57346 -0.907014 0.0485043 -0.000866153
33 60.3909 -15.0718 1.46421 -0.0573697 0.000842854
34 -25.0674 7.96243 -0.735236 0.0320718 -0.000471373
35 25.1665 -2.35862 0.0915674 0.00399461 -0.000140306
36 46.3583 -9.0293 0.799592 -0.0283088 0.000396939
37 -15.0529 7.79453 -0.909983 0.0474536 -0.000832259
38 88.3978 -20.3649 1.94257 -0.0779441 0.00117579
39 86.0678 -20.6249 1.95241 -0.0763666 0.00111142
40 35.0094 -7.44187 0.686665 -0.0235797 0.00031291
41 61.0925 -13.377 1.2402 -0.0471305 0.000684619
42 90.1926 -23.0266 2.29583 -0.0948247 0.00145011
43 -13.3661 5.53569 -0.565527 0.0282746 -0.00047518
44 117.582 -27.6747 2.59492 -0.102783 0.00151758
45 -99.9947 29.8816 -3.00459 0.132424 -0.00207443
46 22.4811 -4.3738 0.349578 -0.00639902 -1.82951e-05
47 -49.9971 15.4706 -1.50949 0.0662499 -0.00102046
48 7.10924 1.59862 -0.347484 0.0255377 -0.00051828
49 14.6973 -0.332352 -0.0702509 0.00928315 -0.000194376
50 -65.3635 21.1535 -2.1666 0.0964048 -0.00149294
51 66.4108 -14.5038 1.30798 -0.048124 0.000671762
52 -6.39559 2.98781 -0.24172 0.0109196 -0.000148904
53 28.3342 -4.48199 0.328014 -0.00691533 4.51622e-05
54 -17.3743 6.94355 -0.755258 0.0379415 -0.000635293
55 37.5657 -8.1317 0.784112 -0.0301711 0.00046211
56 -44.5007 13.6562 -1.31318 0.0566444 -0.000848022
57 28.0545 -5.24548 0.488593 -0.0167975 0.000230669
58 23.1047 -4.66702 0.488234 -0.0194448 0.00031442
59 -28.9693 10.8921 -1.09771 0.0491076 -0.000752577
60 39.0812 -7.51922 0.665405 -0.0234169 0.000333366
61 16.8786 -1.98463 0.115145 0.001343 -8.396e-05
62 -23.3036 9.4382 -1.00085 0.0477525 -0.000776284
63 -74.521 21.6359 -2.11 0.0913781 -0.00140156
