0 102.375 -25.9495 2.60938 -0.108873 0.0016884
1 62.8791 -14.4498 1.41726 -0.0554086 0.000810352
2 121.933 -30.6149 3.04408 -0.126328 0.00194312
3 18.6552 -3.43903 0.373203 -0.0127225 0.00018091
4 12.3775 -2.61433 0.368318 -0.0150191 0.000242922
5 84.8684 -21.1539 2.11635 -0.0863509 0.0013043
6 86.259 -21.5642 2.1221 -0.0853264 0.00128002
7 133.67 -32.9994 3.17501 -0.127295 0.0018807
8 3.3489 1.02422 -0.0580778 0.00438397 -6.15046e-05
9 99.4237 -23.1538 2.19565 -0.0857412 0.00124369
10 106.65 -24.114 2.20161 -0.082835 0.00115813
11 -87.8534 22.7579 -1.96431 0.0776913 -0.00110786
12 53.3064 -11.3308 1.08704 -0.0409461 0.000581174
13 104.884 -24.9819 2.35438 -0.0914453 0.00131404
14 35.9178 -7.46259 0.752175 -0.0280158 0.000396693
15 58.0731 -12.9612 1.23495 -0.0459511 0.000632161
16 81.4616 -18.1297 1.69594 -0.0650741 0.00093804
17 27.3104 -5.51851 0.578654 -0.0214272 0.000306079
18 76.1915 -18.33 1.83933 -0.0750221 0.00113003
19 76.4022 -18.6213 1.84584 -0.0740476 0.00109513
20 57.0056 -12.9874 1.28393 -0.0503694 0.000734535
21 86.061 -20.023 1.90692 -0.0749277 0.00110172
22 81.641 -19.477 1.90405 -0.0762078 0.00113609
23 42.4579 -9.81771 0.963552 -0.0364315 0.000525515
24 -28.0205 9.72276 -0.933327 0.0421726 -0.000655693
25 163.336 -37.6582 3.43168 -0.13231 0.0018905
26 10.6801 -1.31768 0.211698 -0.0081354 0.00013776
27 40.9865 -7.65225 0.696068 -0.0240285 0.000324239
28 -17.4974 6.26702 -0.610202 0.0308002 -0.000533972
29 60.8771 -13.4387 1.28052 -0.0486909 0.000697797
30 32.774 -5.70147 0.498985 -0.0158659 0.000212448
31 72.0092 -17.8922 1.8212 -0.0747491 0.00112798
32 32.4701 -6.75727 0.78356 -0.032305 0.000490683
33 160.059 -39.8898 3.83971 -0.153598 0.00225056
34 74.0834 -16.0703 1.55482 -0.0611871 0.000913787
35 252.959 -63.9132 6.1561 -0.251866 0.00378589
36 46.1662 -9.4063 0.921962 -0.0344485 0.000488552
37 55.2794 -13.906 1.56659 -0.0690137 0.00110961
38 196.463 -47.2842 4.42389 -0.174705 0.00253988
39 331.681 -84.1278 8.12041 -0.335958 0.00512296
40 114.472 -25.1354 2.22966 -0.0809147 0.00108557
41 97.5752 -23.1363 2.21501 -0.0862351 0.00124093
42 20.1967 -4.42746 0.684399 -0.0351146 0.000649736
43 38.5563 -7.10688 0.717798 -0.0275606 0.000413599
44 15.2639 0.978921 -0.230328 0.0182359 -0.000367704
45 62.4708 -13.2238 1.20971 -0.0435819 0.000590706
46 80.4085 -17.2508 1.56554 -0.0572633 0.000784608
47 96.0127 -22.1519 2.09168 -0.0809923 0.00116248
48 428.861 -106.905 9.93781 -0.393479 0.00569639
49 195.855 -46.5914 4.26823 -0.164569 0.00233704
50 131.202 -29.592 2.71591 -0.104316 0.00148625
51 433.42 -107.107 9.87349 -0.388389 0.00559904
52 192.517 -46.1372 4.28489 -0.168346 0.0024423
53 66.7418 -14.5573 1.38923 -0.0531558 0.0007668
54 186.254 -43.4153 3.93002 -0.149682 0.00210327
55 248.953 -59.844 5.45097 -0.208742 0.00292211
56 140.173 -32.6972 3.02695 -0.117319 0.00168353
57 8.88755 -0.367781 0.108882 -0.00217416 5.71311e-06
58 151.098 -33.6837 2.95283 -0.10778 0.00145534
59 132.829 -31.2455 2.93163 -0.114868 0.00166506
60 132.354 -31.1009 2.92432 -0.115378 0.00169909
61 272.493 -65.9674 6.10153 -0.240288 0.00348299
62 176.571 -41.3085 3.73891 -0.141799 0.00198061
63 153.538 -38.0461 3.70993 -0.152303 0.00230752
64 -71.3381 18.4024 -1.56058 0.0609792 -0.000846603
65 86.3409 -20.7381 1.97666 -0.0767256 0.00110487
66 54.652 -12.4473 1.23484 -0.0490197 0.00073847
67 70.8761 -17.5492 1.73898 -0.069152 0.00101966
68 73.1188 -17.6737 1.7379 -0.0690279 0.0010197
69 65.9164 -16.8388 1.72771 -0.0712708 0.00109252
70 -42.7261 12.474 -1.1468 0.0499755 -0.000770675
71 38.9679 -8.4947 0.850777 -0.0323295 0.000469078
72 -20.8044 5.99108 -0.441393 0.0170778 -0.000212914
73 -14.378 4.44529 -0.294077 0.0113752 -0.000136182
74 70.8983 -16.6525 1.63706 -0.0651007 0.000964864
75 68.443 -16.4484 1.63311 -0.06585 0.000992978
76 56.1132 -11.902 1.10996 -0.0408432 0.000573274
77 -22.2384 6.09286 -0.462436 0.0191497 -0.000270188
78 -141.09 37.7505 -3.4546 0.139354 -0.00200368
79 57.1067 -12.6745 1.21164 -0.0458901 0.000657314
80 -4.56731 1.9175 -0.0884926 0.00396786 -3.61047e-05
81 -61.5051 14.7665 -1.16491 0.0436611 -0.000581566
82 29.9272 -6.65596 0.684682 -0.02562 0.000369806
83 76.1721 -17.4311 1.62414 -0.0613634 0.000866721
84 -9.91916 2.42589 -0.0720034 0.00171656 6.79019e-06
85 -1.68718 1.64527 -0.0703303 0.0035485 -3.83086e-05
86 16.7324 -2.50073 0.281385 -0.00922829 0.000130499
87 29.8995 -4.19394 0.29166 -0.00438779 -1.03925e-05
88 55.3138 -13.4284 1.33737 -0.0526523 0.000775395
89 -15.321 7.01478 -0.721626 0.0362594 -0.000617048
90 -12.6014 4.59205 -0.349398 0.0149258 -0.000208526
91 -12.6514 4.31848 -0.341577 0.0160132 -0.000253026
92 39.4623 -5.06195 0.231127 0.00436769 -0.000234496
93 76.0383 -16.1435 1.44692 -0.0525541 0.000722268
94 112.063 -26.5293 2.51485 -0.0999217 0.00148633
