0 17.3899 -0.386876 -0.0833018 0.0104494 -0.000226967
1 82.8668 -17.8984 1.61366 -0.0604919 0.000854246
2 259.822 -62.2266 5.70985 -0.223607 0.00321925
3 -4.31536 4.90033 -0.550638 0.0279584 -0.000460233
4 72.9207 -15.4122 1.42343 -0.0552365 0.000815571
5 12.7973 1.0099 -0.248192 0.0187049 -0.000374386
6 70.9135 -13.4443 1.09071 -0.034993 0.000408862
7 32.6123 -4.31347 0.303602 -0.00646702 4.91612e-05
8 40.7194 -8.07776 0.797747 -0.032086 0.000504984
9 73.3105 -15.4609 1.42609 -0.0552574 0.000809939
10 23.3317 -3.42103 0.294106 -0.00828752 9.80444e-05
11 113.296 -24.6303 2.20337 -0.0837776 0.00120124
12 60.6037 -13.0992 1.25518 -0.0502949 0.000768203
13 65.9302 -13.5758 1.24672 -0.0480488 0.000710864
14 57.724 -12.7785 1.2619 -0.051958 0.000814306
15 81.1182 -15.2634 1.23443 -0.0413057 0.000531056
16 62.8334 -13.4612 1.26675 -0.0495158 0.000739843
17 107.345 -24.3477 2.27416 -0.0901809 0.00133685
18 57.492 -11.8402 1.09146 -0.0417714 0.000618524
19 68.0119 -12.9924 1.08013 -0.0365232 0.000471013
20 67.8124 -12.9301 1.07949 -0.0369539 0.000486505
21 179.638 -42.429 3.94753 -0.157438 0.0023283
22 293.827 -76.1422 7.52075 -0.318532 0.00491712
23 -20.6286 10.4768 -1.18516 0.057819 -0.000960854
24 -35.835 12.2239 -1.16668 0.0490141 -0.000704597
25 85.7403 -16.5096 1.34551 -0.0450173 0.000565697
26 97.9489 -20.7933 1.86189 -0.0705149 0.00100079
27 55.3385 -10.9616 0.99216 -0.03737 0.000555143
28 -17.8365 8.66225 -0.948605 0.0465303 -0.000784736
29 74.9325 -14.1641 1.16808 -0.0396312 0.0005126
30 62.013 -12.9706 1.18974 -0.0446985 0.000635464
31 152.203 -34.6589 3.17776 -0.125428 0.00185
32 -49.0039 14.3811 -1.33146 0.0559164 -0.000822998
33 -50.8849 14.7257 -1.3323 0.0542796 -0.00076655
34 53.4056 -11.9449 1.20784 -0.0505056 0.000805714
35 23.297 -2.12096 0.122478 -0.000467397 -2.10619e-05
36 -81.6902 25.3236 -2.51954 0.109286 -0.0016744
37 50.725 -11.1847 1.12546 -0.046172 0.000715086
38 46.1653 -10.4004 1.08714 -0.0473142 0.000804167
39 47.4589 -10.7819 1.09356 -0.0448254 0.000693643
40 80.6818 -18.953 1.92602 -0.0838028 0.00137944
41 -15.9565 7.6101 -0.798545 0.0384642 -0.000636185
42 18.3976 -1.72409 0.101245 0.000887321 -5.72867e-05
43 -23.2346 8.6886 -0.846457 0.0373234 -0.000551361
44 6.74671 0.738409 -0.109838 0.00867659 -0.000155377
45 11.1991 0.841007 -0.132705 0.00819837 -0.000100545
46 142.652 -32.0986 2.87898 -0.109326 0.00153858
47 43.7231 -7.11242 0.513097 -0.011533 4.73409e-05
48 31.4798 -5.51151 0.529385 -0.0202444 0.000317328
49 -29.5597 10.7394 -1.05163 0.0455637 -0.000670013
50 55.6328 -10.3209 0.862428 -0.0290037 0.000385384
51 -1.61827 2.8363 -0.290661 0.015364 -0.000253296
52 -74.1885 23.6904 -2.42125 0.108757 -0.00173665
53 4.12277 1.13722 -0.0936207 0.00600172 -9.49073e-05
54 70.6057 -15.9979 1.52226 -0.0602669 0.00090203
55 4.60905 0.527748 -0.0123856 0.00130485 4.62524e-06
56 20.2581 -0.796869 -0.0430655 0.00787198 -0.000167
57 1.31551 0.896462 -0.000125419 -0.00112536 6.44332e-05
58 15.1258 -0.584568 -0.0173785 0.00579668 -0.000124881
59 8.24644 0.0449959 -0.00478658 0.00228013 -2.61485e-05
60 44.2328 -8.89532 0.856845 -0.0342232 0.000539593
61 28.892 -2.02688 0.00416066 0.00801635 -0.000189233
62 -33.0617 12.6253 -1.31487 0.0603559 -0.000960165
63 -34.3606 12.7574 -1.31744 0.059073 -0.000901447
