0 2.67893 -0.21551 0.0941378 -0.00231003 3.91235e-05
1 -71.2781 18.8894 -1.69546 0.0695917 -0.00100371
2 67.2216 -18.1419 1.91289 -0.081236 0.00127763
3 92.4694 -23.9953 2.46585 -0.104477 0.00163367
4 -83.1965 22.6788 -2.05244 0.0847576 -0.00126328
5 29.536 -6.38897 0.609472 -0.0197846 0.000228195
6 -24.5474 6.35434 -0.461851 0.0183164 -0.0002539
7 -86.5601 21.423 -1.83944 0.0732823 -0.00105657
8 50.8102 -13.8889 1.52152 -0.0651536 0.00102098
9 68.3937 -16.215 1.53598 -0.05875 0.000843011
10 54.6448 -14.5651 1.52728 -0.0630146 0.000953584
11 8.6957 -2.31885 0.373982 -0.0173372 0.000307017
12 7.308 -2.27945 0.379311 -0.0171693 0.00029285
13 12.3171 -2.9003 0.384025 -0.015406 0.000244803
14 -19.4174 3.62817 -0.134346 0.00257881 1.03137e-05
15 39.6994 -10.0889 1.03919 -0.0409058 0.000599759
16 10.0557 -1.35938 0.162226 -0.00383371 3.70268e-05
17 -1.41722 -0.032167 0.155913 -0.00723778 0.000127367
18 3.86319 -0.848573 0.166447 -0.00511957 6.10638e-05
19 71.3499 -16.7075 1.5856 -0.0605069 0.000858772
20 55.5136 -12.1831 1.16005 -0.0438592 0.000623768
21 51.0834 -11.9341 1.16184 -0.044351 0.000632004
22 90.8666 -22.3123 2.13263 -0.0832171 0.0011937
23 19.9558 -4.05799 0.417461 -0.0145368 0.000208612
24 -4.29229 2.11953 -0.157477 0.00918561 -0.000157221
25 -10.4834 3.13783 -0.176778 0.00567109 -2.51156e-05
26 -36.9183 12.2206 -1.17775 0.0523411 -0.000810208
27 -5.17423 1.55968 -0.0335198 0.00121891 3.90276e-07
28 1.42738 0.669689 -0.0146033 0.00325507 -7.00065e-05
29 -66.4495 16.8186 -1.37162 0.0510586 -0.00066611
30 -17.9123 4.53183 -0.271034 0.00895371 -8.30206e-05
31 58.4937 -14.5616 1.47184 -0.0604285 0.000930233
32 -33.6807 9.38456 -0.794441 0.0336267 -0.000493488
33 92.8298 -23.4091 2.31265 -0.0942093 0.0014321
34 41.1888 -10.1062 1.03542 -0.0400466 0.000576642
35 -8.93776 1.62603 0.0415031 -0.00404823 0.000107829
36 38.1212 -10.359 1.12631 -0.046512 0.000715407
37 41.6281 -10.5673 1.13467 -0.0460955 0.000692618
38 94.8947 -24.3679 2.38017 -0.094172 0.00137078
39 5.60908 -0.224259 0.065387 0.00045205 -3.30995e-05
40 -11.8407 2.31697 0.0259966 -0.00594984 0.000175348
41 55.9359 -14.6291 1.51019 -0.0614187 0.000927056
42 37.951 -9.29548 0.952697 -0.0365342 0.0005273
43 5.89073 -0.566371 0.145705 -0.00513001 8.85959e-05
44 0.112499 -0.0110632 0.140938 -0.00675052 0.000137658
45 -94.3375 25.7324 -2.37208 0.0988292 -0.00147789
46 83.6072 -19.5748 1.86427 -0.0724175 0.00104612
47 -20.578 4.98661 -0.291693 0.00989599 -0.000109126
48 20.0903 -6.23556 0.764172 -0.0321469 0.000498948
49 -24.4932 5.46928 -0.346023 0.0126336 -0.000149222
50 68.5557 -16.8224 1.64867 -0.0650135 0.000955757
51 42.3422 -9.11057 0.884536 -0.0332914 0.000483682
52 -20.4143 5.46138 -0.393122 0.0159921 -0.000218432
53 40.3468 -10.2045 1.07349 -0.0442149 0.000698291
54 21.4633 -4.84293 0.561623 -0.022507 0.000346403
55 43.3723 -10.0154 1.01247 -0.0389383 0.000555591
56 35.1953 -9.22592 0.999873 -0.041355 0.000648561
57 -87.2873 25.5224 -2.49663 0.110123 -0.00174476
58 -45.6522 10.8878 -0.823533 0.0306992 -0.000401718
59 82.3641 -19.9639 1.90577 -0.0740767 0.00106926
60 96.1027 -25.3834 2.59328 -0.109743 0.00172141
61 12.1239 -1.88111 0.202422 -0.00473629 4.51822e-05
62 73.5167 -18.2264 1.76296 -0.0686062 0.000988354
63 -13.4959 4.6222 -0.365096 0.0164916 -0.000247715
64 298.679 -71.513 6.49665 -0.250676 0.00354107
65 71.499 -15.6172 1.53222 -0.0616058 0.000928247
66 223.285 -54.3429 5.13942 -0.206577 0.00304979
67 -96.0414 24.7286 -1.94515 0.0678912 -0.00083666
68 -407.516 94.5057 -7.70237 0.275631 -0.0036074
69 -13.9205 5.62108 -0.301687 0.00614414 1.14824e-05
70 126.094 -29.3141 2.8042 -0.112795 0.00167871
71 368.653 -89.7522 8.22523 -0.32162 0.00460646
72 179.533 -41.3131 3.68707 -0.137296 0.00185545
73 -34.0923 9.02697 -0.493645 0.00938615 2.16906e-05
74 140.321 -32.3447 3.02418 -0.119424 0.00174864
75 174.519 -41.6551 3.90368 -0.153538 0.00221082
76 42.9416 -8.51998 0.913308 -0.0379416 0.000582205
77 19.6929 -1.3494 0.157033 -0.00450918 5.77191e-05
78 345.43 -82.1608 7.38508 -0.283745 0.00400317
79 91.2447 -19.3155 1.79046 -0.0691445 0.000999206
80 132.095 -30.2125 2.81385 -0.110354 0.00160376
81 -29.9939 12.2841 -1.1767 0.050848 -0.000771115
82 131.37 -29.8902 2.76262 -0.107528 0.00155182
83 95.8703 -20.8068 1.92415 -0.0738695 0.00105553
84 192.343 -44.9792 4.12552 -0.160664 0.00230971
85 449.198 -108.479 9.7961 -0.377864 0.00533039
86 77.1872 -16.6526 1.57874 -0.0615862 0.000898757
87 -8.45959 5.64307 -0.467301 0.0192943 -0.000269155
88 369.401 -90.1041 8.27498 -0.325026 0.00468481
89 63.0506 -14.0789 1.4075 -0.0571793 0.000870585
90 220.374 -52.0107 4.72958 -0.182395 0.00258472
91 123.568 -27.2479 2.4649 -0.0940549 0.00134488
92 121.318 -26.8853 2.47092 -0.0947757 0.00134008
93 250.528 -60.8044 5.69404 -0.226344 0.00329059
94 -20.2266 7.66289 -0.546174 0.0182328 -0.000198099
