0 -33.6401 6.68663 -0.397699 0.0123033 -0.000113995
1 73.7852 -20.1634 2.09818 -0.0879629 0.00135242
2 -281.928 75.1887 -7.181 0.301009 -0.00457401
3 -6.78877 -0.156257 0.228557 -0.0117591 0.000213193
4 64.4583 -17.6978 1.74659 -0.0686632 0.000998336
5 54.4885 -15.4892 1.71826 -0.0758273 0.00123271
6 -2.12203 -1.53063 0.328215 -0.0142424 0.000229914
7 -6.0918 -0.842837 0.317476 -0.0162763 0.000294707
8 7.82111 -2.62899 0.343527 -0.0118956 0.000149773
9 4.69286 -1.91883 0.333435 -0.0141407 0.000227071
10 -23.1136 6.36954 -0.524708 0.0227179 -0.000330779
11 10.9938 -3.57033 0.504422 -0.0226726 0.000389294
12 31.9151 -8.37388 0.894944 -0.0356101 0.000527436
13 35.8575 -8.81379 0.898147 -0.0343959 0.000490267
14 58.1937 -14.5753 1.4395 -0.0571698 0.000854588
15 -16.7466 2.90341 -0.129234 0.0055928 -9.12683e-05
16 -19.9988 3.71549 -0.150033 0.00283229 2.02018e-05
17 -70.4853 16.8578 -1.42761 0.0562707 -0.000784472
18 32.451 -7.81627 0.795121 -0.0302309 0.000436937
19 -77.3986 19.882 -1.78405 0.0733013 -0.00107405
20 -17.1322 5.5137 -0.556057 0.0293257 -0.000523391
21 8.15122 -2.07347 0.278903 -0.0101903 0.000153219
22 -69.5648 16.8069 -1.40969 0.0557176 -0.000795465
23 -68.0505 16.681 -1.41051 0.0559452 -0.000795557
24 -59.9962 15.1467 -1.38963 0.0609883 -0.000966411
25 85.2651 -21.6358 2.09999 -0.0834634 0.00122667
26 53.3496 -14.0756 1.39467 -0.0545666 0.000794733
27 -24.5823 6.5536 -0.591263 0.0282502 -0.000466956
28 -43.7814 11.618 -1.09307 0.0500993 -0.000818107
29 14.2504 -2.75495 0.247565 -0.0048925 1.64245e-05
30 -3.37653 -0.376565 0.21866 -0.0115432 0.000227442
31 -38.4057 8.88722 -0.681546 0.025969 -0.0003411
32 -29.1015 8.52204 -0.687383 0.0274286 -0.000371225
33 -32.2588 8.44999 -0.678469 0.0277023 -0.000390694
34 11.3435 -3.58603 0.478587 -0.0195644 0.0003069
35 -66.473 18.8216 -1.84224 0.0836046 -0.00135623
36 9.39313 -2.31897 0.3541 -0.0149531 0.000249555
37 -32.0173 7.41456 -0.491077 0.0164712 -0.000169915
38 2.64733 -0.659971 0.208329 -0.00948718 0.00018029
39 -76.4515 20.0828 -1.78945 0.073095 -0.00105874
40 21.7938 -4.36842 0.444341 -0.0148452 0.000194378
41 92.7818 -25.178 2.62724 -0.112601 0.00177301
42 17.1304 -2.9928 0.335013 -0.0112774 0.000153465
43 20.9221 -6.74522 0.847445 -0.0382582 0.000649667
44 -13.0809 3.52225 -0.179271 0.00570117 -3.84511e-05
45 -21.0839 5.99248 -0.517093 0.0243426 -0.000387935
46 21.2449 -4.68781 0.49725 -0.0173267 0.000224991
47 60.5363 -16.0802 1.65339 -0.0671903 0.0010006
48 -26.341 6.89161 -0.561406 0.0236944 -0.000331923
49 -25.7465 6.84848 -0.560624 0.0239328 -0.000343807
50 -46.0546 13.9931 -1.34307 0.0595634 -0.000930351
51 -16.51 3.55601 -0.134648 0.00188206 4.40592e-05
52 -0.294398 1.66695 -0.10866 0.00567237 -6.92468e-05
53 36.0162 -9.93292 1.15624 -0.0528357 0.000919757
54 -57.3976 14.7704 -1.29508 0.054229 -0.00081744
55 24.3837 -5.23293 0.548189 -0.0197188 0.000269441
56 -88.7364 23.0109 -2.06257 0.0840096 -0.00121924
57 10.4649 -1.82089 0.2267 -0.00697462 9.48503e-05
58 55.9091 -15.4892 1.69988 -0.0742727 0.00119951
59 -47.8619 12.584 -1.06496 0.0427707 -0.000598228
60 18.0703 -2.5893 0.239808 -0.0060454 6.23529e-05
61 -20.4078 6.52938 -0.568294 0.025004 -0.000364411
62 121.686 -31.4532 3.10038 -0.127259 0.00192027
63 -60.574 16.6041 -1.53221 0.0655972 -0.000997896
64 42.3447 -8.60248 0.820204 -0.0304145 0.000429102
65 74.0629 -16.3183 1.52603 -0.0585229 0.000844106
66 14.3441 -2.31752 0.331696 -0.0141757 0.000238218
67 90.2152 -21.1395 2.01584 -0.0790587 0.00114438
68 52.2665 -10.5558 0.980069 -0.035782 0.000489627
69 4.40447 1.52067 -0.162281 0.0104042 -0.000181453
70 141.05 -32.9924 3.0384 -0.117771 0.00168989
71 17.1045 -2.01394 0.204672 -0.00531855 5.49819e-05
72 -37.8414 11.6991 -1.05619 0.0444742 -0.000654651
73 -28.1647 7.993 -0.602054 0.0221505 -0.00027778
74 58.2981 -12.2877 1.16536 -0.0447288 0.000652016
75 37.6525 -7.65316 0.731214 -0.026937 0.000383793
76 91.5256 -20.2883 1.86966 -0.0716775 0.00103287
77 8.00634 0.170123 0.0281778 -3.59718e-05 1.44972e-05
78 53.3534 -11.1186 1.02205 -0.0371124 0.000505352
79 89.6395 -20.7136 1.95981 -0.0764124 0.00110579
80 105.15 -24.6629 2.35737 -0.0944538 0.00140645
81 71.915 -15.7664 1.48963 -0.05813 0.000858563
82 93.6779 -22.1086 2.10759 -0.083507 0.00123167
83 16.8419 -0.987434 0.0530603 0.00247353 -7.94243e-05
84 -3.27378 4.50525 -0.496943 0.0252119 -0.00040738
85 90.6947 -21.7323 2.15416 -0.089254 0.00137515
86 99.7411 -23.0732 2.16987 -0.0853111 0.00125233
87 26.7371 -2.78361 0.13703 0.00204894 -0.000106082
88 141.579 -32.5452 2.97627 -0.114655 0.001634
89 -24.47 8.9554 -0.85617 0.0389388 -0.00062119
90 1.71649 2.47994 -0.267243 0.0151367 -0.000257623
91 -18.879 7.81194 -0.75697 0.034469 -0.000538266
92 54.8746 -12.0504 1.16021 -0.0448207 0.00065264
93 -10.5167 5.47906 -0.542606 0.0262109 -0.000420136
94 -11.9556 5.19161 -0.532112 0.0276579 -0.000483895
