0 137.005 -32.2634 3.00559 -0.116483 0.00168158
1 140.161 -35.7841 3.51954 -0.143386 0.00214563
2 390.083 -97.934 9.19173 -0.366111 0.00532237
3 118.702 -28.7731 2.75044 -0.109739 0.00164259
4 333.521 -82.1964 7.64119 -0.302801 0.00441461
5 -135.028 35.7439 -3.18278 0.127327 -0.00183794
6 179.339 -42.8996 3.93765 -0.150268 0.00210178
7 105.561 -25.5691 2.49268 -0.100731 0.00152473
8 133.427 -31.9341 3.03152 -0.119566 0.0017402
9 53.8589 -12.4787 1.27302 -0.0507323 0.000760718
10 70.8225 -14.5366 1.27121 -0.0438576 0.000571124
11 9.38641 0.661681 -0.183059 0.0185955 -0.000431406
12 162.129 -38.3954 3.53349 -0.135804 0.00193311
13 80.4396 -18.1852 1.75075 -0.069414 0.00104909
14 41.938 -7.80971 0.665354 -0.0196953 0.000220164
15 37.676 -6.9277 0.654271 -0.0225199 0.000305789
16 -13.5669 6.08429 -0.590947 0.0293023 -0.000477441
17 86.6475 -20.4582 1.98957 -0.0791245 0.00117539
18 148.67 -33.8315 3.06337 -0.116799 0.00166904
19 5.18156 0.878758 -0.0608957 0.00624159 -0.000117557
20 147.884 -35.0659 3.23753 -0.124161 0.00175597
21 137.738 -33.3026 3.20685 -0.129895 0.00196893
22 95.7643 -21.8293 1.97776 -0.0724994 0.000990905
23 43.5093 -10.0214 1.06476 -0.0445801 0.000728066
24 360.918 -92.0812 8.89443 -0.36832 0.00562197
25 155.197 -37.0101 3.48327 -0.137874 0.00202725
26 -6.68924 1.19892 0.113907 -0.00872688 0.000212936
27 73.2533 -16.9538 1.64645 -0.0647091 0.000960364
28 107.562 -24.4925 2.2827 -0.0875531 0.00125108
29 199.713 -48.2288 4.49856 -0.177313 0.00258002
30 11.6808 0.868304 -0.217349 0.0193797 -0.000417072
31 37.4443 -6.76033 0.559436 -0.0153382 0.000148499
32 -12.4944 4.29615 -0.325042 0.0142873 -0.00019573
33 -5.7843 3.24764 -0.31041 0.0180984 -0.000329545
34 -29.2426 6.04938 -0.3395 0.0104528 -9.26645e-05
35 -112.347 30.3507 -2.80518 0.117044 -0.00175699
36 59.3364 -16.6411 1.84343 -0.0818411 0.00134428
37 -3.37377 0.764969 0.0565995 -0.00229154 5.9901e-05
38 -5.1308 1.1561 0.0491652 -0.00375456 0.000111048
39 0.956332 0.79073 0.0511642 -0.00313671 9.36275e-05
40 0.915266 0.297243 0.0620436 -0.00108918 1.78909e-05
41 -0.401129 0.691019 0.0530784 -0.00257363 7.09837e-05
42 -54.9812 14.3679 -1.14239 0.0424115 -0.000549559
43 7.55941 -2.29261 0.387346 -0.0180275 0.000330171
44 50.0843 -12.539 1.29437 -0.052478 0.000802121
45 3.30969 0.0297291 0.056907 0.000154841 -2.0154e-05
46 -15.7704 5.52791 -0.43658 0.0177665 -0.000225932
47 60.1003 -16.0337 1.63287 -0.0659695 0.000997821
48 31.3429 -5.59329 0.49915 -0.0150629 0.000171665
49 42.7009 -10.5012 1.09533 -0.0440355 0.000671341
50 97.5078 -24.4938 2.43952 -0.100226 0.00152345
51 -83.8107 24.7708 -2.53291 0.116763 -0.00192096
52 22.6826 -6.67054 0.75595 -0.0296955 0.000438676
53 31.5439 -7.18545 0.745096 -0.0287886 0.000436934
54 60.6074 -15.7242 1.62515 -0.0672074 0.00103439
55 36.3739 -9.18097 0.954252 -0.0370309 0.000541934
56 22.7127 -3.93834 0.368906 -0.0105029 0.000117338
57 -104.751 25.6946 -2.18876 0.0846555 -0.00116959
58 86.3308 -23.4237 2.43617 -0.104263 0.00165827
59 51.4172 -12.444 1.23458 -0.047801 0.000694304
60 51.5478 -12.5484 1.23626 -0.0475614 0.000685196
61 5.14103 -1.83946 0.336535 -0.0151981 0.000264597
62 -42.4816 11.1768 -0.948939 0.0394327 -0.000571719
63 0.96297 0.915147 -0.0458955 0.00496748 -9.51213e-05
64 268.711 -66.1532 6.2182 -0.249468 0.00369769
65 75.4644 -17.0785 1.66002 -0.0656786 0.000977828
66 51.4805 -10.2093 0.947307 -0.0334151 0.00044328
67 260.244 -66.1047 6.46139 -0.269742 0.00414888
68 162.387 -38.399 3.5683 -0.139513 0.00202614
69 36.8307 -6.03766 0.514357 -0.0141284 0.000128709
70 131.78 -31.641 3.08473 -0.126196 0.00191187
71 207.442 -51.8165 4.98977 -0.204225 0.0030907
72 172.476 -40.8084 3.74516 -0.144533 0.00206599
73 94.8605 -21.5748 2.0488 -0.0806344 0.0011935
74 100.908 -22.2581 2.05356 -0.0786654 0.00113588
75 407.267 -102.686 9.70154 -0.390827 0.00576251
76 18.7884 -2.35046 0.263117 -0.00831922 0.000117229
77 92.7022 -21.2434 1.99964 -0.0778729 0.0011419
78 166.794 -38.9785 3.55496 -0.136135 0.00193465
79 81.6753 -18.5953 1.84576 -0.0752038 0.00114494
80 123.208 -28.372 2.65688 -0.103914 0.00150738
81 101.582 -23.4463 2.208 -0.0856045 0.00123729
82 78.6593 -17.3123 1.62842 -0.0629802 0.000923971
83 209.028 -50.8692 4.81084 -0.192606 0.00283517
84 174.77 -42.4921 4.061 -0.165497 0.00251602
85 121.193 -28.418 2.72506 -0.109436 0.00163808
86 137.321 -33.4356 3.21366 -0.129436 0.00193415
87 236.301 -56.6665 5.22228 -0.203972 0.00293388
88 242.795 -54.9643 4.71375 -0.168578 0.0021959
89 150.379 -36.9363 3.65266 -0.152555 0.0023629
90 129.325 -28.5264 2.49298 -0.0900332 0.00120859
91 76.4679 -17.3477 1.68365 -0.0662046 0.000970946
92 -12.1316 5.24299 -0.359559 0.0129583 -0.000142113
93 275.079 -68.0095 6.43901 -0.260095 0.00387143
94 165.889 -42.9636 4.41782 -0.194308 0.00318585
