0 32.8768 -8.76795 0.974127 -0.0402529 0.000621341
1 32.1562 -8.96577 0.982885 -0.0395253 0.000590318
2 32.4546 -8.75603 0.972004 -0.0398572 0.000610616
3 55.5079 -14.7234 1.58037 -0.0664365 0.00102648
4 76.7278 -20.6332 2.16017 -0.0910688 0.00141145
5 -18.9199 4.45533 -0.297852 0.0132418 -0.000198965
6 -110.578 26.6911 -2.25294 0.0870221 -0.00120945
7 35.0654 -9.23417 0.974703 -0.0378959 0.000548497
8 -43.336 11.0766 -0.914742 0.0372918 -0.000536705
9 -18.712 2.83805 0.00795817 -0.00601853 0.000191224
10 -61.6475 18.0278 -1.73188 0.0763717 -0.00119583
11 12.1121 -3.81078 0.453329 -0.0160496 0.000212297
12 59.0973 -14.8067 1.50836 -0.0607866 0.000912049
13 94.5226 -25.4405 2.56716 -0.105721 0.00160367
14 -55.3917 14.3669 -1.19906 0.0467111 -0.000628997
15 25.8929 -4.60456 0.407433 -0.0112748 0.000124582
16 121.264 -30.07 2.84884 -0.11233 0.00164724
17 75.2605 -18.9457 1.87676 -0.075109 0.00111481
18 -19.609 3.90305 -0.186532 0.00589835 -4.70977e-05
19 -60.6618 15.922 -1.45707 0.0636923 -0.000996566
20 -1.22552 0.930029 0.0539199 -0.00446261 0.000133961
21 -42.3841 8.78438 -0.581875 0.0199805 -0.000230275
22 86.9176 -22.7322 2.27868 -0.0929782 0.00140096
23 -15.9609 4.772 -0.428196 0.0224884 -0.000399639
24 -17.6682 5.14842 -0.436863 0.0210239 -0.000341778
25 21.3422 -5.02477 0.569962 -0.0221439 0.000332537
26 24.1476 -5.53129 0.575724 -0.0207556 0.000293739
27 -36.3954 9.6823 -0.828641 0.0357459 -0.000544337
28 51.5835 -14.471 1.57246 -0.0670603 0.00106149
29 41.79 -10.2384 1.06444 -0.0423592 0.000633881
30 31.7142 -8.62799 1.0275 -0.0456372 0.000751339
31 -37.4378 9.73446 -0.824807 0.034871 -0.000515373
32 19.1159 -3.30263 0.362662 -0.0125484 0.00018189
33 -19.8211 5.11759 -0.319919 0.0119494 -0.000147394
34 -17.6639 5.12246 -0.33065 0.0114063 -0.0001121
35 51.3738 -11.6902 1.15962 -0.0449765 0.00065981
36 -66.8602 16.5373 -1.30189 0.047519 -0.000607184
37 83.5173 -21.4535 2.20942 -0.0925928 0.00143542
38 -49.1616 11.8924 -0.942546 0.0365243 -0.000494922
39 140.204 -33.5696 3.15635 -0.123515 0.00178648
40 84.3641 -21.9246 2.18487 -0.0874836 0.00128238
41 62.4403 -14.1991 1.36247 -0.0521114 0.000749989
42 16.1882 -3.13109 0.382741 -0.0144589 0.000222972
43 -3.97488 -0.96416 0.379653 -0.0210467 0.000399384
44 66.5324 -17.7899 1.87502 -0.0787489 0.00121449
45 8.03677 0.148091 -0.0295722 0.00555452 -0.000104765
46 33.6819 -7.71257 0.823946 -0.0329502 0.000503293
47 -21.4607 3.94957 -0.124816 0.000133515 8.98384e-05
48 92.5711 -21.8387 2.04782 -0.078469 0.00111695
49 5.3314 -0.359701 0.151277 -0.00615054 0.000110104
50 12.4874 -1.53451 0.165596 -0.00281412 3.17741e-06
51 59.3433 -14.2307 1.3786 -0.0526243 0.000749297
52 0.340637 0.735971 0.00214456 0.00181142 -3.02643e-05
53 28.8126 -6.34711 0.688975 -0.0273304 0.000421754
54 58.7862 -13.9315 1.39778 -0.0558069 0.000832071
55 15.2894 -2.77439 0.324688 -0.0111432 0.000153958
56 17.8653 -2.94732 0.321819 -0.0108513 0.000160221
57 87.1913 -20.397 1.95101 -0.076116 0.00110226
58 23.9286 -6.73899 0.751617 -0.0293402 0.000429885
59 25.9277 -6.36623 0.737352 -0.0309776 0.000499159
60 -24.7902 6.83494 -0.519406 0.0209508 -0.000289752
61 16.8431 -3.3876 0.423972 -0.0169784 0.000272319
62 69.6386 -15.9748 1.49644 -0.055593 0.000769065
63 27.2846 -5.59137 0.567181 -0.0199533 0.000268898
64 -90.2615 23.4861 -2.16051 0.0918444 -0.00141364
65 -44.8392 12.1013 -1.04573 0.0436989 -0.000646267
66 33.9432 -8.61917 0.929556 -0.0374763 0.000574402
67 73.6295 -18.1303 1.78673 -0.0708513 0.001044
68 -0.0726784 1.04697 -0.00625309 0.00104789 -4.22042e-06
69 66.599 -15.6578 1.5152 -0.0585427 0.000844008
70 -15.9669 2.96229 -0.0697266 8.66158e-05 5.08223e-05
71 111.559 -28.1429 2.7416 -0.110417 0.00164716
72 22.8484 -6.63596 0.78076 -0.0324307 0.000502901
73 133.23 -31.8133 2.94558 -0.113092 0.00159995
74 18.4269 -3.85688 0.459724 -0.0182102 0.000286916
75 50.8305 -12.2543 1.1877 -0.0447023 0.000633632
76 55.2021 -12.262 1.18525 -0.0446563 0.000629744
77 14.8106 -2.82149 0.30591 -0.0086738 8.4193e-05
78 -1.37512 -0.347484 0.269277 -0.0152512 0.000300418
79 19.0281 -3.14683 0.291373 -0.00697499 5.95231e-05
80 -23.792 5.70904 -0.353624 0.0119231 -0.000124355
81 55.5163 -14.2904 1.49169 -0.0611494 0.000927967
82 61.3579 -14.9264 1.48968 -0.0598697 0.000906145
83 -55.7249 14.9089 -1.28731 0.0520444 -0.000740335
84 -4.27765 3.15656 -0.30332 0.0160908 -0.00025635
85 87.9871 -22.9194 2.35677 -0.0998965 0.00157571
86 42.8312 -10.8861 1.21645 -0.0530833 0.000864079
87 -6.43826 3.27119 -0.281527 0.0143328 -0.000223187
88 -16.544 4.86049 -0.297252 0.0100472 -9.88514e-05
89 -74.4866 18.9951 -1.63981 0.066306 -0.000963039
90 62.375 -14.9118 1.46111 -0.0570959 0.000836357
91 -32.7265 9.00522 -0.776235 0.0339702 -0.000522465
92 -14.8111 4.61127 -0.349109 0.0156627 -0.0002327
93 35.2384 -8.63051 1.01264 -0.0458898 0.00078102
94 51.5416 -11.1163 1.04087 -0.038546 0.000552425
95 51.5416 -11.1163 1.04087 -0.038546 0.000552425
