0 206.227 -50.7689 4.84268 -0.195762 0.00292327
1 110.994 -26.3061 2.58234 -0.105106 0.00158353
2 284.373 -69.5398 6.43894 -0.252918 0.00364444
3 299.346 -71.5192 6.44224 -0.245831 0.00344663
4 54.1284 -11.128 1.09672 -0.042377 0.000609105
5 159.939 -39.1688 3.80566 -0.154944 0.00231399
6 34.9997 -7.51107 0.928336 -0.0422347 0.000706134
7 86.8451 -21.0876 2.19042 -0.0931107 0.00145779
8 -30.0576 10.5445 -0.890727 0.0366841 -0.000538001
9 113.373 -26.5438 2.53346 -0.0994107 0.00144104
10 -47.8547 15.1779 -1.34521 0.0547182 -0.000782862
11 -87.6407 20.6185 -1.46983 0.0471272 -0.000517208
12 -17.3548 6.0652 -0.390731 0.0132174 -0.000148064
13 197.866 -45.1076 4.15246 -0.163397 0.00238875
14 98.2054 -21.368 1.94631 -0.072343 0.000998575
15 137.987 -32.4415 3.06091 -0.120297 0.00174493
16 80.617 -17.3842 1.66788 -0.0657177 0.000976733
17 142.534 -33.9208 3.28357 -0.133461 0.00200713
18 152.097 -35.7015 3.32656 -0.129756 0.00187101
19 142.084 -34.5938 3.31863 -0.132896 0.00196086
20 87.1138 -19.5362 1.89439 -0.0761567 0.00115293
21 184.939 -45.1469 4.33928 -0.176373 0.00264111
22 251.142 -59.7586 5.46276 -0.212125 0.00303534
23 127.614 -28.7681 2.58363 -0.0956532 0.00130504
24 242.635 -58.8615 5.49311 -0.21636 0.00312232
25 292.844 -70.1216 6.35539 -0.243425 0.00341108
26 140.229 -32.9168 3.09825 -0.122069 0.00178104
27 188.563 -45.4716 4.3133 -0.172929 0.0025564
28 197.002 -47.0706 4.33936 -0.168679 0.00241792
29 247.363 -60.5916 5.66762 -0.224125 0.0032497
30 10.769 -1.27988 0.307302 -0.0153276 0.000282019
31 182.285 -42.8056 3.93174 -0.152484 0.00218755
32 150.488 -37.9144 3.7945 -0.159889 0.00247916
33 304.397 -73.4576 6.72787 -0.262328 0.0037553
34 228.163 -56.236 5.29175 -0.210464 0.00306599
35 42.9413 -8.41205 0.804499 -0.0294957 0.000411449
36 163.425 -37.9 3.47896 -0.134916 0.00194293
37 54.8475 -11.8995 1.15752 -0.0445616 0.000642963
38 24.7987 -4.47354 0.503682 -0.0207469 0.000345027
39 63.9262 -13.2295 1.2515 -0.0470878 0.000660151
40 60.9204 -13.2443 1.25966 -0.0469041 0.00064436
41 216.579 -55.2186 5.45361 -0.230958 0.00361995
42 281.497 -69.2498 6.48797 -0.259085 0.00379979
43 148.338 -34.0815 3.11499 -0.119797 0.00170618
44 144.023 -33.4917 3.11244 -0.121204 0.00173717
45 17.6202 -1.54445 0.132563 -0.00160892 -2.50185e-06
46 396.357 -95.2136 8.57796 -0.329821 0.00464807
47 241.734 -56.8408 5.11007 -0.194142 0.00270132
48 160.333 -37.1308 3.39748 -0.131489 0.00188528
49 105.301 -25.6509 2.53533 -0.104736 0.0016078
50 124.032 -28.2158 2.57094 -0.0974641 0.001365
51 35.1757 -3.7253 0.135528 0.00602793 -0.000220367
52 171.914 -40.9078 3.81825 -0.150867 0.00220153
53 31.8675 -4.19354 0.296237 -0.00522172 1.18692e-05
54 146.843 -33.5201 3.02847 -0.114654 0.00160494
55 271.723 -64.8185 5.89453 -0.228304 0.00325475
56 113.19 -24.7452 2.19516 -0.0808638 0.00110711
57 133.777 -31.4122 2.96691 -0.117533 0.00171698
58 204.554 -47.7242 4.34533 -0.168752 0.00242973
59 18.3472 -1.60376 0.201815 -0.0075279 0.000129725
60 61.1063 -13.45 1.31803 -0.0528598 0.000809286
61 255.907 -60.6659 5.47996 -0.210222 0.00296423
62 107.314 -23.8408 2.16908 -0.0824452 0.00117094
63 82.8119 -18.2878 1.73818 -0.068523 0.00100699
64 -8.63512 3.20908 -0.186357 0.00692516 -6.7241e-05
65 1.18245 1.79459 -0.176115 0.0118209 -0.00022096
66 64.6714 -14.6768 1.41607 -0.0554739 0.000823373
67 57.7341 -13.758 1.40805 -0.0578615 0.00089093
68 50.2539 -13.1649 1.41231 -0.0590298 0.000913175
69 -45.0062 13.362 -1.2267 0.052901 -0.000806713
70 56.2669 -13.6585 1.39066 -0.0564156 0.000854239
71 22.1087 -5.5706 0.69775 -0.0310972 0.000526233
72 -17.3156 6.36461 -0.619032 0.0306815 -0.000514765
73 35.9603 -7.03865 0.688826 -0.0257431 0.000383517
74 85.0336 -17.8579 1.54744 -0.0536945 0.000685519
75 44.3517 -8.75104 0.78408 -0.0267353 0.000353527
76 36.2463 -7.63412 0.782851 -0.0304222 0.000452685
77 22.8851 -4.6341 0.503349 -0.0191549 0.000293206
78 40.1071 -9.45828 0.957426 -0.0370948 0.000545317
79 100.119 -23.3344 2.13809 -0.0803393 0.00112274
80 45.4799 -9.73508 0.94882 -0.0368371 0.0005635
81 48.1801 -9.96603 0.949539 -0.035579 0.000517719
82 48.5581 -10.3567 0.954781 -0.0341073 0.000465807
83 105.092 -26.2344 2.57781 -0.104566 0.00156029
84 107.144 -25.9806 2.55316 -0.106324 0.00166931
85 6.66904 -0.687779 0.129973 -0.003039 2.63199e-05
86 52.5693 -9.9677 0.798091 -0.0228581 0.000228041
87 134.248 -32.588 3.12015 -0.125534 0.00186635
88 60.6143 -14.8884 1.51376 -0.0619184 0.00094618
89 31.0534 -5.59894 0.537114 -0.0190126 0.000275394
90 99.7695 -22.9313 2.16473 -0.0853432 0.00126049
91 63.9018 -15.057 1.511 -0.0619267 0.000961838
92 157.299 -37.6603 3.48127 -0.134774 0.00191769
93 31.6284 -6.43385 0.655631 -0.0255298 0.000403199
94 -15.3093 7.84041 -0.901768 0.047305 -0.000827569
