0 67.4427 -13.7233 1.21795 -0.0445777 0.000628003
1 22.0922 -1.12303 -0.0406957 0.00911603 -0.000199228
2 119.408 -26.0936 2.2865 -0.0834753 0.00113068
3 -11.6428 9.83657 -1.3246 0.073304 -0.0013484
4 2.19009 2.26544 -0.240921 0.0125371 -0.000178575
5 36.1626 -7.45431 0.75047 -0.0300507 0.00046951
6 3.90482 2.76196 -0.351187 0.0200217 -0.00034589
7 55.6519 -12.7642 1.29863 -0.0548975 0.000881999
8 70.7638 -14.4146 1.2851 -0.0479256 0.000699921
9 59.4662 -13.5942 1.31282 -0.0517315 0.000769361
10 51.0572 -8.53789 0.673239 -0.020957 0.000267449
11 -33.978 12.8777 -1.42168 0.0695361 -0.00117612
12 69.0194 -13.1746 1.09263 -0.0362073 0.000435176
13 -67.1153 21.3407 -2.16764 0.0972255 -0.00154702
14 110.348 -25.9001 2.51556 -0.105094 0.00165617
15 -20.4898 9.16857 -0.987623 0.0470019 -0.000753279
16 -28.3118 10.0137 -0.973956 0.0427666 -0.000640916
17 63.6089 -15.2736 1.59039 -0.0695826 0.00113927
18 -9.41476 6.51559 -0.72704 0.0357052 -0.000573007
19 62.1789 -13.3275 1.25916 -0.0498564 0.00075727
20 -8.2976 5.71873 -0.650726 0.0327475 -0.000535014
21 -28.8431 10.9164 -1.07376 0.0462419 -0.000671439
22 82.7524 -17.07 1.53219 -0.0592416 0.000896883
23 13.5212 0.168205 -0.0681734 0.00619987 -0.000103705
24 63.5112 -15.4736 1.59603 -0.0684616 0.00109068
25 -11.2899 7.33208 -0.839776 0.0413392 -0.000672141
26 34.6418 -6.73859 0.674542 -0.0277064 0.000451362
27 23.6036 -5.57136 0.694327 -0.0338296 0.000628712
28 -9.3891 7.34977 -0.94827 0.0519901 -0.000943546
29 -63.0589 21.5048 -2.26344 0.103685 -0.00166516
30 17.6606 0.2237 -0.170728 0.0141617 -0.00027078
31 -47.2473 16.4505 -1.7311 0.080128 -0.00130119
32 46.8424 -6.52591 0.374314 -0.0031472 -9.63471e-05
33 108.474 -24.597 2.29492 -0.0911143 0.00136916
34 113.088 -23.6926 2.00774 -0.0703028 0.000914934
35 185.551 -42.3467 3.77783 -0.143305 0.00201166
36 56.2141 -11.2917 1.02924 -0.0388653 0.000574803
37 110.868 -23.0966 1.95147 -0.0683064 0.000888019
38 42.229 -6.03846 0.381461 -0.00593298 -1.19486e-05
39 168.2 -40.761 3.86665 -0.15629 0.00233586
40 108.061 -23.4609 2.08595 -0.0779586 0.0010942
41 45.5507 -7.8172 0.632046 -0.0193615 0.00023227
42 122.808 -27.0998 2.39365 -0.0882637 0.00120169
43 31.7005 -2.17763 -0.0688457 0.015675 -0.000378433
44 97.6938 -18.4488 1.4103 -0.0424227 0.000456835
45 24.6613 -4.12069 0.38235 -0.0121023 0.0001524
46 122.273 -27.823 2.57298 -0.101599 0.00150151
47 131.977 -26.392 2.07148 -0.0651524 0.000718264
48 114.444 -24.1254 2.08168 -0.0757979 0.00104154
49 139.851 -30.4504 2.64879 -0.0973341 0.00133588
50 52.9791 -9.22598 0.745759 -0.0242511 0.0003161
51 52.0553 -9.31739 0.754373 -0.0234191 0.000265896
52 152.504 -34.231 3.06919 -0.117463 0.00167769
53 28.1598 -2.77685 0.119332 0.00266368 -0.00011394
54 215.765 -49.6806 4.44602 -0.170207 0.00240852
55 128.116 -28.4604 2.55964 -0.0972768 0.00137467
56 139.169 -31.5846 2.89039 -0.113276 0.00166708
57 46.8638 -7.12028 0.478587 -0.0103295 6.55958e-05
58 168.171 -37.6145 3.35093 -0.127796 0.00182326
59 107.542 -24.1316 2.21102 -0.0858773 0.00124967
60 -26.25 9.41957 -0.943629 0.0433791 -0.000688517
61 51.1945 -7.9011 0.536348 -0.0116902 6.23444e-05
62 119.905 -25.7082 2.26423 -0.0851843 0.001216
63 79.1326 -16.1533 1.40158 -0.0504208 0.000683459
64 194.931 -44.1784 3.909 -0.147331 0.00205332
65 142.044 -31.5656 2.80423 -0.105425 0.00146767
66 39.1785 -6.80699 0.601193 -0.0214982 0.0003167
67 228.923 -54.0237 4.94641 -0.194402 0.00282551
68 114.498 -25.264 2.2558 -0.0853037 0.00121406
69 115.504 -25.104 2.25178 -0.0863958 0.00125274
70 83.7134 -16.4662 1.39181 -0.0498634 0.000700543
71 293.187 -70.4145 6.48273 -0.256227 0.00372369
72 256.326 -60.7599 5.55861 -0.218014 0.00314683
73 105.641 -22.4694 1.96627 -0.0723239 0.000996687
74 157.616 -36.5027 3.38107 -0.134575 0.00199375
75 -10.8809 8.01656 -0.982071 0.051498 -0.000912575
76 79.2911 -16.434 1.45152 -0.0534834 0.000747709
77 70.0291 -13.6796 1.1621 -0.0402974 0.000522694
78 18.5443 -1.64871 0.151741 -0.00563091 0.000128688
79 66.9253 -10.6754 0.685669 -0.0134799 3.36568e-05
80 93.9818 -19.4739 1.68466 -0.0608811 0.000824266
81 12.1884 2.93492 -0.513992 0.0311539 -0.000565628
82 109.956 -23.1118 2.01518 -0.0746814 0.00104068
83 186.9 -42.4466 3.79802 -0.145471 0.00206711
84 64.7284 -10.8797 0.815416 -0.0242997 0.000277299
85 75.7533 -12.4756 0.815286 -0.0168114 4.14793e-05
86 89.6929 -18.7396 1.66272 -0.062518 0.00088807
87 181.63 -40.7812 3.61273 -0.137375 0.00195436
88 65.6789 -11.6633 0.923545 -0.029665 0.000370289
89 -33.5444 13.5461 -1.46406 0.068537 -0.00110718
90 137.804 -31.3476 2.89573 -0.114996 0.00170725
91 120.752 -27.24 2.51313 -0.0990297 0.00145401
92 130.62 -28.3613 2.49397 -0.0932221 0.00130253
93 145.298 -30.2613 2.48746 -0.0848911 0.00105984
94 58.8402 -12.0139 1.139 -0.0461958 0.000728873
95 84.5565 -15.1811 1.13885 -0.0336404 0.00035655
