0 19.9397 -5.28146 0.58285 -0.0221161 0.00033151
1 62.6205 -15.7817 1.58601 -0.0639486 0.000968889
2 -32.1075 7.76873 -0.627947 0.0270793 -0.000408511
3 -26.5101 7.07439 -0.611158 0.0283893 -0.000465735
4 21.1712 -5.46525 0.631437 -0.026034 0.000417995
5 -41.2937 10.7648 -0.913086 0.0379766 -0.000558126
6 -51.9118 12.4424 -0.945376 0.0339475 -0.000418304
7 -39.0217 10.1691 -0.888098 0.038187 -0.00057367
8 -3.60683 -0.459587 0.190715 -0.00756301 0.000118431
9 -79.9347 19.5289 -1.71747 0.0709713 -0.00105636
10 -20.0159 5.29673 -0.442311 0.020908 -0.000330347
11 -22.6789 6.20053 -0.476009 0.019134 -0.00024106
12 31.5936 -10.9779 1.39457 -0.0667968 0.00116622
13 27.2144 -7.27166 0.810871 -0.0330399 0.000512116
14 75.5269 -20.0701 1.99373 -0.0801291 0.00118693
15 -13.4889 1.74509 0.0598502 -0.00600753 0.000158215
16 -63.095 16.63 -1.4553 0.0591191 -0.000853562
17 51.0232 -13.3056 1.24798 -0.044586 0.00058899
18 6.26444 -2.17025 0.324403 -0.0129756 0.000206277
19 50.9348 -15.8139 1.78215 -0.0797383 0.00132457
20 -6.59528 0.704732 0.109168 -0.00731172 0.00018174
21 20.829 -5.73213 0.654056 -0.0261497 0.000399418
22 95.42 -24.0067 2.30554 -0.0901015 0.00129348
23 -16.7709 5.00363 -0.483169 0.0262468 -0.000480779
24 -23.1892 6.36329 -0.51096 0.0212077 -0.000289044
25 36.0802 -11.5666 1.31033 -0.056749 0.000913364
26 18.3531 -5.49493 0.654881 -0.0272439 0.000438713
27 2.72204 -0.498837 0.148456 -0.00534402 8.64848e-05
28 9.22245 -1.71245 0.166219 -0.00147745 -3.88869e-05
29 -2.34816 -0.176991 0.147061 -0.00592152 0.000103406
30 29.9975 -7.809 0.794447 -0.0293137 0.000406961
31 -17.9092 4.79801 -0.419629 0.0205431 -0.000328733
32 86.0716 -23.6177 2.39115 -0.0981192 0.00147926
33 18.6974 -6.44206 0.784669 -0.0333535 0.000532044
34 -107.476 26.2859 -2.32975 0.0950213 -0.00140032
35 11.6486 -4.02562 0.433833 -0.0135879 0.000157375
36 48.6192 -14.7603 1.59904 -0.0671531 0.00103826
37 9.22279 -4.04515 0.577924 -0.025729 0.000432265
38 -53.3491 12.6301 -1.06557 0.0441098 -0.000649065
39 -1.36717 -0.404895 0.170415 -0.0069856 0.000121595
40 -37.0995 9.12734 -0.737498 0.0306367 -0.000454676
41 17.0884 -5.82643 0.741242 -0.0323446 0.000526183
42 23.1277 -6.47203 0.742085 -0.0306136 0.000484426
43 -38.2954 9.42462 -0.871961 0.0410826 -0.000677044
44 -38.8722 10.3557 -0.904266 0.0383935 -0.000562114
45 -46.9286 10.9751 -0.894804 0.0365931 -0.000530633
46 -68.1945 16.0213 -1.35845 0.0548391 -0.000791334
47 47.7461 -13.0544 1.38029 -0.0561477 0.000835484
48 0.449296 -1.25343 0.22498 -0.00741252 9.48331e-05
49 -26.3112 4.6831 -0.234439 0.00697817 -4.65767e-05
50 56.1505 -15.3178 1.49823 -0.0578638 0.000842449
51 -3.82427 0.579717 0.0368756 0.000387171 -2.16383e-05
52 -101.362 24.8869 -2.18174 0.0873466 -0.00125016
53 48.584 -13.9051 1.43436 -0.0574404 0.000847959
54 53.4747 -14.5202 1.43232 -0.0550641 0.000780354
55 127.349 -34.4537 3.47127 -0.14619 0.00227602
56 -81.6619 19.8519 -1.69313 0.0672631 -0.000963402
57 30.1831 -9.26403 1.0395 -0.04323 0.000666558
58 28.2767 -8.36713 0.999082 -0.0447938 0.000752803
59 4.22252 -3.10702 0.498501 -0.0227765 0.000387107
60 14.5582 -4.53085 0.512773 -0.0188486 0.000267386
61 13.8367 -4.17492 0.496298 -0.0200308 0.000336539
62 72.7781 -20.1826 2.06746 -0.0858398 0.00132505
63 13.4652 -4.47582 0.471554 -0.015511 0.00019702
64 54.8072 -14.7025 1.56356 -0.0661741 0.00104615
65 24.831 -6.34852 0.679087 -0.0248287 0.000331853
66 -14.6661 4.08899 -0.281743 0.012055 -0.000163454
67 -65.8531 15.82 -1.37716 0.0581257 -0.000883322
68 -11.7973 2.61315 -0.0850118 0.00182106 1.99902e-05
69 -13.2074 2.22098 -0.0609517 0.00277872 -4.04692e-05
70 15.939 -4.61793 0.585903 -0.0244736 0.000386059
71 -35.7246 9.38926 -0.761456 0.0311238 -0.000443327
72 -45.1345 10.5914 -0.789233 0.0287612 -0.00035705
73 -47.2096 10.4041 -0.775941 0.0298595 -0.000413045
74 15.0743 -4.53792 0.604073 -0.0268987 0.000453434
75 -79.9469 19.7097 -1.71121 0.069485 -0.00101886
76 -37.2739 7.95947 -0.48986 0.0146639 -0.000123011
77 -57.7079 14.6965 -1.26114 0.0510164 -0.000727197
78 -3.9343 1.76334 -0.086512 0.00500295 -7.48586e-05
79 -12.7141 2.83228 -0.103476 0.00206346 2.91151e-05
80 -6.78227 1.81788 -0.0959664 0.00560362 -7.44266e-05
81 -10.0618 2.46182 -0.0979086 0.00358593 -2.95358e-05
82 21.386 -3.91069 0.436424 -0.0171659 0.000281681
83 -87.008 23.8555 -2.24475 0.0961919 -0.0014838
84 23.1552 -6.45389 0.740588 -0.0303565 0.000470865
85 -14.2792 3.88997 -0.276905 0.0125725 -0.000185255
86 44.4687 -12.1367 1.31505 -0.0553208 0.000862948
87 54.3844 -13.5139 1.34789 -0.0529871 0.000782356
88 -50.0948 13.7723 -1.29265 0.0572642 -0.00089252
89 -60.7626 14.9953 -1.3061 0.0540728 -0.000793468
90 27.7552 -8.83524 1.04673 -0.0453133 0.00072175
91 -147.465 36.2241 -3.19377 0.126904 -0.00182232
92 -47.4392 11.6252 -0.938474 0.037128 -0.000520438
93 -11.969 2.55988 -0.0906084 0.0023937 8.77987e-06
94 -4.75393 1.61559 -0.0839528 0.00548776 -8.67594e-05
