0 51.9756 -9.32291 0.740852 -0.0217065 0.000229483
1 140.376 -29.4305 2.43561 -0.0828723 0.00103578
2 269.44 -64.3197 5.87503 -0.229435 0.00330056
3 145.442 -32.221 2.81531 -0.103249 0.00140087
4 158.7 -37.4055 3.50162 -0.139956 0.00207604
5 159.88 -37.5729 3.49737 -0.139503 0.00208913
6 89.1136 -19.3342 1.73547 -0.0649142 0.000914015
7 42.6189 -7.07263 0.57068 -0.0177679 0.000233622
8 -16.8138 10.1101 -1.24163 0.0642092 -0.00109604
9 159.979 -36.8829 3.34433 -0.128872 0.00185181
10 -23.1374 8.80924 -0.847731 0.0368809 -0.000533827
11 125.232 -28.7773 2.65695 -0.104216 0.00153148
12 188.571 -44.7251 4.15938 -0.166164 0.00247924
13 -108.15 32.2783 -3.23755 0.142298 -0.00222722
14 11.1037 2.07398 -0.414587 0.0283837 -0.000551662
15 83.324 -15.4778 1.19712 -0.0364474 0.000406097
16 -27.8824 10.7678 -1.12039 0.0521034 -0.00082584
17 15.2147 -0.884748 0.0161882 0.00444265 -9.78929e-05
18 -20.2624 8.43223 -0.820555 0.0362175 -0.000538969
19 80.5551 -16.0315 1.32778 -0.0444015 0.000558839
20 66.9273 -14.5671 1.34742 -0.0512649 0.000741647
21 0.482522 4.17093 -0.539053 0.0302667 -0.000540275
22 235.58 -55.5117 5.06031 -0.197168 0.00283278
23 -8.87353 7.41776 -0.919649 0.0485094 -0.000839902
24 171.179 -39.7586 3.64104 -0.142131 0.00205733
25 26.2221 -2.07258 0.0417163 0.00607082 -0.000156539
26 52.4026 -10.2869 0.922074 -0.033678 0.000485751
27 99.7209 -22.3023 2.05416 -0.0800282 0.00117909
28 29.5662 -3.58707 0.255066 -0.00565218 6.26783e-05
29 106.402 -22.7759 2.00088 -0.0734967 0.00101533
30 38.2852 -5.48816 0.398072 -0.00971185 8.99035e-05
31 129.167 -28.7108 2.57459 -0.0981359 0.00140822
32 8.0403 3.60265 -0.628518 0.0407452 -0.000796649
33 126.979 -29.2051 2.68142 -0.103465 0.00148241
34 110.122 -25.0292 2.31787 -0.0904193 0.00132688
35 139.505 -33.1961 3.15168 -0.127843 0.00194262
36 73.4346 -15.8765 1.46978 -0.0562571 0.000816483
37 142.201 -33.775 3.18764 -0.127676 0.00190605
38 112.462 -25.6429 2.40004 -0.0957906 0.00144727
39 110.156 -25.7218 2.41311 -0.0946865 0.00138562
40 28.8305 -3.66536 0.207012 0.000666421 -0.000110288
41 155.291 -34.9723 3.08736 -0.114497 0.00157692
42 93.1939 -20.9748 1.96169 -0.0775885 0.00116947
43 169.616 -39.2995 3.56962 -0.137365 0.00195955
44 137.989 -30.2143 2.63834 -0.0970367 0.00133146
45 57.8608 -11.6233 1.06615 -0.0404116 0.00059994
46 120.221 -28.0989 2.63791 -0.104355 0.00154154
47 146.831 -35.8569 3.43067 -0.138544 0.00206035
48 116.797 -26.6455 2.45458 -0.0955459 0.00139916
49 40.6231 -6.00148 0.404304 -0.00815435 5.02206e-05
50 110.129 -23.5734 2.04761 -0.0741407 0.00100661
51 158.035 -38.6045 3.72028 -0.153258 0.00234913
52 309.649 -75.9868 7.12168 -0.2868 0.00425877
53 126.338 -29.4826 2.77862 -0.111274 0.00166417
54 30.7185 -4.68541 0.442684 -0.0167364 0.00027907
55 86.5793 -18.2177 1.60013 -0.0580154 0.000793732
56 177.36 -40.9659 3.72718 -0.145142 0.00211187
57 156.687 -36.0791 3.27382 -0.125976 0.00180263
58 47.5833 -8.52249 0.762929 -0.0282983 0.000430859
59 47.7543 -8.78075 0.766268 -0.0268926 0.000382502
60 30.3183 -3.4236 0.206821 -0.00257462 7.61439e-07
61 79.8037 -15.1771 1.18076 -0.0352745 0.000379019
62 -5.81289 4.6786 -0.471272 0.02209 -0.000319591
63 148.994 -34.8301 3.23657 -0.128223 0.0018937
