0 135.209 -34.702 3.44885 -0.142585 0.00216478
1 -13.8074 6.48701 -0.685023 0.0355824 -0.000615145
2 86.3977 -19.101 1.74773 -0.0646324 0.000888346
3 237.388 -58.3493 5.48922 -0.219215 0.00322792
4 334.354 -85.113 8.19517 -0.338351 0.00515682
5 140.938 -33.739 3.17702 -0.125108 0.00183152
6 91.1265 -22.3055 2.18489 -0.0882381 0.00133722
7 103.432 -23.3781 2.19582 -0.0848702 0.00121015
8 143.986 -34.0866 3.2074 -0.126022 0.00182419
9 180.214 -43.7222 4.08413 -0.159918 0.00230008
10 -776.989 199.489 -18.3443 0.731506 -0.0106184
11 125.028 -30.4299 2.92684 -0.117664 0.00175747
12 103.964 -25.7988 2.53254 -0.102184 0.0015148
13 99.164 -23.1629 2.17447 -0.0833258 0.00118369
14 56.6367 -13.0188 1.28291 -0.0502548 0.000748318
15 86.0391 -21.1366 2.0972 -0.0853074 0.00129005
16 60.1395 -15.0984 1.58827 -0.0670422 0.00105561
17 266.851 -65.8616 6.20519 -0.249928 0.00373034
18 184.056 -43.1886 3.93355 -0.150827 0.00213505
19 435.35 -112.705 11.0087 -0.464193 0.00723384
20 218.699 -50.8355 4.57012 -0.174215 0.00245407
21 72.8854 -14.6835 1.2481 -0.0421005 0.000534659
22 54.3789 -12.5781 1.24153 -0.0478653 0.000688647
23 -36.0979 13.2032 -1.38798 0.0669351 -0.00112362
24 76.6313 -16.8325 1.55587 -0.0588392 0.000845708
25 171.838 -43.0611 4.2129 -0.174916 0.00268885
26 126.311 -29.3842 2.70289 -0.103964 0.00149513
27 105.089 -23.9198 2.18777 -0.082427 0.00115795
28 61.6992 -13.7314 1.27827 -0.0469348 0.000649062
29 133.335 -30.9383 2.83058 -0.107413 0.0015063
30 144.371 -35.5685 3.42313 -0.138 0.0020451
31 76.5874 -16.7484 1.55288 -0.0586276 0.000837076
32 172.883 -41.2314 3.82009 -0.148849 0.00214053
33 166.554 -40.4799 3.7999 -0.149861 0.00217528
34 50.377 -12.0074 1.26816 -0.0533616 0.000848259
35 150.517 -37.7189 3.71841 -0.15506 0.00239337
36 178.313 -41.954 3.83676 -0.148118 0.00211551
37 46.9387 -8.77674 0.692399 -0.0174554 0.000110381
38 62.495 -13.8883 1.33972 -0.0524696 0.000785732
39 86.7255 -20.7629 2.05904 -0.0841504 0.00127776
40 49.7444 -10.1363 0.951077 -0.0347191 0.000484821
41 141.801 -35.1499 3.43224 -0.141406 0.00215604
42 69.0852 -14.9619 1.38161 -0.0514347 0.000725881
43 26.4709 -2.60371 0.104675 0.00460412 -0.000161233
44 -7.30579 3.97767 -0.344206 0.016585 -0.000258015
45 58.8959 -12.9612 1.20729 -0.0445823 0.000623376
46 4.61258 1.14156 -0.125295 0.00949966 -0.000173063
47 169.884 -41.4603 3.98482 -0.163304 0.00248845
48 49.2738 -10.3491 0.991913 -0.0376275 0.000551613
49 -13.8467 5.33826 -0.532534 0.0276312 -0.000475686
50 149.539 -36.1779 3.46975 -0.141193 0.00213624
51 63.9272 -14.689 1.4596 -0.0589952 0.000897899
52 -11.1291 2.91397 -0.0609251 -0.00300256 0.00016241
53 232 -57.0916 5.38434 -0.216097 0.00318821
54 109.694 -26.119 2.51979 -0.102171 0.00154893
55 114.463 -26.9067 2.53742 -0.100091 0.00146872
56 -81.9647 23.5911 -2.23575 0.0950194 -0.00143994
57 -20.1165 6.93623 -0.60198 0.026357 -0.00039456
58 89.5694 -19.3592 1.72302 -0.0629428 0.000864593
59 169.19 -40.1045 3.69788 -0.143162 0.00203465
60 22.1561 -3.24674 0.275657 -0.00639378 5.23564e-05
61 33.5978 -4.37749 0.282543 -0.00357699 -2.37244e-05
62 79.5633 -17.5302 1.60415 -0.0593152 0.000811286
63 -16.8917 7.2545 -0.740264 0.0361913 -0.000602774
64 117.328 -26.3878 2.42664 -0.0930164 0.0013268
65 213.668 -51.0207 4.70679 -0.184198 0.00265699
66 388.929 -94.4238 8.61844 -0.336156 0.00481449
67 81.2934 -18.0184 1.71352 -0.0667265 0.000968982
68 566.547 -143.989 13.6312 -0.553972 0.00824828
69 38.1482 -6.07085 0.509847 -0.0154409 0.000190165
70 84.8931 -17.9412 1.64632 -0.0617527 0.000865552
71 278.945 -67.9196 6.30358 -0.249336 0.00363066
72 304.807 -74.7154 6.99136 -0.280641 0.00415803
73 127.659 -28.0462 2.47972 -0.0912522 0.00124759
74 219.236 -53.672 5.08158 -0.205949 0.00310421
75 78.0725 -16.6694 1.54537 -0.0589328 0.000854309
76 106.918 -23.8733 2.19804 -0.0840355 0.00119926
77 120.062 -25.4548 2.20798 -0.0791024 0.0010528
78 182.323 -43.393 4.03478 -0.158931 0.00231076
79 93.5136 -19.7153 1.70181 -0.0591975 0.000757797
80 135.035 -29.0114 2.48043 -0.0879133 0.00115592
81 221.565 -54.1705 5.10921 -0.205943 0.00307072
82 60.7343 -8.60944 0.453054 -0.00151444 -0.000178967
83 97.2032 -21.2652 1.91709 -0.0717124 0.00101116
84 320.622 -75.7045 6.75291 -0.255677 0.00353978
85 216.386 -52.0946 4.88336 -0.194213 0.00284417
86 180.561 -43.2107 4.05472 -0.162035 0.00240736
87 224.17 -54.5963 5.17336 -0.20846 0.0031002
88 286.202 -66.8168 5.93674 -0.224402 0.00312673
89 261.302 -63.5336 5.91489 -0.235299 0.00346282
90 137.816 -29.7327 2.53547 -0.0889212 0.00114358
91 107.223 -22.4694 1.92166 -0.0671031 0.000864349
92 110.324 -22.6972 1.91733 -0.0666317 0.000869736
93 94.9743 -20.6809 1.90126 -0.0735946 0.00108682
94 338.876 -86.0482 8.35138 -0.350717 0.00547167
