0 -36.081 11.6468 -1.07899 0.0464986 -0.000692374
1 80.5811 -21.3353 2.24615 -0.0965181 0.00153247
2 12.1436 -1.90393 0.255229 -0.00923715 0.000143707
3 42.0735 -9.03115 0.867373 -0.0320005 0.000457435
4 44.1563 -8.93951 0.864462 -0.0323032 0.000461646
5 -19.4719 5.85383 -0.418922 0.015616 -0.000186842
6 9.4698 -1.45307 0.199961 -0.00632982 8.70921e-05
7 -21.5049 7.04194 -0.57959 0.0237352 -0.000326267
8 68.1917 -15.0798 1.45082 -0.0569536 0.000844987
9 121.949 -28.9084 2.71048 -0.105553 0.00151244
10 81.6335 -20.1199 2.02071 -0.0837101 0.00129016
11 28.7714 -7.18075 0.784365 -0.0315557 0.000479228
12 -1.57469 2.39084 -0.171993 0.00851357 -0.000126552
13 102.771 -25.772 2.54857 -0.104116 0.00156671
14 20.2279 -3.89516 0.426092 -0.0156583 0.000232
15 89.399 -19.39 1.74638 -0.0648462 0.000907815
16 21.7137 -5.00303 0.638529 -0.028797 0.000489877
17 -9.61589 4.23202 -0.342269 0.0154189 -0.000232666
18 -7.28437 3.70835 -0.328954 0.0164531 -0.000263536
19 30.9435 -5.97834 0.608136 -0.023393 0.000359896
20 47.116 -11.0508 1.10847 -0.0429364 0.000616201
21 -8.21729 2.68563 -0.128263 0.00400415 -9.24721e-06
22 150.648 -34.7606 3.16825 -0.121618 0.00172747
23 45.2454 -9.11034 0.85082 -0.0303837 0.000414861
24 44.1652 -9.09041 0.846128 -0.0306944 0.000431803
25 149.19 -36.7547 3.53012 -0.143044 0.00214498
26 38.2793 -7.77274 0.746092 -0.0273138 0.000391258
27 77.5919 -17.9187 1.73861 -0.0698899 0.00105992
28 -49.1979 16.0506 -1.60533 0.0729449 -0.00117074
29 -51.2382 16.0692 -1.60006 0.0730905 -0.00118862
30 31.8371 -5.63982 0.51905 -0.0171691 0.000222722
31 15.106 -3.39919 0.493979 -0.0246108 0.000471657
32 136.505 -30.725 2.77449 -0.10509 0.00148009
33 -45.8994 13.0249 -1.07991 0.0422445 -0.000580319
34 6.75199 -1.41448 0.29017 -0.0139827 0.000264321
35 108.021 -25.2639 2.37504 -0.0922565 0.00132534
36 95.8016 -23.6792 2.35785 -0.0976404 0.00150957
37 79.07 -17.4972 1.63334 -0.062741 0.00091572
38 17.759 -4.62261 0.646134 -0.0309111 0.00055586
39 60.7055 -14.8084 1.49027 -0.0592953 0.000872635
40 140.713 -33.6829 3.20409 -0.127828 0.0018803
41 -25.5704 8.61532 -0.744316 0.0310338 -0.000444788
42 62.8866 -14.7799 1.4739 -0.0595119 0.000898999
43 8.28482 0.461732 -0.0453842 0.00581108 -0.000125248
44 53.5033 -12.1108 1.18945 -0.0463038 0.000680717
45 99.764 -21.8377 1.96526 -0.0726092 0.000990937
46 64.1538 -12.5373 1.09373 -0.0385144 0.000524853
47 27.5714 -3.51098 0.2102 7.99438e-05 -9.86618e-05
48 11.3928 -0.832101 0.136656 -0.00454484 7.96284e-05
49 32.1863 -6.73489 0.721924 -0.0293784 0.000465567
50 104.537 -23.3469 2.14786 -0.0825588 0.00119315
51 59.0088 -13.1847 1.24069 -0.0465451 0.000664822
52 2.63968 2.27349 -0.219732 0.0129409 -0.000230927
53 18.7459 -2.28649 0.227198 -0.00600955 6.53605e-05
54 -26.135 8.28916 -0.724536 0.0306626 -0.000438864
55 11.2169 0.41411 -0.10256 0.00971501 -0.000191069
56 57.9041 -13.6248 1.41933 -0.0595439 0.000931808
57 93.5861 -21.651 2.09026 -0.0848804 0.00130254
58 -12.3973 3.62845 -0.20586 0.00762741 -8.73663e-05
59 11.5963 0.800971 -0.19316 0.0158235 -0.000318316
60 69.687 -13.6757 1.15912 -0.0389144 0.000486953
61 25.0603 -3.05392 0.179606 0.000204343 -7.63562e-05
62 42.0303 -7.3897 0.607213 -0.0173766 0.00017214
63 31.7678 -5.98993 0.589175 -0.022112 0.000333621
64 24.1413 -4.88896 0.565611 -0.0238748 0.000402603
65 29.0514 -5.67319 0.582159 -0.0212547 0.000300578
66 52.3077 -13.1018 1.37946 -0.0580631 0.000921894
67 -12.7714 4.03656 -0.284493 0.0130038 -0.000205875
68 47.295 -12.2569 1.34076 -0.0585245 0.000961745
69 49.4747 -12.4174 1.34367 -0.05789 0.000931117
70 59.1375 -13.9598 1.36706 -0.0533392 0.000783521
71 32.821 -5.84941 0.53187 -0.0175758 0.000240095
72 53.8406 -12.2863 1.2191 -0.0480486 0.000715965
73 2.13631 0.491465 0.0872455 -0.00515349 0.000125299
74 52.905 -13.7693 1.48383 -0.0640882 0.00103433
75 37.2567 -7.93174 0.779447 -0.0294466 0.000435081
76 63.8964 -14.3973 1.41645 -0.0568709 0.00086847
77 19.0521 -4.67974 0.537992 -0.0212275 0.000330376
78 -23.5371 8.23382 -0.784393 0.0362093 -0.000571097
79 -35.0941 9.20702 -0.782985 0.03373 -0.000508505
80 62.8114 -15.4849 1.56355 -0.0637563 0.000976677
81 79.4287 -17.2711 1.58253 -0.0594708 0.000846067
82 -86.1131 21.3545 -1.81703 0.0715969 -0.00101889
83 -5.82256 2.67321 -0.177785 0.00869828 -0.000128972
84 -55.2757 16.4752 -1.55486 0.066536 -0.000995963
85 129.403 -32.0148 3.15328 -0.130889 0.00201552
86 41.7066 -8.14779 0.731943 -0.0246176 0.000320546
87 -18.6971 5.50334 -0.47429 0.0227598 -0.000370728
88 -41.6592 13.9446 -1.37031 0.0611763 -0.000948802
89 35.9173 -7.50271 0.765252 -0.029677 0.00044446
90 104.921 -25.1878 2.40929 -0.0960595 0.00142889
91 -63.6468 18.6498 -1.7747 0.0771114 -0.00118749
92 55.7059 -12.1076 1.14312 -0.0428952 0.000613575
93 181.379 -44.254 4.18723 -0.166819 0.00243997
94 36.7563 -7.31572 0.708546 -0.0257929 0.000362762
