0 -31.4191 8.85645 -0.718111 0.0280934 -0.000371453
1 -35.9482 9.17484 -0.713709 0.0273522 -0.000355535
2 -71.291 17.8245 -1.4759 0.0567354 -0.000778811
3 38.2747 -7.93814 0.817866 -0.0324639 0.000494949
4 61.654 -13.6088 1.22729 -0.0432231 0.000562999
5 37.2883 -10.5479 1.1918 -0.0502608 0.000773905
6 42.8609 -10.8715 1.18456 -0.0498599 0.000774506
7 80.5285 -19.9652 1.98877 -0.0809064 0.00121756
8 78.6895 -19.7217 1.99003 -0.0813874 0.00122404
9 30.4877 -7.80818 0.911616 -0.0393336 0.000628446
10 34.4548 -8.74254 0.923626 -0.0362195 0.000526817
11 81.8072 -19.9267 1.93062 -0.0762469 0.00111711
12 -42.1447 9.57886 -0.674855 0.0228997 -0.000251472
13 2.91348 -0.824073 0.231501 -0.0107378 0.00019361
14 3.32634 -1.14542 0.238958 -0.00988365 0.000160651
15 55.7072 -14.1832 1.46522 -0.0598446 0.00090143
16 -16.9076 5.43242 -0.393513 0.0149179 -0.000179513
17 -15.0929 4.9005 -0.38196 0.0164791 -0.000238986
18 52.3536 -10.7445 0.955168 -0.0334699 0.000451504
19 37.6272 -8.55401 0.925774 -0.0388618 0.000615428
20 -7.47007 3.69874 -0.327108 0.0160142 -0.000251267
21 -18.8664 4.51276 -0.321328 0.0141567 -0.000214195
22 16.971 -2.3697 0.229049 -0.00561296 5.21353e-05
23 10.454 -1.62058 0.223755 -0.00759062 0.000105831
24 41.1974 -8.48327 0.797743 -0.0287769 0.000398598
25 51.1368 -13.2224 1.3814 -0.057306 0.000883648
26 -11.9626 4.57187 -0.392296 0.0179918 -0.000271768
27 -15.8986 5.00357 -0.391901 0.0168917 -0.000246003
28 42.3207 -9.65344 0.961248 -0.0374376 0.000556207
29 -8.19665 4.22653 -0.393187 0.0198883 -0.000337861
30 6.44884 -0.0987804 0.089949 -0.00354523 7.54757e-05
31 26.7445 -6.2176 0.640238 -0.0238719 0.000341542
32 34.1554 -6.40513 0.641354 -0.0236274 0.000333084
33 -107.893 26.8964 -2.24951 0.0845267 -0.00113101
34 32.8673 -6.24801 0.565186 -0.0175227 0.000203834
35 28.6948 -5.45357 0.546575 -0.0195493 0.000275945
36 144.755 -33.5701 3.06089 -0.116773 0.00164536
37 38.6803 -9.53627 0.990854 -0.0384512 0.000550071
38 1.49857 1.93927 -0.106598 0.00455094 -4.52478e-05
39 77.311 -17.9625 1.68738 -0.0639167 0.000898837
40 99.6313 -23.3723 2.17995 -0.0834215 0.00117762
41 40.515 -9.02949 0.931204 -0.0373392 0.00056947
42 52.7409 -10.8463 0.960526 -0.0322976 0.000400699
43 65.2703 -16.0486 1.66606 -0.0699522 0.00109122
44 84.2785 -18.4051 1.68866 -0.0634379 0.000894453
45 27.3423 -4.82811 0.443902 -0.0139805 0.000182085
46 77.8364 -16.9179 1.5222 -0.0552478 0.000741941
47 101.522 -24.4843 2.35111 -0.0933362 0.00137139
48 85.67 -20.8211 2.00921 -0.0795354 0.00117443
49 101.013 -24.3411 2.39393 -0.0985756 0.00151653
50 31.5621 -6.70025 0.733404 -0.0305746 0.00049343
51 69.0508 -14.9808 1.41556 -0.0546345 0.000797947
52 26.16 -4.49425 0.465074 -0.0174118 0.000268552
53 174.105 -39.1865 3.43572 -0.126897 0.00173555
54 16.3932 -2.67192 0.347571 -0.014137 0.000233339
55 -89.9235 24.396 -2.19673 0.0894781 -0.00130788
56 15.7157 -2.17386 0.217117 -0.00519844 4.65144e-05
57 104.528 -23.2779 2.11176 -0.0792126 0.00110367
58 100.682 -22.8121 2.10064 -0.0805213 0.00115637
59 33.7529 -5.58183 0.484194 -0.0148902 0.000185248
60 -80.984 24.8081 -2.45623 0.107821 -0.00167783
61 108.676 -26.0554 2.51406 -0.101028 0.0015019
62 29.1379 -4.37768 0.331773 -0.0063047 1.21267e-05
63 -21.5165 7.95627 -0.717026 0.03145 -0.00047587
64 178.729 -42.1173 3.85481 -0.148497 0.00210706
65 118.153 -28.4519 2.75502 -0.111611 0.00166858
66 0.85158 0.717908 0.0547652 -0.00353709 9.44157e-05
67 192.493 -45.9184 4.22323 -0.164161 0.0023521
68 193.384 -45.7787 4.21737 -0.164712 0.00237291
69 -31.381 10.4946 -0.972098 0.0424252 -0.000650939
70 113.067 -25.8595 2.40908 -0.0940682 0.00137182
71 101.257 -24.453 2.39852 -0.0974125 0.00145674
72 32.2937 -6.70356 0.724894 -0.0297101 0.000465321
73 96.9592 -21.4887 2.02333 -0.0796307 0.00117068
74 95.1985 -21.6968 2.02955 -0.078846 0.00114218
75 100.257 -22.3768 2.03993 -0.0770929 0.001083
76 92.7241 -21.0514 2.02454 -0.0808422 0.00119848
77 53.3389 -10.4289 0.931319 -0.0327455 0.000438876
78 9.30534 0.960217 -0.132371 0.0101892 -0.00019542
79 49.5437 -10.4045 1.0129 -0.0388185 0.000559304
80 133.626 -30.5721 2.82566 -0.109794 0.00157611
81 18.3127 -1.40302 0.0941461 0.000270584 -3.40549e-05
82 364.941 -89.9466 8.41222 -0.337886 0.00498637
83 103.176 -22.2592 1.96066 -0.0715218 0.000973932
84 68.8218 -14.1766 1.27325 -0.0463464 0.000630546
85 120.339 -27.6042 2.57066 -0.100977 0.00148029
86 62.4446 -12.6456 1.13638 -0.0411137 0.000563714
87 63.3479 -12.9053 1.14282 -0.0399345 0.000518043
88 87.6979 -18.9697 1.77851 -0.0696822 0.00102401
89 33.1231 -5.6014 0.541223 -0.0200629 0.000300842
90 55.6411 -11.6402 1.11592 -0.0436421 0.000654082
91 122.911 -27.5127 2.50429 -0.0959969 0.00137056
92 38.5682 -7.2076 0.686103 -0.0251968 0.000359129
93 34.1021 -4.38459 0.284356 -0.00400062 -1.3405e-05
94 104.389 -24.0509 2.31417 -0.0931777 0.00138861
