0 -88.5463 23.1971 -2.11408 0.0885116 -0.0013358
1 -19.9174 5.15241 -0.392937 0.0172297 -0.000254683
2 100.056 -24.0815 2.28287 -0.0887968 0.00127285
3 110.396 -25.5286 2.29158 -0.0844898 0.00115409
4 78.9749 -21.8564 2.26154 -0.0944115 0.00144302
5 59.6587 -13.7771 1.36707 -0.0546076 0.000820497
6 16.7401 -5.60355 0.759029 -0.0347301 0.000576917
7 -23.7533 5.86291 -0.323152 0.00883045 -6.00115e-05
8 -22.2261 5.20565 -0.314521 0.0102636 -9.45195e-05
9 -32.1596 6.2661 -0.317428 0.00798288 -4.77122e-05
10 69.5529 -14.8646 1.32604 -0.0464185 0.000590522
11 95.1768 -22.4729 2.11465 -0.081123 0.00114319
12 1.11674 -0.367559 0.158005 -0.00624397 0.000104802
13 -35.2866 8.95299 -0.686694 0.0269894 -0.000382688
14 14.2521 -4.09362 0.548235 -0.0240768 0.000395633
15 -40.5733 10.5927 -0.902448 0.0376345 -0.000554582
16 11.2618 -2.30334 0.313839 -0.0124586 0.000204639
17 6.16929 -1.71788 0.314204 -0.0138359 0.000232129
18 -10.4147 2.55904 -0.0886243 0.00194526 8.72945e-06
19 57.0182 -14.7483 1.49675 -0.0601027 0.000895361
20 62.1766 -14.6829 1.47756 -0.0611001 0.000958821
21 -1.86978 1.08402 -0.00855043 0.00095608 -3.99254e-06
22 0.0882375 1.22368 -0.0108381 0.000488161 9.077e-06
23 -88.1414 21.2939 -1.74338 0.0653614 -0.000878493
24 -21.3556 6.71763 -0.593401 0.0271674 -0.000432104
25 -7.8971 5.06263 -0.588927 0.0322383 -0.000569369
26 98.5881 -23.822 2.3193 -0.0941724 0.00142354
27 -63.907 16.8519 -1.47581 0.0602745 -0.00088058
28 -4.49151 2.27852 -0.195719 0.0117388 -0.000212123
29 -4.25149 2.35555 -0.197923 0.0114752 -0.00019559
30 -16.0973 3.89626 -0.209509 0.00687753 -6.03098e-05
31 -44.1855 13.2547 -1.26944 0.0567281 -0.000899872
32 60.4162 -14.978 1.5593 -0.0653745 0.00102494
33 19.6842 -4.68596 0.560827 -0.0227113 0.000347922
34 19.1174 -4.07422 0.545172 -0.0243653 0.000412991
35 103.883 -26.0837 2.54729 -0.102778 0.001529
36 -44.3603 12.9549 -1.14205 0.0473218 -0.000691493
37 83.1503 -21.541 2.18855 -0.0908547 0.00139336
38 6.29957 0.500324 -0.0159194 0.00348155 -6.98064e-05
39 69.5923 -16.7919 1.69315 -0.0690825 0.00104467
40 60.5296 -15.1535 1.66137 -0.0750895 0.00127566
41 50.3273 -10.9314 1.08147 -0.0424239 0.000627367
42 35.8198 -9.2261 1.03864 -0.0449618 0.000731864
43 2.13775 0.537586 0.0248066 0.000589127 -1.50155e-05
44 20.0985 -3.88888 0.424882 -0.0156064 0.000232099
45 105.57 -23.8448 2.20425 -0.0847437 0.00120779
46 94.0591 -22.7596 2.19484 -0.0874248 0.00129191
47 77.8408 -17.0872 1.61816 -0.0634693 0.000939712
48 6.48655 0.309775 0.010844 0.00155722 -2.96739e-05
49 67.5096 -14.8301 1.39392 -0.0532817 0.000772033
50 133.109 -30.8897 2.83544 -0.109328 0.00156667
51 26.3603 -4.73378 0.489759 -0.0179652 0.000259618
52 8.54818 0.0566039 -0.00598763 0.00391357 -9.05383e-05
53 -31.5813 8.26424 -0.599132 0.0214942 -0.000261442
54 -11.5337 5.57883 -0.574123 0.0291906 -0.000496128
55 152.671 -34.8551 3.16689 -0.121847 0.00174799
56 63.0143 -13.8589 1.33109 -0.0522277 0.00077568
57 114.371 -25.9774 2.39601 -0.0922699 0.00131546
58 33.9609 -6.27594 0.635197 -0.0250969 0.000399858
59 103.909 -24.0258 2.23831 -0.0876393 0.00129335
60 100.524 -23.3022 2.22678 -0.0887827 0.00132145
61 86.1929 -20.4988 1.98109 -0.078785 0.0011623
62 16.8827 -2.58916 0.317394 -0.0123591 0.000198858
63 60.7408 -13.3161 1.2203 -0.0443077 0.000601767
64 121.757 -27.5124 2.51112 -0.0960681 0.00136615
65 113.199 -26.3767 2.48499 -0.0974392 0.00141122
66 287.29 -70.4552 6.59717 -0.263756 0.00387257
67 85.1489 -18.4129 1.74762 -0.0682336 0.000986973
68 144.316 -33.003 3.03162 -0.117201 0.00167931
69 90.5753 -19.9488 1.8677 -0.0728927 0.00106603
70 191.776 -45.6228 4.22558 -0.165862 0.00240112
71 136.86 -32.2849 3.07838 -0.123397 0.00182533
72 122.956 -26.205 2.30682 -0.084962 0.00116222
73 209.712 -50.1425 4.68892 -0.187135 0.00276095
74 152.745 -35.4091 3.27237 -0.127903 0.00185202
75 95.7526 -22.2765 2.16331 -0.0882289 0.0013444
76 263.349 -62.8718 5.76498 -0.225781 0.00326249
77 166.433 -38.8461 3.5772 -0.139008 0.00199102
78 144.291 -32.7548 2.97301 -0.113457 0.00160421
79 142.102 -32.3307 2.95979 -0.114918 0.00166717
80 39.3018 -7.03515 0.738968 -0.0304237 0.000476762
81 28.1795 -3.3503 0.321311 -0.0112137 0.000167843
82 165.927 -38.9681 3.62511 -0.142977 0.00208518
83 406.579 -96.4383 8.58605 -0.326655 0.00455522
84 65.3096 -13.0508 1.22347 -0.0472464 0.000692045
85 31.5312 -4.17268 0.325768 -0.00769545 5.78926e-05
86 179.428 -40.8456 3.68939 -0.141483 0.00201154
87 194.087 -44.8902 4.07157 -0.156719 0.00222441
88 -40.4751 13.288 -1.21465 0.0518862 -0.00079565
89 205.472 -51.0735 4.94435 -0.202656 0.00304472
90 212.35 -50.3991 4.64631 -0.182327 0.00263798
91 172.751 -41.9211 4.04573 -0.165257 0.00248098
92 229.537 -56.2927 5.36953 -0.218365 0.00327025
93 242.473 -58.2521 5.38134 -0.211813 0.00306784
94 126.058 -27.5505 2.45891 -0.0920779 0.00127545
