0 266.528 -65.7631 6.22514 -0.252513 0.00378567
1 212.198 -50.4762 4.64366 -0.180424 0.00256253
2 96.3374 -23.0158 2.26137 -0.0927315 0.00141604
3 212.841 -50.5986 4.69592 -0.185971 0.00272042
4 126.412 -30.2037 2.88215 -0.115345 0.00170353
5 136.312 -31.2853 2.89445 -0.113421 0.00165678
6 127.643 -30.2566 2.88697 -0.115494 0.00170747
7 167.75 -39.65 3.66484 -0.142593 0.00204538
8 99.7341 -22.0353 2.00239 -0.0748322 0.0010323
9 122.632 -28.4378 2.63982 -0.102406 0.00147023
10 95.2373 -21.6116 2.04897 -0.081242 0.00120538
11 211.769 -50.0181 4.57755 -0.178015 0.00255097
12 95.7056 -20.2376 1.75373 -0.0625617 0.000838745
13 120.082 -27.1204 2.47725 -0.0945023 0.00133545
14 212.075 -51.1621 4.79581 -0.192437 0.0028653
15 -7.46472 5.11754 -0.511399 0.025256 -0.000422379
16 74.6861 -15.7987 1.50115 -0.0584945 0.000851832
17 141.055 -33.4228 3.14321 -0.125039 0.00185053
18 84.4423 -17.3554 1.5761 -0.0596034 0.000854069
19 180.439 -42.1049 3.83865 -0.148436 0.00212006
20 125.485 -28.3078 2.57784 -0.0988822 0.00141079
21 97.4191 -20.2398 1.75633 -0.0632702 0.000860546
22 -9.82374 7.04723 -0.761904 0.0370447 -0.000591855
23 123.179 -26.3643 2.28109 -0.0822777 0.00110362
24 169.808 -39.532 3.62036 -0.14019 0.00200395
25 127.296 -29.8105 2.85853 -0.115513 0.00172393
26 38.9116 -6.19832 0.504886 -0.0144064 0.000150686
27 57.2319 -13.0539 1.32762 -0.0548695 0.000853755
28 110.733 -20.62 1.45374 -0.0353044 0.000188933
29 73.6528 -15.4354 1.39625 -0.051904 0.000729143
30 330.185 -80.1861 7.39333 -0.291263 0.00420943
31 166.922 -38.3913 3.48269 -0.133917 0.00190392
32 -10.3204 5.14323 -0.380427 0.014566 -0.000173737
33 206.558 -49.4083 4.58171 -0.179609 0.0025977
34 111.728 -24.6112 2.27882 -0.0890607 0.00131035
35 80.9129 -16.7239 1.46021 -0.0512703 0.000681452
36 163.208 -38.362 3.55277 -0.137811 0.00196522
37 183.935 -44.4563 4.25074 -0.172345 0.00257923
38 117.525 -27.7496 2.6413 -0.104707 0.00154509
39 117.513 -27.4789 2.63784 -0.105632 0.00156898
40 121.191 -28.3028 2.6463 -0.103188 0.00149729
41 -22.3687 8.74917 -0.816428 0.0366268 -0.000563194
42 179.615 -43.3799 4.08636 -0.163035 0.00241178
43 71.614 -16.253 1.6155 -0.0658405 0.00101309
44 84.0037 -17.9251 1.63187 -0.0615372 0.000891323
45 45.6917 -9.55617 0.951923 -0.0370978 0.000557876
46 28.0993 -2.12629 0.0828745 0.00408616 -0.000137515
47 218.103 -53.1429 4.98202 -0.198486 0.0029218
48 128.535 -29.2898 2.70036 -0.105295 0.00153814
49 556.211 -138.428 12.8109 -0.508553 0.0074073
50 53.6313 -12.1134 1.2544 -0.0519495 0.000806166
51 232.711 -54.5206 4.91749 -0.188382 0.00266252
52 -100.445 29.3459 -2.691 0.10869 -0.00156755
53 183.227 -41.9334 3.73196 -0.139315 0.00191118
54 29.2939 -3.59944 0.304241 -0.00827507 9.7418e-05
55 183.236 -43.2935 3.99557 -0.156543 0.00227366
56 -3.96177 4.02998 -0.365323 0.0174928 -0.000272884
57 240.495 -56.7742 5.16162 -0.19918 0.00282758
58 141.026 -33.0338 3.06772 -0.118892 0.00170263
59 45.659 -8.15375 0.758224 -0.0274875 0.000391047
60 124.626 -26.473 2.29437 -0.0827894 0.00111313
61 153.676 -35.4614 3.22385 -0.123335 0.00175172
62 110.112 -24.7462 2.32526 -0.0918497 0.00136217
63 71.0795 -14.8835 1.36966 -0.050853 0.000707961
64 -38.6942 8.86658 -0.641962 0.0231125 -0.000271918
65 18.538 -4.4813 0.482108 -0.016649 0.000219669
66 15.3368 -3.44577 0.447533 -0.018813 0.000310164
67 13.8911 -3.22115 0.447605 -0.0192108 0.000314198
68 51.5547 -13.3925 1.39897 -0.0577293 0.000889068
69 -79.4692 20.4065 -1.79528 0.0734076 -0.00108676
70 36.0338 -8.37824 0.782728 -0.0264615 0.000334355
71 -22.7787 5.30267 -0.354065 0.0138888 -0.000188208
72 -74.3481 17.2367 -1.42011 0.0557256 -0.000790651
73 -36.5222 9.04113 -0.706309 0.0281369 -0.00039318
74 -28.8092 8.49341 -0.71332 0.0292449 -0.000406389
75 21.9209 -5.98079 0.71586 -0.0301915 0.00047765
76 -6.63455 1.63677 -0.0111623 -0.00123063 7.46723e-05
77 20.3635 -5.15583 0.560807 -0.0209843 0.000304569
78 25.1544 -5.46356 0.557718 -0.0203376 0.000298228
79 15.8844 -4.30588 0.551125 -0.0235213 0.000382131
80 59.7662 -15.048 1.46638 -0.0566938 0.000816558
81 54.0942 -13.9732 1.45944 -0.0603888 0.00092116
82 17.3807 -4.7076 0.620794 -0.0283611 0.000488386
83 66.9059 -15.4823 1.49345 -0.0576328 0.000822517
84 13.1201 -1.27112 0.111234 8.72021e-05 -5.32903e-05
85 1.27543 0.0923678 0.0993559 -0.00386544 7.23659e-05
86 59.8663 -13.9507 1.37084 -0.0541793 0.000802313
87 -0.852642 1.7061 -0.15557 0.0109492 -0.000213495
88 76.1674 -18.0712 1.71424 -0.0661099 0.000951211
89 -126.019 32.7438 -2.94966 0.118397 -0.00170026
90 -4.80241 1.16134 0.0167549 -0.00157967 6.21527e-05
91 24.2786 -5.58639 0.571679 -0.0203099 0.000282965
92 22.9208 -5.38837 0.566067 -0.0210755 0.000311977
93 -14.0689 5.42203 -0.523382 0.0255134 -0.00040585
94 -10.2183 4.82895 -0.508947 0.0276854 -0.000494462
