0 107.59 -25.8562 2.43124 -0.0935202 0.00133349
1 3.9039 -0.558317 0.213654 -0.00985832 0.000186776
2 174.171 -44.9784 4.44673 -0.185926 0.00288739
3 -59.3155 18.2651 -1.71445 0.0732038 -0.00109537
4 201.288 -50.261 4.80977 -0.195459 0.00295121
5 -16.4527 6.19991 -0.590871 0.0301843 -0.000524334
6 46.2662 -9.43082 0.851022 -0.0280108 0.000344324
7 198.074 -48.1417 4.50523 -0.177272 0.00256052
8 35.1162 -8.57907 0.971474 -0.0414676 0.000680562
9 364.594 -93.8225 9.09879 -0.378082 0.00579057
10 -70.352 19.7731 -1.82206 0.0772926 -0.00116702
11 109.322 -26.3564 2.52852 -0.100426 0.00148563
12 149.411 -35.9028 3.39002 -0.134599 0.00198487
13 132.046 -33.8598 3.40015 -0.143906 0.00226954
14 142.457 -35.279 3.44124 -0.141686 0.00217354
15 -37.3615 10.825 -0.94505 0.0406039 -0.000614316
16 63.7818 -14.5358 1.41651 -0.055347 0.000818504
17 -1.01855 0.795159 0.0624188 -0.00326421 8.27068e-05
18 5.72389 0.0533824 0.062888 -0.000962929 2.20228e-05
19 22.6577 -2.27217 0.0743678 0.00760153 -0.000244961
20 108.682 -25.5908 2.44116 -0.0965327 0.00142118
21 246.942 -61.0937 5.8003 -0.234595 0.00349907
22 6.09355 1.32828 -0.180393 0.013545 -0.000256788
23 -34.4407 10.199 -0.911344 0.0396588 -0.000595947
24 4.08701 0.950624 -0.0938887 0.0085088 -0.000166918
25 1.60568 1.1594 -0.0867194 0.00811399 -0.000176034
26 115.788 -26.5669 2.43649 -0.0926007 0.00131625
27 113.914 -26.091 2.43047 -0.0943672 0.00137705
28 37.3766 -8.19516 0.840074 -0.0322962 0.000477967
29 168.202 -41.6213 4.001 -0.162178 0.00242627
30 10.2169 0.971984 -0.198729 0.0167383 -0.000344186
31 8.31241 1.07145 -0.201128 0.0163907 -0.000330201
32 36.8478 -6.41371 0.538636 -0.0145797 0.000129874
33 120.572 -27.1019 2.4434 -0.0908844 0.00125563
34 146.684 -29.417 2.45105 -0.0855023 0.00110295
35 151.148 -35.7399 3.32546 -0.130075 0.00189137
36 235.473 -57.7615 5.44437 -0.218275 0.00322847
37 9.6245 -0.867119 0.336232 -0.021257 0.000460392
38 233.18 -57.4856 5.41975 -0.216954 0.00320691
39 -78.7545 21.3097 -1.77706 0.0677281 -0.000922723
40 138.366 -33.4844 3.21298 -0.128706 0.00190417
41 147.195 -34.3525 3.21079 -0.126499 0.00185538
42 138.05 -33.2917 3.21045 -0.129709 0.00193641
43 144.877 -34.2426 3.2158 -0.126533 0.0018388
44 72.5935 -16.2019 1.5631 -0.0607895 0.000884251
45 145.6 -32.7927 2.93493 -0.108614 0.00147555
46 128.578 -30.3296 2.85754 -0.112391 0.00164076
47 285.439 -70.607 6.64923 -0.267116 0.00394479
48 182.687 -42.2724 3.79894 -0.143183 0.00198618
49 146.368 -34.3325 3.22709 -0.127269 0.00185954
50 -0.912296 4.14823 -0.512219 0.0292783 -0.000521547
51 88.4019 -19.346 1.76681 -0.0661004 0.000932614
52 94.2478 -21.9134 2.10773 -0.0837601 0.00124145
53 204.848 -48.8554 4.52038 -0.177469 0.00257401
54 313.012 -78.6229 7.53059 -0.309718 0.00470878
55 206.24 -49.9292 4.64968 -0.184177 0.00270223
56 152.95 -35.4944 3.25375 -0.125689 0.00180363
57 201.353 -49.382 4.70671 -0.191123 0.0028789
58 87.4466 -17.8715 1.51852 -0.0518488 0.0006653
59 217.58 -53.5192 5.08606 -0.205719 0.00307375
60 113.368 -24.9212 2.23194 -0.0828769 0.0011505
61 321.873 -79.0373 7.35014 -0.291599 0.00425378
62 92.9731 -20.0598 1.78249 -0.0642371 0.000864048
63 172.778 -41.7614 3.94663 -0.15759 0.00232801
64 223.173 -54.1166 5.07118 -0.202011 0.00297236
65 155.582 -35.5183 3.25079 -0.124686 0.00176267
66 87.7808 -20.6127 2.05977 -0.0843756 0.0012773
67 140.759 -32.2582 2.97837 -0.11499 0.00164297
68 35.1422 -6.50909 0.749684 -0.0324544 0.000534434
69 80.9284 -17.7133 1.75886 -0.0723502 0.00111787
70 125.197 -22.9463 1.81228 -0.0592316 0.00072399
71 74.7099 -17.5006 1.79716 -0.0742369 0.0011312
72 66.8129 -11.8572 0.96124 -0.0291059 0.000318098
73 368.407 -91.2579 8.4646 -0.333675 0.00481275
74 449.389 -112.065 10.4756 -0.419547 0.00616882
75 -368.854 87.9962 -7.39204 0.27459 -0.00374309
76 148.007 -34.2986 3.18655 -0.124503 0.00180763
77 266.948 -65.3843 6.09227 -0.2407 0.00348769
78 199.151 -49.1761 4.78668 -0.199077 0.00307449
79 347.759 -87.014 8.25119 -0.335279 0.00501408
80 470.223 -101.411 8.4083 -0.303196 0.00407408
81 202.33 -47.355 4.2898 -0.163367 0.00228526
82 160.736 -37.7825 3.4993 -0.135517 0.00193624
83 166.632 -38.4456 3.49717 -0.134295 0.00191125
84 160.106 -35.4128 3.06533 -0.110742 0.00148816
85 57.4934 -10.8981 1.01067 -0.0370104 0.000516636
86 48.7223 -9.72627 1.00578 -0.0410433 0.00063639
87 -4.39085 4.94364 -0.422048 0.0181607 -0.000249498
88 267.163 -63.8432 5.82934 -0.227189 0.00328264
89 -73.7533 21.9109 -1.93506 0.076314 -0.00106079
90 142.035 -33.9542 3.29155 -0.134445 0.00203879
91 15.6622 -0.190894 -0.0068883 0.0048882 -0.000110514
92 148.62 -35.2324 3.33557 -0.132707 0.00195179
93 233.933 -56.2332 5.23045 -0.207223 0.00303367
94 317.254 -80.1627 7.72919 -0.319897 0.00489635
