0 124.9 -29.8115 2.84105 -0.113041 0.00166017
1 -0.253954 1.05439 0.0148887 -0.00128145 5.65155e-05
2 61.756 -13.7053 1.30768 -0.0498548 0.000712012
3 81.4879 -19.8277 1.98975 -0.0821507 0.00125884
4 34.3456 -7.22953 0.727189 -0.0274151 0.000394076
5 97.6533 -24.7371 2.45745 -0.101081 0.00154186
6 59.0953 -14.0111 1.39081 -0.0553806 0.000827982
7 84.8575 -20.5545 1.99872 -0.0799117 0.00118702
8 -96.6651 27.4361 -2.56152 0.106178 -0.00156761
9 102.108 -24.8207 2.3805 -0.0948473 0.00140417
10 -29.8358 8.17043 -0.602703 0.0217159 -0.000260185
11 176.685 -42.8292 4.0066 -0.158497 0.00231135
12 54.2597 -12.71 1.27643 -0.0514234 0.000780001
13 56.7299 -13.1321 1.28373 -0.0500003 0.000728816
14 15.5256 -2.11524 0.170803 -0.001528 -3.20213e-05
15 13.5394 -1.51313 0.153194 -0.00252521 -1.71422e-07
16 14.0847 -1.38357 0.152085 -0.00287578 7.32551e-06
17 49.6904 -10.8621 1.07311 -0.0420376 0.000621996
18 -27.8738 7.10466 -0.468761 0.0154748 -0.000165269
19 61.5672 -15.1379 1.50168 -0.0595663 0.000876257
20 66.414 -15.3068 1.49223 -0.0594799 0.000894799
21 -44.2374 11.6702 -0.945328 0.0369496 -0.000511773
22 55.5562 -11.7861 1.10998 -0.0415807 0.000591182
23 76.7419 -19.2028 1.95988 -0.0822727 0.00128382
24 -27.2538 8.13082 -0.739368 0.0333242 -0.000519177
25 77.5846 -19.1526 1.9172 -0.0786401 0.00119617
26 73.3139 -18.5967 1.90437 -0.0806084 0.00127958
27 68.4276 -14.3498 1.27659 -0.0454509 0.000605187
28 114.369 -27.3146 2.57567 -0.10102 0.00146341
29 48.5474 -9.6189 0.861191 -0.02948 0.000377231
30 86.5341 -21.2469 2.09564 -0.085107 0.00128106
31 316.973 -81.6549 7.8689 -0.324061 0.00488976
32 99.6073 -24.2783 2.37731 -0.0965473 0.00145903
33 71.1166 -16.8264 1.63466 -0.0638949 0.000932002
34 8.08162 -1.49219 0.298952 -0.0138612 0.00024523
35 67.9524 -14.6753 1.35982 -0.0506108 0.000706833
36 138.259 -31.8951 2.90888 -0.111502 0.00158974
37 49.5075 -13.6966 1.50875 -0.0644834 0.00101155
38 15.5271 -3.39995 0.429983 -0.01737 0.000276661
39 68.6602 -15.3445 1.4949 -0.059213 0.000880569
40 13.4628 -2.98057 0.481605 -0.0240296 0.000445704
41 78.5794 -18.8216 1.83133 -0.0727098 0.00107324
42 88.9363 -19.801 1.83601 -0.0705467 0.0010197
43 83.4472 -19.321 1.83042 -0.0714433 0.00104601
44 23.0715 -4.14655 0.395197 -0.0120133 0.000141442
45 -65.2839 17.3833 -1.46287 0.0565609 -0.000775684
46 50.0623 -9.7733 0.916478 -0.0343195 0.000500255
47 75.7532 -18.1872 1.76049 -0.0690389 0.00100319
48 -12.0877 5.19771 -0.525769 0.0274055 -0.000476009
49 125.559 -29.1905 2.68925 -0.103372 0.00147408
50 53.0131 -10.8025 1.01839 -0.0389659 0.000577757
51 49.9022 -10.6004 1.02192 -0.0392943 0.000578209
52 -0.434246 3.76111 -0.449773 0.0251878 -0.000443203
53 29.4108 -7.90632 0.917992 -0.0395867 0.000633197
54 43.5167 -9.44114 0.928258 -0.0357156 0.000525349
55 31.4814 -5.72864 0.517791 -0.0166724 0.000211023
56 57.047 -13.6603 1.34274 -0.0525171 0.000764497
57 41.2647 -8.69414 0.881058 -0.0350489 0.000532855
58 17.5053 -3.23444 0.367976 -0.0129764 0.000176624
59 12.4956 -2.13421 0.33181 -0.015653 0.00029748
60 46.4143 -9.45647 0.91969 -0.0355805 0.000529221
61 10.3365 -0.700741 0.0750866 0.000328811 -2.79078e-05
62 67.7296 -14.879 1.41659 -0.0549039 0.00079906
63 44.1928 -9.21011 0.871662 -0.0317961 0.000442445
64 105.096 -22.9392 2.08589 -0.079374 0.00113361
65 94.3201 -21.7267 2.08482 -0.0828557 0.00121941
66 139.776 -33.6539 3.22337 -0.129674 0.00192516
67 590.605 -141.676 12.545 -0.473785 0.00652876
68 57.3981 -11.8941 1.10827 -0.0412596 0.000582281
69 47.8524 -10.3183 1.09398 -0.0467399 0.000757077
70 174.248 -41.3522 3.85251 -0.1526 0.00223696
71 74.9461 -15.92 1.52966 -0.0608208 0.000908844
72 203.721 -47.6349 4.33184 -0.167078 0.00237919
73 114.175 -26.8322 2.53551 -0.100455 0.00147955
74 51.152 -9.19202 0.822714 -0.0295057 0.000413155
75 45.7626 -8.79212 0.827277 -0.0301887 0.000416839
76 104.23 -22.6329 2.06342 -0.078853 0.00112778
77 108.957 -25.8914 2.46114 -0.0978929 0.0014468
78 -0.835424 3.64333 -0.283671 0.0108022 -0.000113164
79 18.8031 0.309886 -0.192153 0.0163111 -0.000326897
80 113.407 -25.3766 2.33475 -0.0901623 0.00129671
81 95.2436 -20.9434 1.91009 -0.0721864 0.00101053
82 25.7033 -4.27552 0.446992 -0.0172645 0.000270848
83 34.1147 -5.57402 0.464353 -0.0134437 0.000146749
84 186.902 -44.5119 4.12905 -0.163059 0.00237921
85 71.7612 -15.8434 1.54863 -0.0625531 0.00094522
86 30.5252 -4.55533 0.454786 -0.0174707 0.000278574
87 19.6485 -0.999846 -0.0328437 0.00973103 -0.000243965
88 174.207 -41.3963 3.87397 -0.154231 0.00226867
89 211.428 -50.9121 4.78669 -0.191845 0.00283098
90 53.917 -10.7435 0.987671 -0.0366242 0.000521585
91 148.026 -34.0168 3.12631 -0.121697 0.00175712
92 -137.728 45.1648 -5.05682 0.248499 -0.00441773
93 99.7946 -22.4664 2.06983 -0.0791226 0.00112253
94 266.982 -65.5228 6.21476 -0.254834 0.00389064
