0 58.6305 -17.5983 1.99687 -0.0900596 0.0014882
1 124.857 -34.2151 3.49184 -0.147404 0.00228219
2 37.6846 -10.1724 1.09162 -0.044026 0.000661453
3 36.1366 -10.0054 1.08716 -0.0444342 0.000675243
4 33.7279 -6.68173 0.574988 -0.0167241 0.000177886
5 65.6751 -15.5079 1.51219 -0.0602214 0.000913181
6 18.2751 -4.00286 0.449085 -0.0162416 0.000232458
7 9.09693 -2.75822 0.434322 -0.0200005 0.00035035
8 94.0553 -24.0872 2.39726 -0.0978603 0.00147714
9 30.8599 -7.4932 0.78916 -0.0305823 0.000450822
10 25.9674 -7.07614 0.780159 -0.0313779 0.000487343
11 22.0154 -5.98041 0.750359 -0.033919 0.000582634
12 46.3509 -13.2701 1.46324 -0.0626804 0.000986486
13 10.228 -1.67532 0.219912 -0.00675151 8.71165e-05
14 -21.8808 6.60934 -0.568284 0.0259522 -0.000409195
15 -139.731 38.8049 -3.70986 0.156977 -0.00238685
16 -98.7546 25.6561 -2.28809 0.0925892 -0.00134466
17 59.4367 -12.4991 1.09906 -0.0374648 0.000475573
18 -122.65 32.7525 -3.02718 0.124689 -0.00183958
19 32.9969 -6.17656 0.540052 -0.0157633 0.000164669
20 -33.8129 10.2609 -0.915943 0.0386144 -0.000558789
21 -45.6159 13.6358 -1.35692 0.0627751 -0.00101504
22 -62.0107 16.0851 -1.36996 0.0540414 -0.000749163
23 54.5169 -12.2757 1.1759 -0.0449409 0.000655403
24 -11.8661 3.35351 -0.199756 0.00707236 -5.6134e-05
25 69.9123 -15.664 1.4617 -0.0559501 0.00081698
26 -77.2713 21.1768 -1.96041 0.0827279 -0.00124751
27 74.4702 -18.9811 1.87061 -0.074867 0.00111664
28 -62.5575 16.3389 -1.45166 0.0596092 -0.000859676
29 22.2727 -4.85204 0.473092 -0.0148368 0.000175542
30 74.3374 -18.3844 1.83239 -0.0749355 0.00114118
31 -19.2037 5.95812 -0.491142 0.021222 -0.000309616
32 -15.1858 5.53591 -0.483876 0.0222865 -0.000348397
33 -24.2625 6.44195 -0.486979 0.0198136 -0.00028121
34 -30.7279 7.36436 -0.506386 0.0179798 -0.000210058
35 -45.8429 12.5188 -1.09088 0.0453025 -0.00066966
36 -37.1199 11.2273 -1.06157 0.0481187 -0.000773576
37 -5.19267 2.04777 -0.108502 0.00532641 -7.12846e-05
38 77.0796 -19.0205 1.86028 -0.0745092 0.00112317
39 45.9629 -11.2351 1.18692 -0.0495201 0.000775447
40 73.8979 -19.4804 2.01267 -0.084848 0.00132016
41 46.3424 -9.97268 0.957687 -0.0362354 0.000532153
42 13.5903 -3.43899 0.469107 -0.0204963 0.000339979
43 27.5594 -5.01407 0.481997 -0.0163029 0.0002207
44 18.2162 -4.01535 0.474938 -0.0190039 0.000297783
45 63.4233 -16.0168 1.56712 -0.0618295 0.000913878
46 24.5668 -6.16614 0.696895 -0.0287775 0.000455235
47 -59.5784 16.0664 -1.40222 0.0567217 -0.000817722
48 92.7529 -23.9896 2.4237 -0.101811 0.00159022
49 14.8551 -3.30156 0.404994 -0.015961 0.000249897
50 94.2419 -23.4741 2.27627 -0.0907175 0.00133545
51 -5.29552 3.08205 -0.283003 0.0151833 -0.000255327
52 -116.344 32.0509 -3.07635 0.131865 -0.00203251
53 0.188731 0.674465 -0.0112086 0.00313317 -7.09146e-05
54 -12.4089 4.24435 -0.320415 0.0135842 -0.000187358
55 107.86 -27.1118 2.688 -0.111323 0.00170419
56 8.31573 -0.849994 0.176788 -0.0077446 0.00014641
57 12.0813 -2.02245 0.208109 -0.00488019 3.95496e-05
58 -40.1031 11.7126 -1.03096 0.0422902 -0.000605725
59 54.3351 -12.3778 1.22441 -0.048821 0.000740078
60 54.8975 -12.7457 1.22841 -0.047326 0.000687594
61 -11.3746 4.49249 -0.373159 0.0163987 -0.000233193
62 -46.0407 13.8273 -1.292 0.0552646 -0.000828457
63 125.783 -30.5326 2.9241 -0.11824 0.00177855
64 72.6908 -15.6779 1.49272 -0.0576944 0.000832431
65 -71.3462 21.4856 -1.97609 0.0806627 -0.00115367
66 22.3153 -4.27739 0.506226 -0.0211152 0.000343866
67 72.52 -15.2938 1.36441 -0.0487981 0.000649431
68 192.324 -43.3455 3.75594 -0.13553 0.00177657
69 165.068 -39.2904 3.69989 -0.148197 0.00220265
70 66.3777 -13.8072 1.26361 -0.0467753 0.000653188
71 89.8184 -21.4545 2.09936 -0.0846499 0.00126435
72 198.562 -46.82 4.30172 -0.167734 0.00241329
73 2.70321 0.405006 0.103943 -0.0062975 0.000146435
74 5.90367 0.259844 0.0994757 -0.00626964 0.000156931
75 322.45 -77.2497 7.03581 -0.274133 0.00392726
76 103.975 -23.0846 2.12188 -0.081743 0.00118698
77 136.187 -31.1405 2.85115 -0.109971 0.0015745
78 12.1388 0.0104281 -0.0783749 0.00998604 -0.000218111
79 101.02 -23.1087 2.15611 -0.0833448 0.00120144
80 93.4 -19.4777 1.69125 -0.0603383 0.000802691
81 84.493 -18.4246 1.67823 -0.0627725 0.000875162
82 210.96 -51.1699 4.81082 -0.192825 0.00285318
83 94.7269 -20.197 1.81309 -0.067607 0.000945794
84 147.507 -34.615 3.25827 -0.130274 0.0019397
85 157.987 -36.2984 3.28669 -0.125508 0.00177156
86 94.6211 -19.8931 1.74714 -0.0631863 0.000852175
87 258.151 -63.174 5.97702 -0.242659 0.00363925
88 -22.6034 9.3962 -0.878475 0.0380982 -0.000567667
89 145.36 -33.3205 3.02773 -0.115637 0.00163598
90 58.6494 -10.4557 0.818596 -0.0233004 0.000228668
91 240.914 -57.6546 5.31922 -0.209956 0.00306625
92 38.7821 -7.05526 0.645673 -0.0225652 0.00031393
93 292.111 -70.1533 6.41963 -0.250392 0.00358651
94 207.046 -49.9147 4.64814 -0.183815 0.00267721
