0 84.2667 -18.9748 1.75854 -0.0664171 0.000942048
1 113.761 -27.9355 2.74674 -0.112087 0.00169457
2 192.012 -46.8967 4.47002 -0.18068 0.00269609
3 157.578 -38.4134 3.62945 -0.143253 0.00208041
4 91.8697 -22.0829 2.17309 -0.0884282 0.00134486
5 231.177 -55.5117 5.08229 -0.197105 0.00282701
6 83.4064 -19.4427 1.83327 -0.0696369 0.000975635
7 106.428 -25.6281 2.43472 -0.0943137 0.00134136
8 110.213 -25.9778 2.43692 -0.0934799 0.00131597
9 174.893 -42.4978 4.03571 -0.161725 0.00239493
10 143.421 -34.6408 3.30482 -0.13251 0.00197353
11 105.95 -23.5765 2.1586 -0.0812856 0.00113963
12 101.288 -23.0972 2.15423 -0.0822691 0.00116824
13 168.802 -39.576 3.64213 -0.141464 0.00203801
14 99.3186 -21.6251 1.90709 -0.0683499 0.000906697
15 92.2189 -20.7046 1.89153 -0.0706745 0.000990761
16 96.041 -21.2932 1.90338 -0.0688624 0.000919117
17 165.718 -39.3141 3.61429 -0.139328 0.00198684
18 145.438 -34.0633 3.15157 -0.122461 0.0017667
19 64.5704 -15.136 1.51009 -0.0599379 0.000884351
20 141.025 -33.53 3.20156 -0.128593 0.0019105
21 177.238 -42.7782 4.0287 -0.160804 0.00238328
22 263.976 -62.8689 5.68066 -0.217138 0.00304927
23 114.618 -27.7159 2.64975 -0.104625 0.00152857
24 87.4886 -19.7706 1.87123 -0.0729494 0.00106827
25 134.267 -30.5046 2.75129 -0.103282 0.00143658
26 224.806 -53.4815 4.85156 -0.185384 0.00260385
27 236.142 -54.9114 4.86353 -0.181547 0.00249284
28 131.742 -31.2268 2.96196 -0.117428 0.00172173
29 188.418 -45.1195 4.16166 -0.160684 0.00227495
30 219.021 -51.7355 4.70186 -0.180629 0.00255301
31 203.271 -47.5794 4.27988 -0.162324 0.00227117
32 22.1965 -3.19191 0.271979 -0.00575841 4.23408e-05
33 126.607 -31.2659 2.95914 -0.115749 0.00166695
34 154.242 -39.0977 3.82157 -0.156284 0.00235224
35 13.6981 -2.28302 0.305624 -0.0115346 0.000181057
36 -26.3659 6.73035 -0.433362 0.0143985 -0.000145806
37 16.0075 -3.48316 0.446365 -0.0179922 0.000285665
38 57.7813 -12.9393 1.2363 -0.0457977 0.000629259
39 147.023 -36.6864 3.49463 -0.137789 0.00199004
40 67.1637 -16.1028 1.63013 -0.0666667 0.00101874
41 -36.229 11.1268 -0.978284 0.0414436 -0.000617366
42 50.8189 -11.6782 1.18192 -0.0468631 0.000699238
43 87.9008 -19.9549 1.83647 -0.0687292 0.000957223
44 68.8102 -17.888 1.81838 -0.0743083 0.00112842
45 110.347 -25.756 2.42053 -0.094405 0.00137356
46 86.1901 -20.5067 1.96462 -0.0769948 0.00112935
47 70.049 -14.6783 1.30056 -0.0454041 0.00058739
48 39.5267 -8.12852 0.796586 -0.0295008 0.000417437
49 -2.67465 2.7735 -0.221913 0.0110534 -0.000163254
50 133.34 -33.6069 3.28966 -0.133962 0.00201104
51 147.916 -35.1751 3.31574 -0.131204 0.0019152
52 25.0808 -4.18811 0.405557 -0.0122176 0.000135715
53 99.0469 -25.1914 2.48103 -0.099933 0.00147993
54 -9.99938 4.277 -0.360063 0.0174115 -0.000274736
55 -18.2362 5.3615 -0.370567 0.0142991 -0.000184556
56 14.3565 -2.53081 0.355698 -0.0159054 0.000291036
57 -26.9076 7.83142 -0.631504 0.0261418 -0.000375811
58 74.3685 -16.607 1.56811 -0.0595096 0.00084124
59 64.5989 -15.6932 1.55929 -0.0622569 0.000930445
60 68.8912 -19.164 2.02615 -0.0851054 0.00130552
61 -16.7292 5.28414 -0.39948 0.016883 -0.000240253
62 49.2774 -11.4938 1.18739 -0.0485216 0.00075105
63 41.4204 -10.9093 1.18591 -0.0503545 0.000808232
64 -194.508 51.6789 -4.5811 0.178239 -0.00250171
65 193.796 -47.0917 4.45275 -0.177086 0.00259238
66 121.185 -30.6606 3.11634 -0.130374 0.00200458
67 185.5 -46.5973 4.56882 -0.189753 0.00291695
68 268.462 -64.0806 5.77897 -0.219543 0.00305573
69 199.584 -47.8882 4.4371 -0.17209 0.00244434
70 48.8026 -11.1355 1.25816 -0.0549445 0.00088774
71 138.327 -33.7998 3.29584 -0.133104 0.00197491
72 144.597 -34.6445 3.29461 -0.13093 0.00192667
73 433.809 -106.774 9.82435 -0.38485 0.00551599
74 3.71022 1.95277 -0.124007 0.00706394 -0.000114566
75 186.066 -45.217 4.2389 -0.16708 0.00242326
76 98.3219 -21.0638 1.87522 -0.0668328 0.000871951
77 373.245 -91.7547 8.4018 -0.326445 0.00464148
78 150.829 -35.8428 3.32979 -0.128909 0.001843
79 130.386 -30.1118 2.77632 -0.105625 0.00148397
80 401.063 -96.5682 8.64742 -0.328854 0.00457676
81 125.123 -28.0102 2.56854 -0.0978989 0.00138831
82 -23.154 7.92236 -0.630938 0.0262308 -0.000387466
83 114.851 -26.0268 2.42229 -0.0932085 0.00133378
84 466.935 -114.973 10.5147 -0.409859 0.00584578
85 124.84 -29.8248 2.89341 -0.116441 0.00173206
86 295.259 -71.9979 6.64728 -0.259941 0.00372852
87 209.954 -48.8649 4.37322 -0.163865 0.0022533
88 133.316 -31.3787 2.93172 -0.113044 0.00159956
89 -108.704 31.1684 -2.8409 0.115856 -0.00169873
90 190.422 -44.9118 4.13031 -0.159008 0.00225622
91 353.215 -86.2054 7.89576 -0.307732 0.00439896
92 270.959 -64.8126 5.89794 -0.227049 0.00320663
93 190.786 -47.585 4.6163 -0.187357 0.00278145
94 35.8444 -7.13857 0.789835 -0.0314062 0.000464464
