0 124.526 -31.8575 3.20271 -0.13408 0.00205988
1 132.073 -32.4077 3.18924 -0.133163 0.00207668
2 225.507 -55.3486 5.22537 -0.210498 0.00313853
3 207.783 -53.0626 5.20653 -0.217531 0.00334842
4 88.718 -19.054 1.71863 -0.0642004 0.000905621
5 473.25 -116.161 10.6909 -0.422432 0.0061322
6 53.5544 -12.4267 1.33084 -0.0579227 0.000950256
7 68.1465 -14.6547 1.37456 -0.0524485 0.000758493
8 209.576 -50.7815 4.75842 -0.189502 0.00278491
9 -5.8866 4.67199 -0.449576 0.0221017 -0.000354319
10 102.621 -22.8016 2.13824 -0.0840542 0.0012352
11 -0.368656 3.64786 -0.369997 0.0185188 -0.000289083
12 77.7505 -18.4574 1.88259 -0.079427 0.00124703
13 89.0282 -20.07 1.90012 -0.0746228 0.0010989
14 203.68 -48.0571 4.40735 -0.171797 0.00247643
15 241.48 -59.2209 5.59012 -0.225406 0.00335916
16 126.516 -28.1747 2.51725 -0.094133 0.00131251
17 88.8667 -19.5341 1.80518 -0.0684323 0.000967117
18 143.405 -33.0317 3.07261 -0.121381 0.00178967
19 114.719 -24.5898 2.15845 -0.0780987 0.00104829
20 6.8691 2.25671 -0.343295 0.022516 -0.000429778
21 55.0577 -9.6484 0.784086 -0.023998 0.00027239
22 93.3017 -19.4695 1.69031 -0.0600741 0.000803615
23 115.197 -26.7872 2.51243 -0.0991143 0.00146252
24 71.5239 -15.1888 1.42283 -0.0546641 0.000793539
25 91.9822 -18.5306 1.51358 -0.0483891 0.000545338
26 135.246 -31.0584 2.84083 -0.108701 0.00153713
27 93.2179 -20.2681 1.83082 -0.0680115 0.000943344
28 270.855 -64.4865 5.84956 -0.226006 0.00321187
29 89.4799 -19.4638 1.80533 -0.0693311 0.000991219
30 86.0237 -19.1624 1.8018 -0.0705023 0.00103993
31 286.103 -71.3461 6.83204 -0.282174 0.00431833
32 397.089 -96.7308 8.83061 -0.343782 0.00490613
33 43.0011 -8.06216 0.797887 -0.0301807 0.000446253
34 -104.385 29.6822 -2.69598 0.109373 -0.00159651
35 -35.4771 9.98991 -0.613511 0.0145429 -3.85088e-05
36 61.3048 -13.0775 1.33992 -0.0560243 0.000880659
37 -266.994 74.4503 -7.09829 0.294645 -0.00441601
38 -12.5024 5.88277 -0.41321 0.0140148 -0.000143885
39 118.277 -26.3145 2.35992 -0.0874651 0.00119452
40 108.616 -24.747 2.3406 -0.0919585 0.00133612
41 198.129 -47.0366 4.37843 -0.17267 0.00251413
42 202.017 -47.8693 4.39155 -0.170021 0.00242179
43 -71.7235 21.6445 -1.90929 0.0749987 -0.00104794
44 153.513 -35.6261 3.31219 -0.130227 0.00189234
45 280.291 -70.6083 6.7839 -0.278769 0.00421659
46 112.726 -25.6795 2.40901 -0.0950297 0.00140282
47 -13.4537 4.56756 -0.151509 -0.0018036 0.000161567
48 -63.9996 20.5205 -1.87881 0.0757023 -0.00107523
49 327.068 -80.3072 7.48553 -0.298728 0.00438311
50 113.701 -28.9092 3.02042 -0.130956 0.00207748
51 292.56 -71.9338 6.78061 -0.272511 0.00401137
52 235.061 -57.2881 5.42599 -0.219633 0.00328537
53 106.183 -23.9966 2.28385 -0.0906313 0.00133696
54 104.152 -23.5868 2.27467 -0.0920792 0.00139073
55 -30.6756 12.7348 -1.23617 0.0540421 -0.000825004
56 431.879 -106.841 9.93383 -0.395802 0.00578223
57 130.242 -30.1391 2.86059 -0.113777 0.00167337
58 80.2846 -18.3475 1.82457 -0.0742534 0.00112086
59 222.339 -55.6325 5.41262 -0.223419 0.00338601
60 152.568 -34.1468 3.06233 -0.11591 0.00163116
61 77.3952 -16.9077 1.68789 -0.069232 0.001062
62 164.479 -38.2471 3.55656 -0.140041 0.00203901
63 270.89 -62.8979 5.57771 -0.210116 0.00290851
64 99.4366 -21.5409 1.96725 -0.0746054 0.00105465
65 35.0851 -6.41742 0.609737 -0.0216711 0.000304799
66 -117.072 35.6757 -3.51528 0.150606 -0.00229055
67 84.2115 -18.8282 1.81573 -0.0731772 0.00111089
68 190.491 -46.244 4.37765 -0.176434 0.00263454
69 169.752 -40.0217 3.70854 -0.145487 0.00211403
70 72.8061 -15.1547 1.41511 -0.0542302 0.000782755
71 252.942 -62.8137 6.02634 -0.247945 0.00376908
72 180.865 -42.9857 4.0241 -0.160652 0.00238172
73 -5.89013 4.77963 -0.466011 0.0226174 -0.000358211
74 25.6255 -3.15277 0.240995 -0.00432997 8.39446e-06
75 138.959 -32.1439 2.9888 -0.118106 0.00174997
76 272.742 -69.1167 6.71235 -0.279357 0.00427859
77 81.038 -17.2661 1.61441 -0.0629675 0.000929547
78 81.3476 -17.6154 1.61998 -0.0618722 0.000894428
79 230.608 -54.9016 5.02671 -0.195384 0.0027925
80 135.153 -31.3277 2.91662 -0.114488 0.00166343
81 95.5866 -20.0845 1.76597 -0.0641118 0.000865509
82 178.777 -42.1028 3.90667 -0.154789 0.00227764
83 67.6702 -13.8124 1.25841 -0.047212 0.000678423
84 81.1908 -15.4073 1.26216 -0.0421101 0.000532395
85 146.338 -34.2317 3.18609 -0.12501 0.00181655
86 60.7725 -11.8886 1.05049 -0.037209 0.000503556
87 174.842 -39.5236 3.52887 -0.133851 0.00188714
88 170.519 -39.2545 3.53391 -0.134097 0.00187396
89 126.583 -28.5232 2.61289 -0.10122 0.00146462
90 129.969 -29.159 2.62548 -0.0987379 0.00137322
91 51.7906 -10.0615 0.991713 -0.0395713 0.000604241
92 77.306 -15.4661 1.32706 -0.0462904 0.000614497
93 175.988 -41.722 3.88989 -0.153659 0.00223936
94 130.646 -29.5433 2.67959 -0.102737 0.00147426
