0 158.91 -36.8296 3.38521 -0.13261 0.00192674
1 128.758 -26.7692 2.25001 -0.0794094 0.00104993
2 184.547 -43.089 3.9591 -0.155176 0.00225134
3 113.873 -25.4269 2.30182 -0.0873229 0.00122786
4 250.335 -58.0941 5.19743 -0.199264 0.00283236
5 288.422 -69.2622 6.38529 -0.252196 0.00365474
6 88.9698 -19.3994 1.76113 -0.0668413 0.000953479
7 185.619 -41.7316 3.66778 -0.136786 0.00188859
8 172.369 -40.0983 3.68213 -0.144661 0.00211614
9 88.2457 -17.6917 1.48755 -0.0514777 0.00066528
10 238.758 -54.8216 4.82878 -0.180207 0.0024658
11 269.264 -64.9619 6.022 -0.238997 0.00349612
12 84.342 -16.8476 1.42861 -0.0500968 0.000665295
13 353.193 -86.7096 8.07515 -0.322799 0.00473697
14 188.182 -44.2119 4.0771 -0.161293 0.00237274
15 179.768 -40.9876 3.65926 -0.139166 0.00196362
16 150.317 -34.8682 3.22895 -0.12768 0.00187736
17 76.4932 -14.1058 1.11187 -0.0350443 0.000413422
18 221.366 -52.4244 4.82875 -0.190485 0.0027738
19 145.356 -34.237 3.25268 -0.132274 0.0020006
20 111.69 -24.3599 2.18058 -0.0823831 0.00116465
21 225.998 -53.1937 4.86376 -0.191202 0.00278787
22 17.2674 1.12894 -0.327786 0.0235541 -0.000454562
23 100.501 -21.6218 1.90705 -0.0695483 0.000934269
24 197.46 -46.5645 4.29639 -0.169752 0.00247672
25 357.775 -87.5844 8.1322 -0.323582 0.00471316
26 234.991 -56.6826 5.30285 -0.212775 0.00314588
27 179.686 -41.9335 3.84414 -0.150655 0.00218575
28 265.645 -64.546 6.0501 -0.243782 0.00362072
29 86.4786 -17.9795 1.6012 -0.0597988 0.000841749
30 98.0439 -19.3045 1.5903 -0.0543107 0.00070135
31 41.0638 -5.49556 0.353012 -0.00626827 1.0613e-05
32 193.948 -46.2099 4.32197 -0.173119 0.00255881
33 81.626 -17.3362 1.56068 -0.0587109 0.000834765
34 89.11 -20.7448 1.9837 -0.079913 0.00120794
35 -6.37468 5.25475 -0.59947 0.0309024 -0.000520702
36 51.1283 -7.78238 0.532792 -0.0125352 0.00010616
37 226.426 -52.596 4.73013 -0.181687 0.00258034
38 16.3298 2.75469 -0.629371 0.0424065 -0.000835463
39 54.4793 -6.1372 0.127871 0.0149448 -0.000474245
40 58.0678 -10.5863 0.877921 -0.0293478 0.00037967
41 64.8569 -12.9272 1.16554 -0.0442419 0.000650819
42 66.5463 -13.2588 1.16382 -0.0424117 0.000597453
43 -16.9943 8.02457 -0.833676 0.038635 -0.000597928
44 34.0823 -5.55115 0.483006 -0.0162219 0.00022628
45 -27.1344 10.7015 -1.10371 0.0497097 -0.000774149
46 31.1514 -3.8672 0.25182 -0.0039578 1.71413e-06
47 108.39 -24.1323 2.22508 -0.0878507 0.00131355
48 25.0448 -2.92107 0.203709 -0.00414032 4.25219e-05
49 22.7528 -2.81991 0.207653 -0.00466948 6.28094e-05
50 65.9595 -12.8494 1.09482 -0.0378954 0.000497015
51 130.567 -29.6409 2.70109 -0.104377 0.00149861
52 59.1927 -12.4894 1.18818 -0.047891 0.00075383
53 151.01 -33.2316 2.93011 -0.110101 0.00154602
54 101.471 -22.6196 2.13148 -0.0865214 0.00133208
55 -18.7141 9.39279 -1.03169 0.0494048 -0.00079608
56 150.289 -33.3019 2.94538 -0.110338 0.00152448
57 -2.4375 4.91705 -0.592606 0.0301981 -0.000482703
58 45.1118 -7.74188 0.652844 -0.0220838 0.000295295
59 121.531 -28.3067 2.70149 -0.110594 0.00170255
60 159.493 -35.6167 3.17416 -0.121032 0.00172181
61 116.42 -26.509 2.43218 -0.0936427 0.00133206
62 88.1527 -20.0322 1.94221 -0.0807199 0.00127083
63 61.6185 -10.884 0.875532 -0.0286677 0.000367641
