0 -24.2541 7.08722 -0.600363 0.0265311 -0.000407441
1 22.8472 -5.52413 0.610876 -0.0231714 0.000331074
2 28.7837 -5.64502 0.605634 -0.0232072 0.000338389
3 3.68794 0.00772003 0.11003 -0.00522347 0.000116728
4 11.7117 -0.915099 0.120449 -0.00227496 1.81971e-05
5 -6.49533 1.2631 0.102248 -0.00838276 0.000200566
6 30.1049 -7.7597 0.899582 -0.0386808 0.000618018
7 151.904 -36.8156 3.42901 -0.133937 0.0019268
8 101.434 -23.7288 2.29023 -0.0923347 0.001385
9 83.6426 -18.0364 1.65305 -0.0623381 0.000882126
10 -6.76123 1.66356 0.0348708 -0.0047 0.000134685
11 16.6857 -1.6973 0.119322 0.000303415 -5.1425e-05
12 57.8499 -12.17 1.14875 -0.0431493 0.000607468
13 53.9068 -12.2646 1.15544 -0.0426642 0.000589842
14 -7.50968 3.81496 -0.334571 0.0157132 -0.000229103
15 -0.329051 3.08217 -0.329765 0.0182006 -0.000311934
16 -14.449 4.81703 -0.345341 0.0137475 -0.00018137
17 101.355 -23.7975 2.29522 -0.0931761 0.00141948
18 -1.1691 1.30136 -0.0396595 0.00219831 -2.16838e-05
19 5.4685 0.647728 -0.0397317 0.00415583 -6.84935e-05
20 -1.82233 1.91168 -0.0591588 0.00117144 2.20102e-05
21 -19.4264 6.08928 -0.485573 0.0203945 -0.000295384
22 -58.7651 17.8999 -1.7593 0.0789774 -0.00126155
23 33.5169 -7.65421 0.810777 -0.0325871 0.000496617
24 40.3868 -8.19918 0.810082 -0.031307 0.00047129
25 -18.3851 6.555 -0.597753 0.0275981 -0.000434411
26 7.42329 -0.544885 0.100848 -0.00224919 3.05883e-05
27 -124.009 36.1246 -3.49544 0.148418 -0.00224259
28 50.1171 -10.2393 0.931674 -0.0333042 0.000461726
29 45.7539 -9.66519 0.926672 -0.0346556 0.00049457
30 33.086 -8.27539 0.919517 -0.0383881 0.00059341
31 35.9079 -8.39055 0.913205 -0.0383447 0.000610776
32 255.205 -61.5587 5.66524 -0.221917 0.00319892
33 77.7412 -17.1481 1.65359 -0.0650953 0.000951232
34 176.866 -42.8893 4.07279 -0.164204 0.00244952
35 177.004 -42.8958 4.07736 -0.163994 0.00242907
36 269.503 -66.506 6.32267 -0.256531 0.00382585
37 161.613 -37.2909 3.39387 -0.130169 0.00184616
38 -109.696 32.0723 -3.17775 0.141277 -0.00229081
39 160.203 -39.4124 3.83154 -0.157471 0.00238828
40 144.071 -33.6484 3.16657 -0.126444 0.00187737
41 73.9915 -16.356 1.62904 -0.0668626 0.00102468
42 24.9879 -4.96599 0.551475 -0.0217128 0.000329164
43 33.3173 -5.8405 0.552211 -0.019033 0.000256576
44 167.5 -39.8117 3.72394 -0.147267 0.00215079
45 125.766 -28.4875 2.57387 -0.0971768 0.00135545
46 98.9516 -21.9239 2.03317 -0.078697 0.00113154
47 148.485 -34.4554 3.20993 -0.126837 0.00186345
48 67.5978 -14.5614 1.37088 -0.0526183 0.000758459
49 106.481 -22.9952 2.04082 -0.074942 0.00102022
50 211.171 -51.8294 4.92423 -0.198867 0.00295576
51 64.459 -12.7295 1.13387 -0.0415184 0.000597145
52 12.5331 -0.161628 0.00658578 0.00239118 -4.47208e-05
53 124.716 -29.4203 2.78812 -0.110262 0.00160578
54 93.7811 -21.4736 2.03792 -0.0799137 0.00116434
55 20.0558 -2.46887 0.213626 -0.00426455 1.58427e-05
56 124.052 -28.0462 2.5784 -0.0997263 0.00142826
57 83.347 -17.9974 1.59404 -0.0571407 0.000759262
58 77.1367 -14.8669 1.2811 -0.0452419 0.000607005
59 71.6345 -14.66 1.28583 -0.0454019 0.000597359
60 121.773 -27.7814 2.56242 -0.0993167 0.00143256
61 88.9031 -17.3494 1.41427 -0.0465731 0.000570441
62 83.6342 -19.0313 1.81003 -0.0713624 0.00105506
63 143.106 -31.1174 2.70204 -0.0986862 0.00134668
64 48.6207 -10.2063 1.0174 -0.0410563 0.000637364
65 182.434 -42.0439 3.81499 -0.147321 0.00211011
66 29.9825 -6.12655 0.666257 -0.0271584 0.00042926
67 466.165 -115.485 10.7044 -0.425748 0.00620871
68 205.493 -49.8984 4.76721 -0.194655 0.00293725
69 131.575 -30.0837 2.77487 -0.107794 0.00155527
70 135.444 -30.5118 2.77938 -0.106946 0.00152908
71 109.721 -23.6472 2.13363 -0.0807768 0.00114654
72 122.207 -29.2851 2.84994 -0.116936 0.00177984
73 216.229 -50.4716 4.5482 -0.173674 0.00243612
74 79.3205 -18.2636 1.80323 -0.0735954 0.00111996
75 218.727 -52.6064 4.88235 -0.192711 0.00279537
76 170.906 -38.4649 3.40546 -0.126977 0.00174939
77 85.9183 -18.7941 1.73194 -0.0661398 0.000947123
78 157.204 -37.885 3.6273 -0.147482 0.00221664
79 -10.4434 5.34379 -0.522614 0.0253574 -0.000408083
80 94.7794 -20.1995 1.80426 -0.0673286 0.000947639
81 122.074 -27.9981 2.65036 -0.106407 0.00158986
82 130.757 -29.4247 2.65913 -0.101396 0.00143928
83 155.603 -36.0812 3.32632 -0.130187 0.00188705
84 115.412 -25.6828 2.36488 -0.0919241 0.00133267
85 94.2837 -20.8327 1.93977 -0.0755273 0.00109671
86 167.935 -38.5587 3.48611 -0.133612 0.00189766
87 142.052 -33.0151 3.10369 -0.124117 0.00185232
88 153.582 -34.581 3.11894 -0.118833 0.00167909
89 170.755 -39.5126 3.60304 -0.139853 0.00201885
90 62.6146 -12.9494 1.1923 -0.0446957 0.000648595
91 116.019 -27.0745 2.57883 -0.103539 0.00154844
92 134.461 -29.4013 2.58712 -0.0957035 0.00131636
93 163.157 -38.3428 3.56397 -0.140884 0.00206917
94 175.719 -41.842 3.95904 -0.158894 0.00234665
