0 12.4868 -0.659472 0.0547974 0.00176462 -5.20792e-05
1 -25.9228 6.91201 -0.488191 0.0181249 -0.00023013
2 13.9623 -4.79796 0.695901 -0.0330297 0.000569567
3 77.6954 -18.714 1.82914 -0.072624 0.00107196
4 -43.5438 10.6082 -0.763169 0.0261594 -0.000296777
5 40.5172 -10.1726 1.08629 -0.0447109 0.000693054
6 47.1418 -11.0809 1.09747 -0.0426076 0.000632263
7 -59.3747 15.1208 -1.24848 0.0489164 -0.000688126
8 -9.5714 2.94325 -0.0997346 5.4746e-05 9.21038e-05
9 -2.11373 -0.779376 0.326279 -0.0180464 0.000345399
10 35.8799 -11.0635 1.25638 -0.0529252 0.000807191
11 21.1621 -4.08258 0.477871 -0.0192431 0.000303824
12 15.3502 -3.49098 0.459049 -0.0200437 0.000343739
13 40.3447 -9.47795 1.01216 -0.0417933 0.000642569
14 -30.9807 9.06943 -0.793387 0.0337017 -0.000490379
15 76.1048 -18.9004 1.91409 -0.0793489 0.00121714
16 49.5592 -10.7033 1.005 -0.0364398 0.00049673
17 -88.9822 21.9504 -1.81264 0.0685047 -0.00093236
18 -86.768 24.3139 -2.24756 0.0940215 -0.00141554
19 8.12329 -0.865798 0.121039 -0.00243727 2.91345e-05
20 22.8501 -2.33612 0.139125 0.00101567 -8.54335e-05
21 53.4068 -13.2721 1.33951 -0.0540022 0.000821704
22 -45.1372 14.0812 -1.31573 0.0561109 -0.000839753
23 -53.896 14.6896 -1.30721 0.0548558 -0.000823386
24 49.7742 -12.5971 1.28224 -0.051315 0.000768058
25 1.43695 1.06215 -0.0354839 0.00299385 -4.82627e-05
26 -57.8735 17.0027 -1.60916 0.0707583 -0.00111514
27 12.367 -0.191373 -0.0410977 0.00767263 -0.000178154
28 -4.01079 2.0269 -0.0961264 0.00457572 -5.47572e-05
29 118.14 -27.7 2.58534 -0.100407 0.00144511
30 -53.372 15.8277 -1.50145 0.0652252 -0.000998616
31 37.3299 -7.57 0.774041 -0.0309961 0.000483583
32 -60.009 12.9461 -0.94991 0.0337448 -0.000415197
33 -11.0361 0.230824 0.231238 -0.013015 0.000250422
34 -68.5538 15.8951 -1.33714 0.0540884 -0.000786218
35 -65.4605 15.9741 -1.34747 0.0533488 -0.000745244
36 51.1331 -15.1465 1.59823 -0.0665089 0.00103001
37 51.568 -15.4607 1.61137 -0.0654067 0.000981157
38 -33.1484 6.89546 -0.522721 0.0224245 -0.000343126
39 6.2732 -3.09844 0.477226 -0.0211499 0.000353085
40 16.8153 -4.52373 0.503404 -0.0186346 0.000273537
41 34.7705 -10.5231 1.09282 -0.0420263 0.000599464
42 -41.1029 8.29309 -0.544194 0.0183711 -0.000205534
43 48.9399 -14.6706 1.54063 -0.0626669 0.000938793
44 14.437 -5.55509 0.65616 -0.0258396 0.000382547
45 -17.624 3.48296 -0.252543 0.0137299 -0.000248828
46 -25.6745 4.70766 -0.276765 0.0100121 -0.000114412
47 -50.0774 11.1548 -0.836817 0.0312287 -0.000410834
48 -14.8494 2.16658 -0.0124661 -0.00210117 8.7983e-05
49 -75.9715 17.2442 -1.40848 0.0547202 -0.000766971
50 -2.20237 -0.246988 0.0629565 0.00102724 -4.15094e-05
51 20.8059 -6.30792 0.711294 -0.0279716 0.000413352
52 55.3615 -15.1337 1.45103 -0.0544241 0.000761066
53 17.2279 -5.85489 0.681404 -0.0271704 0.000407147
54 -15.5541 2.85135 -0.149294 0.00705422 -0.00010379
55 19.2217 -7.16502 0.897161 -0.0397481 0.000649805
56 50.4566 -14.2676 1.44768 -0.0576333 0.000849652
57 19.4004 -6.55453 0.806563 -0.035207 0.000574213
58 -49.6893 12.1473 -1.08067 0.0473185 -0.000738833
59 -14.7246 3.26701 -0.209988 0.00970024 -0.000142214
60 29.1601 -8.82728 0.924105 -0.0354791 0.00050349
61 32.1084 -8.59523 0.912266 -0.0362714 0.000545653
62 -12.4572 1.88928 -0.0495077 0.00261857 -3.83051e-05
63 97.0844 -25.8705 2.49026 -0.098367 0.00143787
64 -14.0433 5.43948 -0.506064 0.024464 -0.000396885
65 -41.079 8.52199 -0.527031 0.0164354 -0.000167125
66 56.0171 -14.578 1.55213 -0.0655066 0.00101872
67 -11.9157 0.772919 0.172979 -0.0108843 0.000227403
68 18.4379 -5.91943 0.719391 -0.0299371 0.000460648
69 14.2737 -4.64236 0.696969 -0.0340297 0.000602453
70 -9.71134 2.32541 -0.0653189 0.00150259 1.04116e-05
71 -16.9392 2.80601 -0.0608645 0.000260271 3.81247e-05
72 -42.5498 10.023 -0.715184 0.0243374 -0.000272863
73 29.3529 -8.80835 0.995605 -0.0410566 0.000618296
74 67.4248 -18.5734 1.955 -0.0818672 0.00125208
75 -43.0555 11.1311 -0.933213 0.0382023 -0.000559751
76 14.3974 -3.91175 0.47948 -0.0190688 0.0002944
77 51.2721 -13.3889 1.34318 -0.0527394 0.000768836
78 4.7291 -1.8502 0.296201 -0.0120599 0.00019916
79 -30.5229 7.30618 -0.508576 0.0182217 -0.000219156
80 57.1762 -14.0798 1.39323 -0.0550565 0.000815912
81 -27.775 5.63111 -0.337879 0.0115685 -0.000129977
82 -75.9241 20.5709 -1.93237 0.0836402 -0.00130479
83 -27.3091 6.53246 -0.503553 0.0213002 -0.00031374
84 -28.1016 7.14668 -0.518045 0.0193501 -0.000246111
85 57.4797 -14.6573 1.46399 -0.0578128 0.000844747
86 -59.177 14.8912 -1.2692 0.0516408 -0.000752419
87 -11.1557 2.7974 -0.154198 0.00660443 -8.44499e-05
88 -37.6076 8.8589 -0.640872 0.0228582 -0.000271015
89 -28.8705 7.90012 -0.639089 0.025673 -0.000346966
90 77.8871 -18.2421 1.75042 -0.0682733 0.000984339
91 -21.5763 5.43603 -0.367522 0.0133867 -0.000152795
92 -7.12289 3.90363 -0.356782 0.0179358 -0.00029111
93 45.2777 -10.9562 1.08729 -0.0414901 0.000591624
94 41.3681 -10.4436 1.08114 -0.0433569 0.00065498
