0 92.3516 -20.5178 1.88219 -0.072092 0.00103879
1 55.2397 -12.4339 1.19665 -0.0460209 0.000663453
2 30.5122 -5.62074 0.556542 -0.0209387 0.000309089
3 102.366 -22.4319 2.01335 -0.0754832 0.00105896
4 130.718 -30.5895 2.84443 -0.11163 0.0016201
5 4.49236 2.05116 -0.255353 0.0157143 -0.000286868
6 114.948 -26.3666 2.4613 -0.0972981 0.00143798
7 97.3563 -22.3006 2.12169 -0.0855224 0.00129578
8 -108.814 33.3256 -3.42284 0.153907 -0.00246502
9 64.3875 -13.7268 1.23976 -0.0453435 0.000630027
10 95.4694 -23.0813 2.28216 -0.0949359 0.00146496
11 8.31532 1.01761 -0.208727 0.0162828 -0.000331072
12 -52.4548 17.4392 -1.73687 0.0755463 -0.00113678
13 33.2754 -6.911 0.715314 -0.0292054 0.000464281
14 12.1188 -0.288217 0.0287111 0.00074289 -5.62556e-06
15 13.6304 -0.631748 0.031384 0.00231736 -5.47542e-05
16 79.4086 -17.492 1.63106 -0.0635636 0.000930086
17 22.732 -2.61764 0.194823 -0.00359769 2.10093e-05
18 47.8739 -9.7554 0.935772 -0.0366942 0.000560817
19 127.289 -30.3109 2.89286 -0.116798 0.00174568
20 60.8883 -13.4438 1.32544 -0.0543992 0.000842508
21 -11.0069 5.3734 -0.494788 0.0216639 -0.000308263
22 -14.2064 5.55211 -0.490351 0.021173 -0.000304981
23 7.95323 -0.194919 0.0756466 -0.00336966 8.85308e-05
24 46.0816 -10.5174 1.10881 -0.0473237 0.000757806
25 52.6194 -7.95106 0.526807 -0.0105393 2.88327e-05
26 22.2062 -4.06449 0.441231 -0.0180458 0.000300459
27 75.386 -14.9365 1.29384 -0.0464459 0.000629705
28 53.9326 -9.79041 0.80716 -0.0256252 0.000299685
29 15.6752 -2.38791 0.26654 -0.00937378 0.000140257
30 -12.7133 5.44064 -0.500239 0.0225606 -0.00034217
31 43.5874 -8.95688 0.882172 -0.0349655 0.000526589
32 77.1241 -16.7908 1.59023 -0.0636838 0.000970077
33 72.3326 -16.3876 1.59494 -0.0653062 0.00101321
34 210.813 -48.9627 4.41598 -0.169906 0.0024126
35 -49.6148 18.1989 -1.95527 0.0910446 -0.00147152
36 -9.45313 5.71795 -0.592949 0.0283749 -0.000454439
37 120.793 -27.9101 2.62196 -0.104955 0.00156939
38 165.836 -37.4948 3.33503 -0.125729 0.00175109
39 18.7714 -0.749845 -0.0173246 0.00556774 -0.00011087
40 22.3913 -3.1557 0.288157 -0.00954783 0.000146731
41 174.441 -39.486 3.52068 -0.133389 0.00186526
42 27.2498 -3.36438 0.255264 -0.00650574 8.18477e-05
43 99.1559 -20.42 1.74991 -0.0628151 0.000850941
44 99.8503 -20.7361 1.7623 -0.0620338 0.000812408
45 4.44651 2.79962 -0.336605 0.0177553 -0.000277828
46 41.8598 -9.21218 0.981846 -0.042993 0.000714506
47 78.3113 -15.8852 1.39648 -0.0517641 0.000741321
48 -34.9073 13.3201 -1.40446 0.0647375 -0.00102934
49 63.7548 -12.2623 1.04139 -0.0362629 0.000486574
50 6.08149 5.62649 -0.93023 0.0567383 -0.00108887
51 27.0649 -3.19801 0.207322 -0.00294597 8.30908e-07
52 44.3227 -5.02276 0.17994 0.00591493 -0.000239805
53 -4.03342 8.36632 -1.19174 0.0672862 -0.00125435
54 112.164 -25.0389 2.30497 -0.0909258 0.00135235
55 178.277 -40.937 3.71423 -0.144464 0.00209726
56 261.85 -62.6632 5.79104 -0.230282 0.0033809
57 220.535 -50.7436 4.53873 -0.173601 0.00245803
58 71.3185 -13.4754 1.1431 -0.0410901 0.00058356
59 229.712 -54.5574 5.05293 -0.201859 0.00298783
60 89.7996 -18.3557 1.55693 -0.0546084 0.000720499
61 55.6094 -10.0846 0.833353 -0.0275905 0.000354412
62 89.245 -17.9706 1.56042 -0.0574102 0.000804626
63 183.445 -41.7723 3.75269 -0.144465 0.00206982
64 231.881 -55.1228 5.09053 -0.201952 0.00296301
65 195.592 -44.8796 4.00356 -0.151761 0.00213203
66 152.781 -33.8424 2.99307 -0.112459 0.00157761
67 66.872 -12.4511 1.01627 -0.0330023 0.000401881
68 212.771 -50.3781 4.61625 -0.180559 0.00260635
69 40.3983 -7.20689 0.656623 -0.0243987 0.000364834
70 71.7288 -13.0117 1.02667 -0.0319356 0.000362766
71 153.944 -34.8386 3.15328 -0.122044 0.00176082
72 330.456 -82.4487 7.86146 -0.321112 0.00480307
73 220.403 -51.1329 4.5721 -0.173596 0.00242386
74 72.2229 -11.743 0.778421 -0.0171849 9.37086e-05
75 -34.4908 13.1605 -1.36126 0.0614449 -0.000950238
76 186.342 -43.0446 3.90193 -0.150927 0.00215766
77 118.389 -26.7614 2.45127 -0.0949789 0.00137031
78 146.361 -33.0154 2.99168 -0.115748 0.00166807
79 248.557 -58.371 5.28563 -0.204686 0.00292341
80 74.1231 -13.8609 1.09803 -0.0342372 0.000388878
81 104.393 -22.3353 1.97561 -0.0737904 0.00104274
82 -14.1621 9.2056 -1.08032 0.0532651 -0.00086908
83 139.803 -30.7899 2.74042 -0.104193 0.00148654
84 56.8966 -10.9603 0.968736 -0.035655 0.000517308
85 97.0346 -21.4658 1.99352 -0.0785112 0.00116715
86 203.592 -46.3018 4.1188 -0.156618 0.00221258
87 27.5131 -2.84974 0.180276 -0.00287331 2.39978e-05
88 175.805 -40.9734 3.79025 -0.150904 0.00223228
89 204.475 -46.1378 4.05104 -0.151219 0.00208789
90 -39.4389 15.6965 -1.71365 0.0804977 -0.00130683
91 175.12 -39.7443 3.54672 -0.134701 0.00189401
92 134.56 -30.6019 2.77894 -0.107152 0.00154016
93 212.055 -50.1755 4.62746 -0.182722 0.00266383
94 131.875 -29.4343 2.651 -0.101534 0.00144903
95 78.0021 -14.432 1.13117 -0.0353475 0.000411619
