0 73.6794 -16.3216 1.53922 -0.0584265 0.000836872
1 73.429 -16.3388 1.53855 -0.0584381 0.000837342
2 81.1817 -17.6642 1.5534 -0.0542508 0.000705183
3 48.0721 -13.4701 1.52159 -0.0665175 0.00107378
4 124.205 -29.7084 2.81484 -0.111045 0.00162649
5 121.051 -29.387 2.81648 -0.111874 0.00164577
6 17.001 -3.95422 0.496749 -0.0202536 0.000322813
7 25.6781 -4.84303 0.507679 -0.0178479 0.000242689
8 -82.6244 21.8631 -1.91966 0.0781253 -0.00115017
9 85.0854 -22.1589 2.21533 -0.0892537 0.00132215
10 106.187 -24.1465 2.20633 -0.0831578 0.00117686
11 87.7385 -21.6816 2.1815 -0.0894174 0.00135257
12 45.1216 -10.8707 1.19138 -0.0513796 0.000837244
13 51.0344 -12.0127 1.21246 -0.0478881 0.0007146
14 83.5055 -19.1553 1.813 -0.0701204 0.00101757
15 42.8994 -8.76792 0.825411 -0.028446 0.000364801
16 93.9194 -21.4525 2.0452 -0.0810859 0.00121264
17 -21.9327 6.77837 -0.49577 0.0191997 -0.000251675
18 -9.77593 4.82024 -0.468903 0.0239843 -0.000397968
19 -2.03281 -0.216572 0.196056 -0.00948664 0.000180081
20 -15.9174 4.6273 -0.281266 0.0101092 -0.000116093
21 -92.1347 23.751 -2.03999 0.0801392 -0.00113217
22 20.1569 -3.32067 0.355288 -0.011781 0.000162833
23 -53.9646 14.1586 -1.15893 0.0452581 -0.000629667
24 58.8371 -14.3706 1.44995 -0.0579111 0.00086569
25 49.3623 -10.4757 0.98967 -0.0360956 0.000503618
26 80.9954 -19.3467 1.91535 -0.0774984 0.00116951
27 6.54273 1.05691 -0.0864293 0.00607727 -8.83235e-05
28 102.48 -23.753 2.26023 -0.0896647 0.00134091
29 -23.5723 7.38362 -0.628638 0.0274468 -0.000409963
30 -42.1317 12.5983 -1.18669 0.0524739 -0.00080351
31 19.3395 -2.7847 0.268025 -0.00617149 3.63818e-05
32 197.895 -50.2242 4.88387 -0.201526 0.00307477
33 277.251 -67.8733 6.30284 -0.248396 0.00359116
34 3.25617 0.168877 0.123328 -0.00634374 0.000133314
35 1.3397 0.141899 0.130346 -0.00595936 0.000115565
36 153.031 -35.8635 3.29629 -0.126491 0.00178846
37 41.7162 -10.0838 1.13789 -0.0495466 0.0008053
38 122.495 -31.7751 3.22386 -0.136613 0.00213769
39 25.8354 -4.752 0.521 -0.0202386 0.000313294
40 -45.9477 13.8909 -1.30164 0.057051 -0.000878604
41 97.5004 -21.5385 1.98936 -0.0756623 0.00106972
42 40.3805 -8.5759 0.888642 -0.0360717 0.000567674
43 -85.1696 23.5957 -2.14472 0.0889952 -0.00132331
44 297.753 -73.861 6.95825 -0.279294 0.00412098
45 40.8886 -9.80989 0.978757 -0.0366983 0.000519153
46 57.2929 -11.2832 0.983135 -0.0330157 0.000417223
47 9.20034 -0.151798 0.0162656 0.00341074 -8.17204e-05
48 44.936 -9.69163 0.939761 -0.0345821 0.000479902
49 39.8912 -8.91317 0.923841 -0.0366634 0.000557204
50 95.7411 -21.2114 1.96171 -0.0751099 0.00108167
51 47.6891 -9.63749 0.86864 -0.0294341 0.000373594
52 -28.7061 9.20555 -0.805754 0.0340315 -0.000489783
53 -9.62212 3.01778 -0.113183 0.0027283 2.49124e-06
54 85.9746 -20.3121 1.96277 -0.0773334 0.00113571
55 96.2924 -21.7035 1.97418 -0.0737837 0.00104023
56 44.727 -9.61259 0.963565 -0.0374497 0.000551761
57 156.982 -38.0212 3.58876 -0.142584 0.00210115
58 -43.2792 11.4758 -0.910232 0.0344321 -0.000447181
59 107.656 -24.5289 2.29443 -0.0896949 0.00131954
60 74.6342 -16.5727 1.55698 -0.0597532 0.000868137
61 43.7862 -8.77373 0.854168 -0.032703 0.000489764
62 80.3304 -17.8712 1.6686 -0.0637715 0.000916695
63 71.0822 -16.6285 1.65985 -0.0675318 0.0010253
64 30.6059 -6.33988 0.691179 -0.0262711 0.000370872
65 159.04 -36.5874 3.32042 -0.12666 0.00179792
66 153.072 -35.8167 3.3204 -0.128888 0.00185132
67 235.871 -57.9665 5.48463 -0.219805 0.00323894
68 75.6881 -16.7121 1.59494 -0.061487 0.000892991
69 178.608 -42.8844 4.00129 -0.157971 0.00232155
70 82.2855 -17.8711 1.63942 -0.0606568 0.000841272
71 213.264 -54.7554 5.41831 -0.224866 0.00341184
72 252.363 -63.2759 6.06753 -0.246376 0.00366662
73 293.817 -72.4964 6.76685 -0.268028 0.00390024
74 100.21 -23.4999 2.29302 -0.0917376 0.00136008
75 211.354 -50.0851 4.5778 -0.177207 0.00254175
76 196.581 -48.3505 4.63814 -0.187735 0.002798
77 59.1253 -11.8267 1.09613 -0.0399258 0.000554755
78 -101.551 26.8815 -2.24998 0.0853101 -0.00116661
79 41.6123 -8.38245 0.857257 -0.0336985 0.000513225
80 53.5043 -10.2985 0.886358 -0.0286242 0.00034741
81 181.604 -43.8994 4.11043 -0.161753 0.00234556
82 52.5195 -10.0789 0.92756 -0.033119 0.000452464
83 308.574 -76.3996 7.20218 -0.289664 0.00428546
84 283.453 -67.9052 6.18591 -0.240001 0.00343547
85 290.682 -71.3447 6.6359 -0.261947 0.00379681
86 335.939 -81.8923 7.50578 -0.291597 0.00414016
87 118.922 -27.0028 2.48872 -0.0951968 0.00135912
88 73.8758 -17.4466 1.72677 -0.0687462 0.00101546
89 211.559 -51.5882 4.84433 -0.191009 0.00275942
90 40.7257 -7.28674 0.676816 -0.0224992 0.000285636
91 184.779 -43.73 4.05394 -0.158188 0.00227521
92 143.607 -34.0472 3.23411 -0.128658 0.00189413
93 239.458 -57.437 5.28057 -0.204667 0.00290287
94 278.376 -70.1396 6.77266 -0.279643 0.00426012
