0 11.6984 -4.3511 0.677762 -0.0328843 0.000579568
1 -84.1044 19.1416 -1.51205 0.0561656 -0.000748313
2 0.809203 -0.305429 0.136511 -0.00449136 6.58787e-05
3 -42.3932 10.2364 -0.818041 0.0326124 -0.000454631
4 -15.3314 2.14089 0.0240134 -0.00369748 9.44702e-05
5 53.1271 -14.0451 1.4701 -0.060418 0.000920218
6 33.4243 -8.48285 0.936462 -0.0389483 0.000609826
7 61.4754 -16.8434 1.81791 -0.0784476 0.00125221
8 23.4076 -6.36742 0.686623 -0.0258571 0.000372187
9 -17.8526 4.13122 -0.21054 0.00702168 -7.36833e-05
10 -10.5365 2.90801 -0.189516 0.00953709 -0.000147025
11 -55.1083 13.4219 -1.04751 0.039239 -0.000520265
12 -1.7867 0.793947 -0.00783702 0.00300673 -6.89045e-05
13 102.787 -25.7696 2.50624 -0.100414 0.00149013
14 52.8434 -11.804 1.14896 -0.0451146 0.000683203
15 41.8181 -11.1281 1.15064 -0.0458615 0.000689381
16 -35.6043 10.1543 -0.867179 0.035284 -0.000490142
17 -43.2961 10.6073 -0.855912 0.0347991 -0.000503365
18 29.8612 -7.10867 0.777248 -0.031574 0.000495514
19 36.8121 -8.04868 0.789535 -0.0290511 0.000411697
20 -94.468 23.4812 -2.02724 0.0805149 -0.00115632
21 -68.6349 20.1465 -2.00108 0.0910808 -0.00148452
22 16.8687 -5.1004 0.685837 -0.0319305 0.000559881
23 37.4895 -7.95427 0.732114 -0.0249959 0.000331498
24 23.9428 -6.0776 0.719332 -0.0305583 0.000490186
25 -16.8347 3.24025 -0.107929 0.00159641 2.92788e-05
26 -48.7445 11.4206 -0.892587 0.0339909 -0.000448214
27 -32.3813 9.69587 -0.886761 0.0392171 -0.00060032
28 55.0662 -12.1191 1.10052 -0.0395186 0.000545766
29 46.0032 -10.8967 1.09657 -0.0430266 0.000636809
30 -40.1613 12.6406 -1.20379 0.0532311 -0.000826113
31 -19.3332 5.90473 -0.501239 0.022694 -0.000348771
32 141.447 -33.6812 3.24456 -0.130663 0.00193517
33 -80.1998 24.52 -2.27315 0.094281 -0.00140043
34 -113.058 28.7756 -2.29553 0.0814703 -0.00102824
35 -84.0506 25.5373 -2.28936 0.0899044 -0.00124181
36 -70.3576 20.826 -1.80593 0.0704983 -0.000979573
37 -62.9646 20.4056 -1.81068 0.0714131 -0.000996336
38 -62.3517 19.8402 -1.80156 0.0734689 -0.00106955
39 379.081 -94.0245 8.82556 -0.354526 0.00523118
40 185.951 -45.3553 4.34727 -0.175943 0.0026201
41 104.397 -26.7639 2.83599 -0.123838 0.00197731
42 -141.804 38.8157 -3.42854 0.131469 -0.0017825
43 333.683 -85.9392 8.45024 -0.35611 0.00551438
44 16.359 -3.58444 0.558363 -0.0249133 0.000381909
45 15.1758 -2.42535 0.514244 -0.029605 0.00059477
46 54.8095 -7.25141 0.516749 -0.0136997 0.000147397
47 274.794 -67.4025 6.33259 -0.252528 0.00368758
48 379.787 -79.0938 6.37297 -0.22208 0.00287698
49 402.969 -81.5266 6.38208 -0.216292 0.00272653
50 269.543 -65.1438 6.04161 -0.238782 0.00346763
51 -87.0918 26.2222 -2.45055 0.102687 -0.00155178
52 -95.9655 27.3813 -2.45355 0.0991878 -0.00146092
53 361.229 -89.3441 8.36328 -0.333663 0.00486483
54 -26.7807 9.23102 -0.681928 0.0230217 -0.000249364
55 250.001 -59.2654 5.38699 -0.207665 0.00293562
56 -73.3394 22.3688 -2.01295 0.0803479 -0.0011389
57 476.109 -116.94 10.7152 -0.418961 0.00598461
58 133.985 -31.5169 3.04762 -0.124898 0.00190918
59 -7.17758 6.5409 -0.679134 0.0333967 -0.000555332
60 -62.7542 17.283 -1.32038 0.0447212 -0.000515598
61 5.6699 3.36035 -0.412549 0.0232621 -0.0004039
62 37.5599 -6.81095 0.722824 -0.0298934 0.000484974
63 48.9352 -8.08638 0.733905 -0.0265806 0.000382676
64 78.5129 -17.5114 1.68927 -0.0671207 0.000999231
65 35.2775 -7.49261 0.802935 -0.0327345 0.000506763
66 -24.7965 8.96028 -0.858975 0.0394768 -0.000630717
67 99.7303 -21.0294 1.84089 -0.066967 0.000920481
68 162.283 -39.8042 3.83751 -0.157083 0.00238478
69 92.468 -19.054 1.66604 -0.060476 0.00083019
70 34.8522 -5.03902 0.377357 -0.00884325 7.86947e-05
71 183.403 -43.793 4.09174 -0.161387 0.00233505
72 45.3622 -8.35706 0.753923 -0.026261 0.000353815
73 48.2236 -8.75087 0.754727 -0.0253098 0.000330139
74 30.4182 -4.48736 0.368112 -0.0090478 6.4108e-05
75 53.6505 -10.7535 0.98661 -0.0357583 0.000493776
76 166.434 -41.6826 4.10541 -0.172387 0.00268586
77 110.74 -25.7764 2.44835 -0.0980741 0.00146905
78 106.239 -22.8785 2.03789 -0.0759291 0.0010633
79 51.6718 -8.37635 0.618707 -0.0156259 0.00012296
80 68.6064 -14.6565 1.35688 -0.0509852 0.000715154
81 62.6313 -13.9694 1.34562 -0.0528793 0.000783006
82 62.6822 -14.1107 1.35245 -0.0521549 0.000754922
83 72.3216 -15.1239 1.36172 -0.0495293 0.000674051
84 73.6014 -15.161 1.35209 -0.0498935 0.000707834
85 1.76196 4.23184 -0.548821 0.031387 -0.00056772
86 0.785809 4.36781 -0.552122 0.0309734 -0.000554182
87 -81.4769 24.1012 -2.29989 0.0976513 -0.00147332
88 -30.3202 11.9933 -1.24454 0.058038 -0.000937381
89 111.876 -24.5254 2.22255 -0.0839717 0.00117666
90 118.644 -25.8763 2.25088 -0.0805246 0.00105423
91 47.0938 -9.54215 0.892129 -0.0331247 0.000477144
92 146.495 -35.1716 3.33759 -0.13435 0.0020107
93 115.78 -26.1949 2.41813 -0.0936283 0.00135173
94 60.3363 -11.7393 1.06609 -0.0396739 0.000573034
