0 109.764 -26.2635 2.51714 -0.0994074 0.00145309
1 201.193 -49.8619 4.71287 -0.187717 0.00274579
2 67.4824 -15.1092 1.47939 -0.0576018 0.000831964
3 68.3325 -15.5075 1.48283 -0.0562069 0.000796869
4 115.838 -28.334 2.75439 -0.110782 0.00164701
5 44.9205 -9.25575 0.886176 -0.0329544 0.000484982
6 39.1825 -8.25308 0.880498 -0.0360521 0.000562063
7 96.8391 -22.6046 2.14937 -0.083957 0.00122086
8 73.3203 -15.633 1.43023 -0.0530378 0.000750561
9 105.731 -24.8507 2.35134 -0.0922463 0.0013469
10 20.9348 -1.63882 0.0435089 0.00670713 -0.000198619
11 58.7867 -15.1541 1.69826 -0.0752001 0.00122071
12 114.333 -27.3967 2.62851 -0.104798 0.00154736
13 38.0985 -7.60528 0.752587 -0.0278483 0.000400344
14 155.52 -37.3434 3.53396 -0.14099 0.00208197
15 6.55498 -2.09972 0.448469 -0.0236951 0.000448596
16 18.5322 -3.58931 0.455978 -0.0194374 0.000328751
17 40.3719 -6.25256 0.509811 -0.014044 0.000141462
18 -16.2229 5.40861 -0.427829 0.0186285 -0.000272428
19 67.2158 -15.12 1.48103 -0.0588559 0.000879531
20 98.2521 -22.2606 2.06277 -0.0783317 0.00110317
21 110.898 -23.9667 2.08671 -0.0743406 0.000976338
22 132.383 -30.7237 2.84603 -0.110697 0.00160356
23 129.504 -30.394 2.84494 -0.111574 0.00162879
24 4.47013 0.195004 0.129279 -0.00670977 0.000134446
25 26.1204 -5.45538 0.622869 -0.0255364 0.000402942
26 231.358 -57.9004 5.56823 -0.228251 0.00345612
27 -7.50427 3.93902 -0.337002 0.0167783 -0.000271393
28 59.3856 -11.7809 1.04325 -0.0361562 0.000474653
29 115.927 -25.7315 2.32344 -0.0874283 0.00123058
30 -31.0822 11.0339 -1.08479 0.0494795 -0.000780217
31 23.1846 -4.32958 0.506096 -0.0206825 0.000329171
32 188.06 -44.2662 4.0451 -0.155145 0.00218809
33 42.2829 -8.34826 0.809811 -0.0297281 0.000420902
34 112.704 -25.2906 2.28643 -0.0853902 0.00119555
35 100.612 -23.691 2.27074 -0.0902086 0.00133591
36 146.957 -34.7212 3.27714 -0.13054 0.00193745
37 197.837 -49.2003 4.7197 -0.191371 0.00285733
38 48.7185 -8.8116 0.712358 -0.0204183 0.000210048
39 110.963 -26.4277 2.5284 -0.0993269 0.00143623
40 28.5219 -4.76 0.453228 -0.0142101 0.000165378
41 523.788 -128.851 11.7361 -0.455813 0.00647146
42 23.0166 -3.40229 0.416627 -0.0177195 0.000301704
43 134.352 -31.471 2.94692 -0.115466 0.00167848
44 8.27893 -0.721932 0.184317 -0.00769408 0.000136442
45 142.91 -34.5081 3.28218 -0.131058 0.00193534
46 177.391 -42.0129 3.92759 -0.155582 0.00228336
47 188.513 -43.6234 3.9539 -0.152009 0.00216901
48 1.0963 2.81825 -0.278298 0.0153091 -0.000257065
49 159.76 -37.9729 3.54698 -0.13894 0.00200447
50 47.3868 -9.86269 0.965009 -0.0365254 0.000527859
51 142.885 -33.9512 3.18776 -0.12568 0.00183977
52 309.821 -74.1318 6.72895 -0.260411 0.00370499
53 185.936 -44.1564 4.09788 -0.161053 0.00234118
54 31.9304 -4.3815 0.379231 -0.0116746 0.000158375
55 189.938 -45.6845 4.22591 -0.164536 0.00236432
56 87.996 -20.3993 1.97116 -0.0783188 0.00115698
57 69.3621 -15.2083 1.42042 -0.0532283 0.000748723
58 117.513 -28.4989 2.72696 -0.108181 0.00158192
59 176.357 -41.102 3.75055 -0.144646 0.00207115
60 52.177 -10.9804 1.06772 -0.0410618 0.000602318
61 36.7009 -9.05308 1.05971 -0.0469795 0.000770283
62 132.43 -30.897 2.94257 -0.117536 0.00173457
63 50.7676 -11.415 1.15993 -0.0471269 0.000725209
64 173.33 -42.2863 4.03037 -0.162221 0.00240311
65 33.3687 -7.32866 0.761293 -0.0300845 0.000464034
66 27.1737 -6.55152 0.76294 -0.0317741 0.000492434
67 68.4415 -16.7705 1.67298 -0.0671513 0.00099997
68 73.3793 -17.1182 1.67426 -0.0660172 0.000965374
69 69.0215 -16.4575 1.66084 -0.0679243 0.00103417
70 185.05 -45.5797 4.36484 -0.177009 0.00264648
71 27.3822 -7.35493 0.862415 -0.0370291 0.000591359
72 46.3294 -13.225 1.52136 -0.068645 0.00113751
73 71.8328 -16.2909 1.54678 -0.0597507 0.000868346
74 -9.22927 2.59828 -0.10287 0.00340635 -2.33153e-05
75 93.2846 -20.8203 1.95377 -0.0765671 0.00113098
76 -37.4218 10.006 -0.839874 0.0349633 -0.00051367
77 -36.8199 10.3121 -0.852716 0.0335702 -0.000450111
78 -10.5756 3.97456 -0.330733 0.0156726 -0.000234145
79 37.4079 -5.47428 0.402647 -0.00874798 5.00218e-05
80 -24.0235 5.67102 -0.29853 0.00745046 -3.30161e-05
81 85.234 -19.3912 1.7894 -0.0670072 0.000931475
82 31.406 -5.77041 0.565986 -0.0202029 0.000285021
83 -21.2148 7.79055 -0.740012 0.0342405 -0.000542584
84 44.2524 -9.97553 0.975898 -0.037148 0.000539602
85 45.12 -9.7645 0.974438 -0.0376755 0.00054844
86 51.2297 -10.3975 0.97766 -0.0361834 0.000513608
87 72.5933 -16.1718 1.52548 -0.0585388 0.000849075
88 10.1467 -1.12408 0.174322 -0.00581935 9.28116e-05
89 46.5083 -10.7183 1.12363 -0.0463936 0.000721332
90 -6.73944 2.54799 -0.136032 0.00561975 -6.14683e-05
91 25.2031 -4.84749 0.541629 -0.0215094 0.000332525
92 34.499 -5.86828 0.545623 -0.0186969 0.000255671
93 61.4467 -14.3943 1.41198 -0.0555629 0.000824244
94 63.966 -14.6482 1.41354 -0.0548284 0.000799102
