0 111.479 -84.1196 24.9945 -2.89014 0.116154
1 108.046 -84.3557 25.0006 -2.88337 0.117948
2 106.65 -84.5456 24.9748 -2.88688 0.11747
3 853.273 -271.866 22.9981 0.458725 -0.0846591
4 852.806 -271.912 22.995 0.458826 -0.0845625
5 854.863 -271.757 22.9956 0.455765 -0.0854365
6 848.746 -272.292 22.9864 0.46728 -0.0814151
7 851.977 -272.033 22.9862 0.460707 -0.0834491
8 802.075 -267.83 24.0655 0.52219 -0.105247
9 839.425 -271.06 23.3453 0.48772 -0.0926086
10 729.18 -263.951 25.6874 0.671486 -0.140311
11 728.624 -264.026 25.6771 0.670086 -0.140501
12 766.81 -267.336 24.9327 0.637013 -0.125584
13 727.754 -264.606 25.8342 0.705886 -0.144939
14 734.184 -264.125 25.8303 0.693919 -0.148343
15 729.535 -264.414 25.8458 0.704306 -0.145746
16 732.821 -264.26 25.8258 0.696069 -0.147583
17 708.486 -264.219 26.3489 0.786663 -0.160589
18 706.351 -263.939 26.431 0.792385 -0.162967
19 706.462 -263.924 26.433 0.792664 -0.162929
20 709.143 -263.773 26.4209 0.786335 -0.164432
21 707.825 -263.849 26.4259 0.789116 -0.163773
22 708.605 -263.743 26.4403 0.791076 -0.163506
23 708.546 -263.752 26.4388 0.790849 -0.163542
24 894.256 -282.678 22.9318 0.669453 -0.098798
25 894.071 -282.707 22.9273 0.668741 -0.0989097
26 894.729 -282.655 22.9273 0.667464 -0.0992996
27 890.88 -282.978 22.9257 0.675661 -0.096585
28 842.687 -281.063 24.0203 0.802676 -0.123191
29 849.799 -280.632 24.0044 0.790582 -0.126117
30 848.553 -280.717 24.0081 0.793636 -0.125301
31 853.389 -280.409 23.9994 0.785485 -0.127332
64 763.117 -276.435 25.8971 0.968712 -0.163999
65 605.652 -235.676 28.2784 -0.347802 -0.0749924
66 608.507 -235.635 28.2416 -0.353413 -0.0741883
67 619.596 -236.488 27.955 -0.378769 -0.0695629
68 586.621 -232.758 28.7317 -0.34713 -0.0865422
69 604.707 -234.29 28.2833 -0.37964 -0.0763422
70 590.072 -233.419 28.6973 -0.337783 -0.087393
71 590.541 -233.415 28.6878 -0.340706 -0.0880375
72 601.214 -234.193 28.3362 -0.374779 -0.0751764
73 614.53 -234.839 28.0183 -0.409734 -0.0697148
74 590.51 -232.972 28.5938 -0.367992 -0.0800621
75 590.996 -232.889 28.6076 -0.365751 -0.0797119
76 618.182 -234.926 28.0244 -0.410315 -0.0710705
77 606.861 -235.06 28.2197 -0.374385 -0.074555
78 616.66 -235.271 28.0939 -0.385061 -0.0726811
79 604.35 -234.916 28.3246 -0.361012 -0.0761093
80 630.971 -237.017 27.574 -0.424136 -0.0575345
81 621.244 -236.27 27.8379 -0.401693 -0.0640253
82 825.779 -251.634 23.6587 -0.678563 0.0176695
83 649.641 -246.938 27.9682 -0.104704 -0.0913137
84 656.017 -246.987 27.856 -0.117833 -0.0877559
85 612.328 -244.031 29.0476 -0.0175708 -0.11785
86 668.348 -248.983 27.5844 -0.120464 -0.0821773
87 685.844 -250.514 27.1109 -0.155318 -0.0697752
88 685.25 -250.475 27.1439 -0.145017 -0.0672567
89 689.762 -250.325 27.0879 -0.164896 -0.0718969
90 641.362 -248.422 28.4113 0.00436678 -0.106456
91 672.875 -249.996 27.4019 -0.110783 -0.0768801
92 609.253 -244.047 29.1291 0.0135078 -0.122902
93 654.257 -246.452 27.7671 -0.148802 -0.0829549
94 662.635 -246.963 27.5633 -0.166843 -0.0786533
