0 431.38 -229.75 54.2874 -6.06844 0.269326
1 431.838 -229.741 54.2752 -6.07305 0.268106
2 428.829 -230.059 54.265 -6.06526 0.27138
3 432.298 -229.614 54.3055 -6.06648 0.269382
4 434.096 -229.281 54.3674 -6.05501 0.271508
5 434.338 -230.215 54.1689 -6.07613 0.272374
6 409.05 -227.273 55.05 -6.01938 0.248932
7 409.385 -227.416 55.028 -6.01549 0.251982
8 409.614 -227.451 55.0077 -6.02158 0.250497
9 412.359 -227.18 55.0101 -6.03045 0.247129
10 416.064 -228.802 54.7365 -6.03477 0.256273
11 414.872 -228.901 54.7389 -6.03102 0.257447
12 415.921 -228.707 54.775 -6.02433 0.258689
13 421.966 -228.381 54.7398 -6.04162 0.254385
14 418.319 -228.76 54.7256 -6.03434 0.257361
15 420.085 -228.518 54.7548 -6.03161 0.257444
16 414.597 -228.975 54.7376 -6.02694 0.259161
17 415.375 -228.619 54.7879 -6.02732 0.256711
18 418.596 -228.317 54.796 -6.033 0.254682
19 412.85 -227.356 55.0292 -6.02053 0.247989
20 406.812 -227.951 55.0049 -6.01204 0.25136
21 406.422 -227.988 55.0041 -6.01121 0.25166
22 409.392 -227.659 55.0232 -6.01512 0.249699
23 421 -227.385 54.9181 -6.03048 0.251167
24 420.948 -227.509 54.8823 -6.03839 0.249614
25 415.275 -228.047 54.8684 -6.02768 0.253477
26 418.705 -227.673 54.8929 -6.03025 0.25196
27 433.429 -230.515 54.4194 -6.04095 0.26402
28 384.446 -227.504 55.9222 -5.88347 0.223201
29 390.505 -226.853 55.9578 -5.89115 0.219558
30 389.36 -227.112 55.905 -5.90129 0.217705
31 414.272 -230.134 55.4313 -5.90241 0.232129
32 410.42 -230.738 55.3364 -5.91729 0.229793
34 409.844 -230.845 55.3166 -5.92097 0.229112
38 409.844 -230.845 55.3166 -5.92097 0.229112
40 411.904 -230.565 55.3547 -5.91579 0.229816
43 411.904 -230.565 55.3547 -5.91579 0.229816
45 411.904 -230.565 55.3547 -5.91579 0.229816
48 410.975 -230.711 55.3318 -5.91938 0.229253
51 411.147 -230.684 55.3361 -5.91871 0.229357
52 411.147 -230.684 55.3361 -5.91871 0.229357
53 411.084 -230.694 55.3345 -5.91896 0.229319
55 396.431 -231.725 55.3581 -5.88961 0.237243
57 395.669 -231.829 55.344 -5.89153 0.236983
58 396.619 -231.68 55.3674 -5.88786 0.237559
59 396.305 -231.729 55.3597 -5.88907 0.237368
60 396.065 -231.767 55.3538 -5.89 0.237222
61 396.956 -231.694 55.3548 -5.89135 0.236802
63 397.105 -231.671 55.3585 -5.89077 0.236893
