0 295.938 -120.174 20.3064 -1.47001 0.0396447
1 266.264 -110.84 20.1582 -1.62941 0.0506334
2 310.118 -123.44 19.8459 -1.34475 0.03322
3 150.151 -71.7839 20.541 -2.8523 0.149456
4 287.685 -130.162 25.5948 -2.23395 0.0739084
5 169.108 -94.0086 26.2306 -3.24725 0.148878
6 301.269 -134.467 25.9155 -2.24534 0.0748663
7 375.916 -154.552 25.2588 -1.75211 0.0451268
8 280.939 -127.676 26.0474 -2.43306 0.0893648
9 423.424 -167.41 25.2951 -1.4817 0.0253148
10 264.973 -121.614 24.8507 -2.27483 0.079818
11 478.151 -191.206 27.4016 -1.32994 0.00477243
12 439.785 -178.536 27.3049 -1.62349 0.0272732
13 791.527 -386.835 72.9886 -6.01874 0.184204
14 788.598 -386.616 73.0821 -6.00734 0.183158
15 1971.28 -1050.56 209.538 -18.1741 0.580002
16 1993.7 -1051.68 209.067 -18.2169 0.590385
17 1676.33 -961.108 211.402 -20.6774 0.760529
18 946.025 -469.568 89.1062 -7.37292 0.226172
19 692.102 -393.313 89.3396 -9.02282 0.342604
20 760.339 -412.894 89.033 -8.58187 0.312517
21 875.293 -447.38 88.5219 -7.6986 0.249901
22 1027.39 -488.659 87.2771 -6.6638 0.184484
23 978.17 -473.041 86.6184 -6.87422 0.20123
24 711.253 -395.166 86.9812 -8.50281 0.312145
25 843.733 -433.676 86.4611 -7.58228 0.248354
26 833.019 -432.404 86.7952 -7.56522 0.24074
27 305.635 -122.799 20.6335 -1.53042 0.0444065
28 426.384 -160.446 20.1052 -0.499481 -0.0320877
29 -442.522 274.474 -56.473 4.96401 -0.155832
30 -554.209 307.416 -55.2523 3.85648 -0.0738147
31 -386.17 254.895 -55.452 5.18606 -0.17558
32 -354.201 252.305 -56.0309 5.15239 -0.167087
33 452.066 -179.827 27.4394 -1.75242 0.0408515
34 510.806 -183.452 26.5948 -1.79232 0.0496937
35 351.808 -151.436 27.3561 -2.25187 0.0724161
36 622.628 -222.456 28.8136 -1.47786 0.0250347
37 595.124 -221.826 29.3692 -1.40615 0.013159
38 642.804 -226.414 28.7761 -1.41236 0.0203215
39 614.531 -225.529 29.2778 -1.36666 0.0130956
40 674.578 -230.483 28.4507 -1.3954 0.0226097
41 608.896 -227.68 29.6997 -1.28041 -0.000389357
42 -762.49 104.685 39.7209 -8.48322 0.430646
43 608.16 -236.677 34.3379 -2.05097 0.0419908
44 514.01 -214.621 34.6699 -2.39586 0.0598821
45 516.036 -214.439 34.6759 -2.39848 0.0589244
46 725.621 -264.277 33.4338 -1.46684 0.00818832
47 444.786 -200.387 36.1004 -2.86759 0.0855123
48 438.868 -200.702 36.1016 -2.86371 0.0863212
49 622.277 -248.459 38.3997 -2.58906 0.0654463
50 321.863 -174.487 37.4467 -3.44039 0.115108
51 294.444 -173.689 37.7914 -3.41468 0.111529
52 999.198 -342.453 37.4046 -0.974581 -0.0294095
53 566.659 -254.207 44.1607 -3.30797 0.0907153
54 640.302 -261.054 43.2381 -3.33248 0.102173
55 955.267 -354.958 42.8394 -1.31622 -0.03532
56 974.319 -355.573 42.4512 -1.36205 -0.0279302
57 1059.79 -360.868 40.9485 -1.45337 -0.00379009
58 1063.35 -360.635 40.948 -1.45741 -0.00480363
59 985.895 -358.853 42.4137 -1.27512 -0.0349334
60 987.22 -358.711 42.4289 -1.27348 -0.0347573
61 662.05 -273.122 42.9068 -2.89129 0.0709962
62 663.859 -273.017 42.904 -2.89353 0.0705144
63 655.264 -272.197 42.9938 -2.89106 0.0698656
64 -1537.33 894.162 -185.357 16.5941 -0.538515
65 -1563.17 900.554 -185.493 16.551 -0.536946
66 -1528.48 897.828 -186.497 16.4671 -0.512307
67 -1208.38 797.938 -186.411 18.8322 -0.693744
68 -771.675 449.87 -90.5243 7.77583 -0.237521
69 -827.113 465.509 -90.5044 7.46955 -0.218246
70 -544.416 377.303 -89.6068 9.30194 -0.356652
71 -679.041 420.204 -89.8127 8.25391 -0.273241
72 964.581 -465.738 84.7969 -6.62187 0.188528
73 487.309 -322.335 84.9042 -9.71376 0.408779
74 939.999 -450.565 82.1692 -6.52433 0.193113
75 852.523 -428.42 83.0155 -7.0222 0.220757
76 812.479 -416.53 83.2396 -7.36546 0.245485
77 779.673 -405.234 82.9231 -7.57474 0.262333
78 604.742 -351.317 82.7885 -8.73668 0.347646
79 812.615 -408.351 81.7779 -7.50979 0.270472
80 847.865 -425.043 82.2472 -6.98252 0.220181
81 735.511 -387.305 81.947 -7.88504 0.292464
82 726.306 -386.635 82.1406 -7.87264 0.2883
83 240.072 -98.6221 17.7918 -1.4121 0.0425455
84 264.772 -100.486 17.0951 -1.47214 0.0590432
85 639.158 -298.921 54.2451 -4.28247 0.126031
86 519.599 -263.153 53.8319 -4.91056 0.170007
87 637.099 -297.758 53.5383 -4.13717 0.117905
88 593.455 -286.631 54.0923 -4.42724 0.132971
89 675.237 -313.003 55.3152 -4.15197 0.11209
90 527.784 -267.145 54.674 -4.99791 0.173368
91 630.175 -297.492 54.8662 -4.40102 0.130795
92 643.815 -298.936 54.4572 -4.42782 0.140753
93 611.085 -292.539 54.8134 -4.46133 0.133062
94 595.495 -291.388 55.249 -4.42413 0.121897
