0 826.059 -403.347 76.2008 -6.20094 0.183671
1 791.584 -390.728 75.5085 -6.40459 0.202876
2 789.77 -390.927 75.4945 -6.40374 0.203518
3 782.845 -390.591 75.6952 -6.37778 0.199796
4 812.729 -397.846 76.0584 -6.31548 0.192701
5 810.697 -398.402 76.0133 -6.31042 0.195093
6 1200.8 -617.724 121.374 -10.4134 0.330897
7 1175.85 -615.936 122.108 -10.345 0.31314
8 1186.14 -616.249 121.854 -10.3718 0.321569
9 1183.93 -617.012 121.732 -10.3785 0.323555
10 1179.18 -615.801 122.043 -10.359 0.313209
11 1174.32 -614.933 122.271 -10.3447 0.30695
12 1183.95 -616.444 121.964 -10.3589 0.313372
13 1125.85 -594.405 121.847 -11.0286 0.372927
14 1139.08 -594.962 121.522 -11.0643 0.381914
15 1089.14 -591.444 122.913 -10.9409 0.346802
16 1103.72 -592.73 122.439 -10.9828 0.359277
17 1126.7 -594.397 121.8 -11.0388 0.375111
18 1117.99 -594.088 121.939 -11.0273 0.373021
19 870.925 -522.156 123.348 -12.8556 0.498239
20 886.098 -523.359 122.93 -12.8882 0.508169
21 889.103 -522.582 123.021 -12.8892 0.504704
22 891.804 -522.947 122.914 -12.8964 0.507746
23 906.03 -524.197 122.537 -12.9229 0.516374
24 892.093 -523.816 122.826 -12.8886 0.511075
25 897.087 -523.777 122.751 -12.8997 0.512727
26 873.505 -522.95 123.369 -12.8208 0.498008
27 896.031 -523.776 122.875 -12.8744 0.507234
28 879.324 -522.495 123.2 -12.8568 0.501091
29 879.024 -523.33 123.027 -12.868 0.506278
30 881.301 -523.212 123.014 -12.8725 0.505796
31 914.285 -525.458 122.192 -12.9333 0.526121
32 902.708 -524.507 122.597 -12.8922 0.513436
33 1245.17 -637.683 123.937 -10.4282 0.320514
34 1151.93 -610.232 124.542 -11.1479 0.369852
35 1040.91 -574.583 125.505 -12.2619 0.453062
36 1069.94 -585.192 125.57 -11.9667 0.427543
37 1078.11 -590.63 125.619 -11.8143 0.415649
38 1230.12 -633.626 124.554 -10.6042 0.329396
39 1410.42 -685.658 123.217 -9.13622 0.224253
40 1100.12 -594.491 125.672 -11.813 0.417569
41 1253.05 -640.38 125.553 -10.6999 0.333288
42 1258.8 -641.358 125.296 -10.7172 0.340477
43 835.423 -505.73 121.121 -12.8468 0.508489
44 863.405 -507.148 120.468 -12.908 0.523844
45 1064.74 -570.328 120.532 -11.331 0.400277
46 1030.94 -560.857 120.738 -11.6233 0.423351
47 957.706 -541.96 121.233 -12.0645 0.44969
48 980.974 -542.838 120.671 -12.1252 0.46509
49 1036.09 -563.204 120.714 -11.5115 0.412458
50 1028.66 -563.057 120.857 -11.4952 0.40872
51 1092.59 -582.069 120.629 -11.023 0.375096
52 1099.8 -582.414 120.469 -11.0368 0.378777
53 1083.47 -581.121 120.934 -10.9972 0.367609
54 1219.73 -616.575 120.097 -10.2679 0.325462
55 1127.1 -592.405 120.665 -10.8168 0.360613
56 1132.33 -592.594 120.566 -10.824 0.363916
57 1136.76 -592.392 120.534 -10.8337 0.362862
58 1103.61 -580.518 120.125 -11.0901 0.385856
59 1098.7 -580.044 120.291 -11.0755 0.382103
60 1220.86 -617.166 119.473 -10.046 0.30969
61 861.753 -513.648 121.908 -12.7865 0.498285
62 886.526 -515.653 121.315 -12.8238 0.511843
63 887.487 -516.295 121.189 -12.8298 0.51517
64 1059.98 -574.761 121.508 -11.4923 0.4107
65 1059.84 -574.795 121.501 -11.4937 0.41043
66 964.66 -545.993 121.415 -12.0928 0.453764
67 1929.32 -789.061 112.92 -6.15634 0.0847534
68 1688.62 -774.025 118.489 -5.67329 -0.0384574
69 1935.31 -799.162 113.805 -5.83872 0.0477958
70 1750.1 -790.007 118.236 -5.40457 -0.050312
71 1939.09 -800.98 113.862 -5.8096 0.0471404
72 1941.9 -801.023 113.823 -5.81358 0.0478047
73 1750.59 -794.733 118.708 -5.18916 -0.0775272
74 1164.98 -595.864 116.044 -9.88656 0.311025
75 1194.55 -607.785 116.181 -9.52659 0.280774
76 1212.5 -609.228 115.757 -9.55873 0.289146
77 926.332 -524.447 116.461 -11.5662 0.43379
78 943.839 -525.575 115.978 -11.6112 0.446519
79 888.202 -519.807 117.08 -11.5836 0.425452
80 936.596 -523.21 115.964 -11.666 0.450472
81 941.053 -522.928 115.945 -11.6783 0.447249
82 1042.23 -559.289 116.699 -10.8681 0.38292
83 897.917 -515.991 117.417 -12.0374 0.467608
84 898.456 -516.12 117.385 -12.0377 0.469754
85 889.352 -515.318 117.678 -12.0136 0.461953
86 1045.96 -558.532 115.385 -10.5825 0.364727
87 1057.68 -559.329 115.082 -10.6068 0.372952
88 1031.77 -557.423 115.65 -10.5714 0.360267
89 1073.55 -559.637 114.769 -10.6494 0.377694
90 1005.08 -552.617 116.244 -10.5844 0.348209
91 1200.59 -604.972 115.603 -9.63214 0.296345
92 994.591 -543.555 115.966 -11.0576 0.398066
93 1017.92 -544.98 115.342 -11.116 0.413385
94 1114.61 -576.57 113.765 -9.82622 0.313461
