0 264.98 -95.9324 13.6933 -0.688457 0.00488444
1 253.369 -95.3428 13.9704 -0.661617 -0.000217433
2 258.225 -95.6373 13.8145 -0.682523 0.00179841
3 254.559 -94.8231 14.0282 -0.66627 -0.00325035
4 258.28 -95.5766 13.8376 -0.678044 0.00206153
5 267.669 -96.6598 13.6004 -0.686381 0.00827517
6 267.434 -96.6224 13.6203 -0.68081 0.00955112
7 270.385 -96.9448 13.4924 -0.696943 0.0115913
8 269.713 -97.0164 13.4892 -0.695706 0.0121285
9 252.325 -95.3364 14.0869 -0.648885 -0.00450531
10 253.343 -95.2654 14.0802 -0.653195 -0.0057393
11 252.306 -95.3778 14.0747 -0.651457 -0.00494807
12 312.16 -101.555 12.6554 -0.719794 0.027103
13 260.019 -96.3906 14.0381 -0.637142 -0.00515696
14 255.176 -96.9185 14.0076 -0.631297 -0.00226024
15 287.507 -98.9829 13.1328 -0.708588 0.0176408
16 240.103 -95.6875 14.4869 -0.584179 -0.0164469
17 242.765 -95.4542 14.4841 -0.592303 -0.019102
18 242.112 -95.1719 14.5486 -0.582984 -0.0180685
19 283.125 -98.8365 13.2627 -0.695522 0.0171161
20 281.005 -99.0422 13.2587 -0.690471 0.0189631
21 280.734 -99.0446 13.2678 -0.686932 0.0199582
22 283.674 -98.7863 13.2632 -0.696767 0.0167131
23 247.033 -95.3293 14.3657 -0.621173 -0.0118244
24 289.034 -98.2492 13.0432 -0.755451 0.023393
25 287.192 -98.4223 13.0424 -0.750124 0.0252658
26 287.382 -98.3924 13.0471 -0.749388 0.0253814
27 248.619 -96.4009 14.1951 -0.615962 -0.00762065
28 247.708 -96.4519 14.2068 -0.610272 -0.00602703
29 248.793 -96.36 14.2011 -0.615944 -0.00798366
30 253.662 -95.9899 14.189 -0.629456 -0.0119116
31 252.133 -96.0885 14.2025 -0.621881 -0.00977215
32 253.337 -96.0005 14.1976 -0.625819 -0.0108987
33 253.777 -95.804 14.2546 -0.611876 -0.00780876
34 242.289 -95.5801 14.3468 -0.610062 -0.0107563
35 245.504 -95.237 14.3666 -0.613437 -0.0124244
36 242.156 -95.6167 14.3466 -0.606878 -0.00917768
37 268.595 -97.7311 13.8808 -0.634486 -0.00264894
38 251.684 -96.2113 14.1926 -0.621127 -0.00870051
39 254.739 -95.8647 14.2205 -0.621537 -0.00956731
40 252.783 -96.072 14.2028 -0.622178 -0.00936781
41 289.838 -98.2575 13.1689 -0.726569 0.0205758
42 264.483 -96.5811 13.8476 -0.669115 0.00208527
43 270.469 -96.8149 13.7035 -0.683828 0.00636575
44 253.498 -95.6976 14.1005 -0.654216 -0.00208279
45 246.115 -94.5893 14.2733 -0.651839 -0.00665508
46 232.122 -93.2829 14.6919 -0.621955 -0.0169763
47 264.888 -98.0286 13.9385 -0.638788 0.000664396
48 292.12 -100.087 13.2343 -0.697915 0.0169192
49 260.446 -97.0353 14.1362 -0.639218 -0.00512066
50 291.749 -101.895 13.3366 -0.651669 0.0167859
51 289.077 -102.223 13.3095 -0.650218 0.0182315
52 292.579 -101.764 13.3539 -0.650593 0.0163803
53 267.728 -99.5443 14.1831 -0.578905 -0.00907642
54 471.71 -161.733 15.369 0.403121 -0.0763265
55 470.283 -161.891 15.3553 0.402768 -0.07611
56 467.429 -162.145 15.3558 0.410395 -0.0735975
57 467.293 -162.15 15.3576 0.41113 -0.0734145
58 469.863 -161.809 15.3933 0.412354 -0.0741986
59 441.858 -160.147 16.2462 0.500358 -0.102738
60 440.977 -160.286 16.2245 0.496953 -0.103272
61 444.959 -159.812 16.2633 0.495642 -0.104891
62 438.317 -160.368 16.2763 0.516555 -0.0983192
63 441.894 -160.077 16.2609 0.501498 -0.103098
64 431.047 -159.939 16.449 0.52316 -0.10663
65 465.103 -162.753 15.543 0.455087 -0.0845194
66 463.464 -162.884 15.5464 0.459852 -0.0830792
67 466.459 -162.635 15.5383 0.449381 -0.0863772
68 461.28 -162.168 15.6962 0.46214 -0.0899877
69 440.214 -160.676 16.3503 0.528786 -0.107443
70 499.279 -168.221 15.0663 0.490439 -0.0794371
71 456.114 -165.733 16.2705 0.615969 -0.110147
72 468.477 -166.291 15.9761 0.583864 -0.104055
73 492.539 -168.546 15.3166 0.542373 -0.0874468
74 454.559 -164.943 16.378 0.606611 -0.114049
75 454.055 -164.992 16.3769 0.607852 -0.113585
76 453.731 -165.003 16.3835 0.610478 -0.112891
77 478.912 -166.875 15.6396 0.545916 -0.0928713
78 478.691 -166.92 15.6307 0.544198 -0.0931966
79 493.166 -167.611 15.2507 0.503246 -0.0842484
80 492.793 -167.67 15.2415 0.501806 -0.0844744
81 487.983 -167.988 15.2667 0.517808 -0.0801306
82 487.246 -168.103 15.2485 0.514959 -0.0805777
83 491.633 -167.738 15.251 0.506273 -0.0833938
84 489.248 -167.889 15.2706 0.517054 -0.080425
85 489.322 -167.875 15.2731 0.517521 -0.0803383
86 465.666 -166.67 15.9775 0.59803 -0.101427
87 465.929 -166.619 15.987 0.599839 -0.101086
88 462.09 -165.804 16.1308 0.598673 -0.107381
89 459.537 -166.071 16.1235 0.605705 -0.104474
90 450.09 -165.436 16.4543 0.642565 -0.116882
91 451.958 -165.244 16.4582 0.637033 -0.119093
92 451.206 -165.302 16.4627 0.640582 -0.117992
93 463.046 -164.475 16.4435 0.616599 -0.124649
94 446.248 -165.029 16.5428 0.647744 -0.118631
