0 -554.352 373.396 -85.3533 8.4188 -0.303356
1 -555.429 373.872 -85.2302 8.4313 -0.305358
2 -536.386 371.569 -85.9406 8.37882 -0.285842
3 -571.502 374.631 -85.0105 8.43857 -0.306726
4 -571.033 374.712 -84.9968 8.44085 -0.306356
5 -569.23 374.697 -85.0407 8.43004 -0.308048
6 -559.401 374.094 -85.3144 8.40494 -0.299636
7 -549.735 373.557 -85.5716 8.38003 -0.292915
8 268.54 -99.2744 16.5261 -1.17207 0.0295659
9 260.883 -100.481 16.3909 -1.17342 0.0342957
10 248.364 -99.9277 16.6885 -1.14358 0.027504
11 -241.67 57.413 14.4259 -4.33335 0.27409
12 -212.809 55.0285 13.7185 -4.37702 0.290514
13 447.04 -143.2 9.11982 1.31763 -0.125399
14 272.646 -89.2248 9.53752 -0.0506924 -0.0237631
15 253.609 -87.7806 10.0946 -0.00356418 -0.0379319
16 375.221 -131.39 11.8385 0.710972 -0.0970011
17 14.1826 -17.2491 12.3959 -2.18263 0.120302
18 2.37748 -16.4874 12.7229 -2.15179 0.111819
19 24.8926 -18.9552 12.4031 -2.15448 0.117912
20 395.642 -133.828 13.4971 0.17579 -0.0547951
21 381.851 -132.489 13.8893 0.199922 -0.0655456
22 408.555 -134.84 13.0308 0.125653 -0.0412001
23 380.309 -133.223 13.7372 0.185569 -0.0600156
24 373.366 -131.967 14.0747 0.209979 -0.0692496
25 385.692 -133.683 13.6395 0.183079 -0.0584004
26 376.227 -132.772 13.9598 0.212187 -0.0651135
27 393.917 -133.626 13.4673 0.157719 -0.0523434
28 373.562 -132.306 13.9574 0.196177 -0.0634946
29 373.967 -131.961 14.0167 0.19676 -0.0665392
30 385.934 -132.963 13.6395 0.164339 -0.0556866
31 367.948 -132.059 14.1131 0.212843 -0.0697847
32 366.893 -132.212 14.0911 0.209753 -0.070211
33 357.886 -132.467 14.1494 0.225635 -0.0674546
34 364.66 -132.739 14.0051 0.209456 -0.0650035
35 369.015 -132.401 14.0012 0.199818 -0.0678905
36 372.596 -132.181 13.9869 0.194428 -0.0677448
37 124.122 -56.6324 16.0506 -2.182 0.112474
38 570.63 -195.335 16.3965 0.961239 -0.123451
39 559.673 -194.532 16.6518 0.979417 -0.129324
40 554.274 -195.074 16.6271 0.987096 -0.126039
41 552.355 -195.304 16.5995 0.983779 -0.126437
42 554.827 -193.86 16.8537 0.993364 -0.135866
43 569.662 -195.191 16.432 0.960373 -0.126269
44 681.113 -200.386 13.9723 0.70707 -0.0733933
45 539.786 -190.156 16.9705 0.906363 -0.130467
46 539.028 -190.259 16.9565 0.904456 -0.130726
47 554.782 -191.25 16.5512 0.869578 -0.119265
48 558.082 -191.072 16.5324 0.860566 -0.121408
49 558.357 -191.029 16.5391 0.861627 -0.121242
50 49.6052 -34.3211 16.188 -2.64534 0.141477
51 45.7893 -34.6646 16.1779 -2.63955 0.143589
52 -31.3581 -27.6346 17.592 -2.58124 0.11849
53 -29.9873 -27.5326 17.5901 -2.58425 0.117628
54 -30.8652 -27.6191 17.5854 -2.58352 0.117986
55 94.4849 -37.2826 14.8004 -2.75911 0.176136
56 94.6355 -37.2589 14.8041 -2.75853 0.176228
57 107.876 -36.5496 14.7697 -2.77882 0.171612
58 94.2639 -37.8304 14.7331 -2.75559 0.18001
59 94.0813 -37.8591 14.7286 -2.75629 0.179899
60 174.611 -72.7437 16.113 -1.80521 0.0827868
61 174.345 -72.7856 16.1064 -1.80624 0.0826251
62 175.134 -72.6391 16.1336 -1.80121 0.0835592
63 158.767 -72.014 16.5844 -1.74627 0.0696212
