0 587.258 -293.812 58.2755 -5.07012 0.164681
1 676.338 -316.845 57.1183 -4.41857 0.124768
2 705.642 -318.733 56.2201 -4.51608 0.148906
3 704.621 -318.764 56.2414 -4.50783 0.151053
4 651.986 -313.333 57.6052 -4.44357 0.116501
5 653.955 -311.045 57.1615 -4.53193 0.13204
6 652.001 -310.927 57.2204 -4.52533 0.130943
7 651.119 -311.038 57.2105 -4.52503 0.131406
8 638.867 -309.613 57.566 -4.50381 0.123983
9 637.225 -309.768 57.5643 -4.49956 0.125481
10 676.269 -313.103 56.6678 -4.56037 0.141617
11 808.744 -356.768 56.8709 -3.4682 0.0544951
12 772.91 -354.773 57.8656 -3.36223 0.0299843
13 771.436 -355.005 57.8293 -3.36793 0.02909
14 773.173 -354.759 57.8605 -3.36469 0.0292662
15 189.539 -146.024 47.9582 -6.52968 0.315605
16 200.716 -146.879 47.6457 -6.55426 0.325137
17 199.382 -147.019 47.6386 -6.55247 0.325941
18 193.476 -145.976 47.8301 -6.54736 0.32076
19 199.041 -146.29 47.669 -6.56195 0.327245
20 197.913 -146.426 47.6567 -6.56216 0.327519
21 206.71 -147.138 47.3814 -6.5862 0.335527
22 187.379 -145.126 47.8911 -6.56502 0.32104
23 169.038 -142.854 48.3077 -6.54903 0.312731
24 169.188 -142.791 48.3242 -6.54538 0.313463
25 168.976 -142.872 48.3002 -6.55177 0.311871
26 214.614 -146.037 47.0079 -6.66992 0.34693
27 211.752 -146.267 47.0117 -6.66262 0.349133
28 213.908 -146.145 46.9968 -6.67004 0.347236
29 213.753 -146.145 47.0018 -6.66836 0.347654
30 214.232 -146.007 47.0368 -6.66021 0.349437
31 212.515 -146.259 47.0023 -6.66446 0.349001
32 211.121 -146.478 46.9679 -6.66985 0.348155
33 211.542 -146.412 46.9783 -6.66822 0.348411
34 211.009 -146.495 46.9652 -6.67028 0.348087
35 216.344 -146.043 46.9748 -6.67817 0.345482
36 214.861 -146.156 46.9756 -6.67524 0.346341
38 214.861 -146.156 46.9756 -6.67524 0.346341
39 215.096 -146.12 46.9814 -6.67433 0.346483
40 214.453 -146.22 46.9656 -6.67681 0.346093
41 175.205 -142.194 48.0369 -6.61589 0.320575
42 175.089 -142.21 48.0347 -6.61618 0.320535
43 175.62 -142.237 48.0182 -6.62001 0.319818
44 176.381 -142.134 48.0323 -6.6181 0.320079
45 167.841 -142.876 48.014 -6.60539 0.324445
46 174.016 -142.489 48.0013 -6.61614 0.321787
47 174.016 -142.489 48.0013 -6.61614 0.321787
48 173.781 -142.526 47.9955 -6.61705 0.321644
49 168.607 -142.812 48.0164 -6.60604 0.324216
50 170.678 -142.625 48.0222 -6.60897 0.323145
51 178.304 -141.985 48.0231 -6.62537 0.31799
52 171.051 -142.464 48.0404 -6.61037 0.321859
53 174.552 -142.247 48.0305 -6.61489 0.321613
54 174.307 -142.281 48.0259 -6.61551 0.321529
55 177.04 -141.99 48.0363 -6.62204 0.318755
57 177.918 -141.87 48.0525 -6.61983 0.319055
58 191.311 -143.366 47.5335 -6.66429 0.333858
59 191.504 -143.335 47.5382 -6.66355 0.333975
60 211.78 -140.154 48.0375 -6.5852 0.34627
61 200.519 -143.014 47.4907 -6.67827 0.3314
62 200.096 -143.08 47.4803 -6.67991 0.331143
63 200.39 -143.034 47.4875 -6.67877 0.331321
64 196.669 -143.305 47.5114 -6.6622 0.336216
65 171.646 -142.427 48.1264 -6.59095 0.319503
66 178.21 -142.982 47.92 -6.60745 0.326101
67 200.305 -144.749 47.4005 -6.64074 0.336822
68 200.835 -144.692 47.4032 -6.64174 0.336377
69 162.446 -142.144 48.5641 -6.52715 0.304784
70 175.391 -143.169 48.1602 -6.5621 0.316772
71 198.591 -144.703 47.4866 -6.62976 0.334066
72 209.214 -145.102 47.2043 -6.66376 0.342792
73 207.639 -145.285 47.191 -6.66259 0.343608
74 210.135 -145.203 47.1607 -6.67327 0.341132
75 212.38 -144.919 47.19 -6.67169 0.340836
76 207.02 -145.448 47.1709 -6.66275 0.344295
77 205.942 -145.538 47.1743 -6.65872 0.345576
78 165.328 -138.945 48.1878 -6.6412 0.320291
79 169.8 -139.538 48.0087 -6.65691 0.324147
80 121.104 -137.019 49.3158 -6.52739 0.291886
81 128.659 -136.167 49.3655 -6.53859 0.286177
82 132.466 -135.756 49.3871 -6.54409 0.283621
83 179.582 -141.145 47.6943 -6.6677 0.332091
84 176.833 -141.315 47.7122 -6.65775 0.334737
85 179.958 -140.992 47.7271 -6.66238 0.332766
86 198.86 -142.454 47.2272 -6.69815 0.345795
87 210.242 -143.536 46.9424 -6.71973 0.349368
88 209.429 -143.553 46.9644 -6.71123 0.351665
89 218.028 -144.744 46.7473 -6.72014 0.355814
90 174.743 -139.331 47.9032 -6.67643 0.327321
91 183.61 -138.556 47.9236 -6.68887 0.323057
92 183.319 -140.964 47.4425 -6.71006 0.341931
93 184.399 -140.781 47.4728 -6.70519 0.342693
94 189.926 -140.681 47.408 -6.71959 0.341049
