0 -1066.83 718.731 -172.487 18.1106 -0.701508
1 -1063.05 718.473 -172.592 18.1008 -0.69919
2 -1055.9 717.97 -172.817 18.0781 -0.692451
3 831.084 -419.826 81.3703 -6.84264 0.210657
4 881.883 -433.054 81.2728 -6.62513 0.199343
5 870.944 -432.586 81.5813 -6.5897 0.191844
6 260.584 -97.8192 15.3288 -1.0113 0.0252719
7 455.588 -153.724 13.698 0.522339 -0.0802553
8 436.692 -152.237 14.2842 0.575493 -0.0945665
9 245.157 -94.1329 15.8687 -1.24983 0.0434168
10 219.116 -92.335 16.6252 -1.1813 0.0229039
11 205.152 -85.2005 16.5478 -1.42313 0.0465616
12 199.66 -85.7779 16.504 -1.42255 0.0477872
13 212.424 -85.9581 16.2857 -1.44673 0.0529495
14 212.211 -86.0453 16.2705 -1.44754 0.0534481
15 175.488 -76.5514 16.6821 -1.65302 0.0629133
16 47.5152 -34.0134 16.549 -2.69853 0.145809
17 42.2894 -33.8198 16.6575 -2.68733 0.14342
18 270.846 -101.586 14.863 -0.762594 0.00588569
19 273.45 -101.725 14.7919 -0.772036 0.00649729
20 262.559 -101.106 15.0832 -0.743129 4.5526e-05
21 272.661 -101.8 14.8099 -0.764466 0.00891627
22 470.395 -116.592 10.4786 -1.08025 0.098975
23 295.557 -103.525 14.2805 -0.822075 0.0192527
24 316.517 -114.991 14.8533 -0.487155 -0.0132899
25 405.276 -121.769 13.1164 -0.593174 0.020067
26 43.8424 -33.5254 16.2248 -2.61419 0.139031
27 60.3862 -34.7671 15.6886 -2.66898 0.153432
28 299.164 -119.926 19.4489 -1.25815 0.0256637
29 209.154 -91.6039 19.8197 -1.98938 0.07873
30 211.328 -92.269 19.6727 -1.99677 0.0828944
31 217.287 -92.8577 19.4773 -2.01259 0.0877296
32 227.381 -93.647 19.2164 -2.03723 0.0917395
33 224.779 -93.3799 19.2721 -2.03394 0.0909702
34 224.119 -93.4624 19.2623 -2.03503 0.0908641
35 217.561 -92.9689 19.4573 -2.0165 0.0860809
36 226.473 -93.6585 19.2159 -2.03495 0.0931048
37 227.716 -93.5854 19.2062 -2.03991 0.0918003
38 222.732 -93.3927 19.3215 -2.02533 0.0906259
39 222.017 -93.5049 19.3038 -2.02809 0.0901921
40 222.413 -93.451 19.3112 -2.0271 0.0903278
41 230.643 -93.9502 19.1199 -2.04594 0.0938373
42 230.468 -93.922 19.1355 -2.04143 0.0949002
43 232.421 -93.8071 19.1212 -2.04877 0.0929827
44 232.81 -93.7542 19.1284 -2.04779 0.0931159
45 230.527 -94.0143 19.1131 -2.04423 0.0949582
46 230.55 -94.0105 19.1137 -2.04414 0.0949727
47 232.026 -93.9151 19.1073 -2.04833 0.0938635
48 232.026 -93.9151 19.1073 -2.04833 0.0938635
49 210.105 -92.2372 19.7734 -1.98783 0.0780842
50 215.591 -93.0592 19.6297 -1.9945 0.0804215
51 215.338 -93.1081 19.6205 -1.99618 0.0801246
52 216.792 -92.9105 19.6474 -1.99252 0.0806218
53 214.882 -93.1356 19.628 -1.9925 0.0811648
54 171.371 -96.4231 19.3796 -2.01127 0.0797469
55 253.631 -96.3333 18.4329 -2.08872 0.112897
56 253.699 -96.3226 18.4345 -2.08846 0.112938
57 251.525 -96.5559 18.4277 -2.08201 0.115742
58 254.11 -96.2891 18.4405 -2.08551 0.114231
59 253.929 -96.3226 18.4343 -2.08666 0.114017
60 253.929 -96.3226 18.4343 -2.08666 0.114017
62 253.929 -96.3226 18.4343 -2.08666 0.114017
63 253.845 -96.3381 18.4315 -2.08719 0.113918
64 215.628 -92.913 19.5934 -1.99293 0.0830333
65 92.4944 -58.1517 20.6208 -2.91891 0.144537
66 106.965 -59.3046 20.1839 -2.95673 0.155874
67 336.114 -129.398 18.9862 -0.987612 0.00756016
68 338.253 -129.137 19.0088 -0.988059 0.00669835
69 341.146 -129.92 18.8115 -1.00127 0.0128025
70 350.82 -130.335 18.5911 -1.02499 0.0170466
71 371.953 -137.49 18.5564 -0.825643 0.00159532
72 343.752 -135.893 19.3911 -0.732369 -0.0205264
73 375.747 -138.241 18.5525 -0.801158 3.27003e-05
74 365.188 -137.791 18.8192 -0.772733 -0.00713053
75 356.842 -137.122 19.0583 -0.755038 -0.0115658
76 357.268 -137.073 19.0619 -0.755287 -0.0117574
77 35.5471 -35.8689 18.6968 -3.08845 0.166319
78 64.3583 -37.2018 17.9499 -3.16834 0.185658
79 67.3888 -37.9027 17.8014 -3.17929 0.187804
80 49.7259 -36.941 18.2706 -3.12825 0.177849
81 54.6488 -37.2277 18.1413 -3.14195 0.1803
82 64.7547 -37.7104 17.9073 -3.16161 0.187402
83 295.159 -115.982 19.6132 -1.49049 0.0452199
84 279.505 -115.5 19.8628 -1.46802 0.0418593
85 280.111 -115.431 19.8669 -1.46882 0.0414654
86 285.385 -114.685 19.9291 -1.47424 0.0373943
87 272.8 -114.705 20.0894 -1.45473 0.0350373
88 264.522 -113.456 20.3146 -1.44953 0.0290175
89 307.765 -117.976 19.2607 -1.49484 0.0545521
90 284.153 -115.203 19.9599 -1.45731 0.0365937
91 311.933 -117.369 19.128 -1.53065 0.0595756
92 315.264 -117.096 19.1281 -1.53746 0.0574731
93 311.729 -117.439 19.1169 -1.53135 0.059769
94 295.089 -117.125 19.4854 -1.48086 0.0513185
