0 451.952 -193.593 32.6319 -2.3377 0.0593563
1 311.923 -148.407 30.3254 -2.76896 0.0965265
2 331.836 -149.712 29.8034 -2.81387 0.109608
3 313.695 -148.403 30.3243 -2.76948 0.0960359
4 220.735 -117.895 29.3301 -3.22047 0.13069
5 219.573 -117.874 29.3279 -3.22534 0.129577
6 408.828 -174.476 28.348 -1.75606 0.0283202
7 409.795 -174.589 28.3087 -1.75986 0.0292444
8 261.958 -125.245 26.5508 -2.49001 0.087381
9 187.585 -103.999 27.1087 -3.09299 0.130002
10 205.371 -104.974 26.6554 -3.1363 0.141338
11 210.726 -105.583 26.4626 -3.14938 0.147446
12 207.804 -105.416 26.5288 -3.14622 0.144655
13 198.303 -104.36 26.7857 -3.13208 0.139201
14 150.13 -89.099 27.0889 -3.56881 0.170562
15 88.8427 -71.6663 27.4651 -3.95658 0.194656
16 274.659 -125.886 26.7139 -2.64998 0.104082
17 265.459 -124.877 27.0219 -2.62839 0.0961258
18 280.399 -126.275 26.5048 -2.67275 0.110415
19 273.49 -125.843 26.7067 -2.65205 0.105084
20 273.863 -125.754 26.7116 -2.65423 0.104187
21 278.409 -126.366 26.5442 -2.6642 0.109003
22 272.704 -126.35 26.643 -2.6506 0.106976
23 367.326 -156.246 27.6522 -2.2173 0.072505
24 366.93 -156.299 27.646 -2.21781 0.0725154
25 534.56 -211.768 27.6691 -0.747377 -0.0443824
26 519.803 -210.874 28.0652 -0.711582 -0.055845
27 519.066 -210.661 28.1157 -0.708734 -0.0573329
28 562.052 -212.938 27.0353 -0.81547 -0.0296667
29 261.407 -129.743 29.8853 -3.23252 0.137744
30 143.648 -94.1416 30.9975 -4.26503 0.20966
31 157.793 -95.3011 30.5579 -4.30529 0.222182
32 152.551 -95.4183 30.6009 -4.30091 0.220523
33 74.3536 -89.3042 33.306 -4.12606 0.153226
34 333.229 -157.466 31.6963 -2.81944 0.0939378
35 357.45 -159.426 30.8319 -2.91189 0.121216
36 311.689 -150.737 31.624 -3.00848 0.110496
37 529.7 -225.442 34.7627 -1.87549 0.0130316
38 277.046 -149.708 36.1758 -3.92649 0.161097
39 294.187 -150.728 35.7215 -3.96873 0.173016
40 277.27 -149.844 36.1611 -3.92481 0.161607
41 266.385 -149.088 36.4442 -3.90182 0.154539
42 294.5 -150.438 35.6933 -3.98222 0.175139
43 297.821 -151.194 35.4952 -3.99405 0.182388
44 297.024 -150.777 35.57 -3.99656 0.177346
45 368.776 -177.82 35.9605 -3.24447 0.111774
46 393.31 -179.752 35.1846 -3.31587 0.133838
47 468.098 -203.718 35.142 -2.56084 0.0663129
48 202.978 -132.791 38.298 -4.6519 0.204509
49 292.677 -158.909 37.9618 -4.02674 0.160444
50 300.457 -158.981 37.8162 -4.04551 0.164073
51 470.851 -212.136 38.8451 -3.08118 0.0888058
52 533.23 -234.671 38.596 -2.4615 0.0430519
53 541.002 -235.079 38.3882 -2.48265 0.0485095
54 544.499 -235.167 38.3148 -2.49222 0.0497365
55 519.959 -229.006 38.4986 -2.62815 0.0590725
56 504.152 -227.747 38.9779 -2.58663 0.0458695
57 497.26 -227.377 39.153 -2.56844 0.0424432
58 518.82 -229.05 38.5104 -2.62276 0.0585274
59 627.758 -265.485 38.9759 -1.79538 -0.00874987
60 606.256 -263.39 39.6289 -1.74989 -0.0254799
61 150.521 -118.804 38.8794 -5.06467 0.232315
62 170.492 -120.197 38.3334 -5.115 0.245354
63 441.816 -203.127 37.2269 -2.89291 0.0805835
64 472.51 -205.224 36.3942 -2.97285 0.0972849
65 450.978 -203.813 36.884 -2.9353 0.0870777
66 449.726 -203.919 36.8811 -2.9337 0.0876146
67 474.237 -205.418 36.3796 -2.97152 0.0967972
68 496.022 -206.631 35.9726 -3.00301 0.103949
69 493.418 -206.209 36.0343 -3.00261 0.102443
70 486.057 -206.386 36.0993 -2.98976 0.102872
71 499.099 -207.042 35.8581 -3.01029 0.106904
72 497.843 -207.141 35.857 -3.00849 0.107438
73 481.874 -205.913 36.2331 -2.98159 0.0995351
74 487.39 -206.141 36.1105 -2.99575 0.101904
75 476.764 -205.002 36.3102 -2.98859 0.0985475
76 322.659 -166.963 38.3805 -4.1242 0.1724
77 321.425 -166.585 38.4477 -4.12367 0.169644
78 339.219 -168.236 38.1659 -4.1336 0.174152
79 331.049 -168.349 38.2969 -4.10959 0.172471
80 325.075 -167.835 38.4327 -4.10308 0.168898
81 336.034 -167.088 38.4402 -4.11349 0.166161
82 541.847 -229.543 38.0916 -2.77579 0.0768661
83 462.302 -207.834 38.4107 -3.23762 0.105725
84 492.568 -209.992 37.8202 -3.27557 0.116022
85 489.189 -210.139 37.8394 -3.26897 0.117178
86 348.103 -179.412 40.1263 -4.13282 0.163813
87 354.295 -179.067 40.1098 -4.143 0.161456
88 531.64 -225.143 38.3786 -3.0287 0.0984912
89 519.856 -223.977 38.6407 -3.01709 0.0928457
90 381.309 -191.61 39.1169 -3.53154 0.120095
91 205.824 -128.077 38.1383 -5.10127 0.252382
92 172.212 -124.879 38.915 -5.06184 0.234724
93 168.135 -124.95 38.9572 -5.05345 0.235307
94 168.522 -124.511 39.0123 -5.05562 0.232464
