0 215.451 -143.472 46.661 -6.77168 0.358321
1 221.012 -143.899 46.5043 -6.7853 0.362451
2 343.286 -193.946 47.39 -5.21995 0.217262
3 654.087 -283.591 47.199 -3.39246 0.0912435
4 379.72 -201.983 46.6676 -4.99544 0.206696
5 379.419 -201.993 46.6774 -4.99068 0.208304
6 619.382 -276.646 46.8632 -3.34098 0.0860213
7 618.932 -276.701 46.8584 -3.34094 0.086181
8 636.976 -277.275 46.4672 -3.37594 0.0919192
9 598.004 -272.891 47.232 -3.35497 0.0792756
10 639.441 -276.155 46.1962 -3.44236 0.101849
11 519.034 -248.97 47.5859 -3.99561 0.125563
12 518.408 -249.023 47.5856 -3.99436 0.125954
13 511.954 -248.559 47.8216 -3.97983 0.120941
14 501.701 -247.17 48.0436 -3.97577 0.115392
15 507.146 -247.712 47.8084 -4.00169 0.124231
16 505.946 -247.799 47.8202 -3.9938 0.126811
17 532.42 -249.942 47.2383 -4.03543 0.134885
18 530.989 -250.051 47.2501 -4.02675 0.137745
19 536.888 -249.682 47.2143 -4.04719 0.132314
20 538.35 -249.574 47.2118 -4.05054 0.131356
21 499.212 -246.72 48.1989 -3.97324 0.11117
22 498.638 -246.78 48.1957 -3.97254 0.111495
23 533.259 -249.542 47.201 -4.05423 0.135995
24 531.385 -249.62 47.2284 -4.04321 0.138794
25 534.005 -249.581 47.1879 -4.05501 0.136356
26 388.64 -211.099 49.0963 -5.19957 0.211662
27 388.45 -211.085 49.1086 -5.19538 0.212794
28 389.81 -211.004 49.0905 -5.20489 0.209955
29 389.16 -211.06 49.089 -5.20402 0.210253
30 391.244 -210.984 49.0823 -5.2037 0.211127
31 386.563 -211.498 49.0527 -5.19768 0.214111
32 392.474 -210.984 49.0529 -5.21208 0.209453
33 391.705 -211.058 49.0508 -5.21058 0.21001
34 399.865 -212.051 48.7947 -5.22322 0.217554
35 399.692 -212.041 48.8032 -5.22067 0.218154
36 401.528 -211.953 48.7865 -5.22777 0.216405
37 375.868 -209.827 49.4 -5.1878 0.204259
38 383.55 -210.907 49.2364 -5.18836 0.209115
39 387.221 -210.695 49.2112 -5.20117 0.205817
40 385.451 -210.872 49.2077 -5.19643 0.207623
41 592.439 -275.892 50.5023 -4.07988 0.12545
42 589.215 -276.21 50.4973 -4.07094 0.128795
43 591.963 -275.669 50.5404 -4.08041 0.123738
44 753.966 -327.259 51.2058 -3.06824 0.0493455
45 539.055 -266.128 52.7973 -4.6449 0.155571
46 473.849 -245.382 52.6069 -5.10709 0.190353
47 473.898 -245.334 52.6238 -5.10242 0.191509
48 470.481 -245.75 52.5889 -5.10107 0.193116
49 475.346 -245.202 52.6209 -5.1082 0.189483
50 472.973 -245.63 52.5684 -5.107 0.192964
51 449.836 -243.228 53.1959 -5.07371 0.17762
52 488.576 -246.208 52.1913 -5.15399 0.202447
53 460.529 -244.132 53.0264 -5.08024 0.180438
54 485.011 -245.715 52.3262 -5.14885 0.200211
55 486.269 -245.601 52.3279 -5.15147 0.199317
56 484.009 -245.807 52.3312 -5.14311 0.202226
57 481.276 -246.151 52.3004 -5.14236 0.203569
58 481.223 -246.161 52.2986 -5.1427 0.203506
59 408.19 -240.567 54.5037 -4.96013 0.145647
60 410.869 -240.302 54.5062 -4.96875 0.142364
61 503.851 -247.781 51.8587 -5.16571 0.211156
62 501.327 -248.071 51.8393 -5.16298 0.212753
63 449.052 -245.027 53.4554 -4.9865 0.165326
64 452.259 -244.782 53.4375 -5.00055 0.161053
65 453.788 -244.574 53.4658 -4.9967 0.161576
66 452.692 -244.746 53.4388 -5.00093 0.160911
67 454.009 -244.567 53.4631 -4.99762 0.161362
69 508.645 -254.066 52.5353 -4.9805 0.181237
70 508.802 -254.041 52.5391 -4.97989 0.181332
71 470.879 -251.991 53.5926 -4.87301 0.155568
72 513.507 -254.999 52.3856 -4.97398 0.184746
73 516.572 -254.811 52.3756 -4.98049 0.183144
74 516.572 -254.811 52.3756 -4.98049 0.183144
75 512.895 -255.117 52.3758 -4.97278 0.18539
76 510.809 -255.324 52.3754 -4.96506 0.188379
77 524.293 -254.645 52.3199 -4.99108 0.182569
78 523.845 -254.715 52.3089 -4.99281 0.182298
79 524.036 -254.686 52.3136 -4.99207 0.182413
80 524.732 -254.576 52.3307 -4.98939 0.182835
81 524.01 -254.69 52.313 -4.99217 0.182398
82 516.587 -255.213 52.3263 -4.97633 0.186812
83 516.088 -255.292 52.314 -4.97826 0.186509
84 516.5 -255.252 52.3144 -4.97946 0.186066
85 517.504 -255.347 52.2906 -4.9781 0.188072
86 514.69 -255.649 52.2794 -4.97135 0.190991
87 514.69 -255.649 52.2794 -4.97135 0.190991
88 514.083 -255.745 52.2645 -4.9737 0.190622
89 511.141 -256.098 52.2221 -4.97878 0.190012
90 513.56 -255.718 52.2817 -4.96943 0.191479
91 513.043 -255.799 52.2689 -4.97143 0.191165
92 518.319 -255.308 52.2854 -4.97891 0.188419
93 518.604 -255.387 52.2605 -4.984 0.187525
94 501.347 -252.976 52.7663 -4.96609 0.176194
