0 360.928 -147.553 24.0252 -1.6344 0.0404221
1 255.827 -117.845 24.7568 -2.42851 0.0947273
2 349.421 -146.265 24.8304 -1.8098 0.0493428
3 291.819 -129.701 24.8696 -2.1371 0.0714257
4 448.785 -175.504 24.8144 -1.22209 0.0084885
5 381.963 -152.607 24.0182 -1.55651 0.0356488
6 418.754 -166.082 24.3524 -1.29628 0.0148567
7 313.475 -136.673 25.2218 -2.04571 0.0630313
8 339.501 -142.344 24.9541 -1.91439 0.0564261
9 331.52 -141.612 25.1882 -1.89824 0.0504714
10 327.895 -139.109 24.708 -1.96458 0.0616368
11 370.518 -152.33 24.8518 -1.68628 0.0404446
12 365.607 -151.819 25.0226 -1.6726 0.0357799
13 247.84 -115.417 25.8613 -2.72667 0.113846
14 359.503 -152.936 25.605 -1.68236 0.0320663
15 339.009 -143.433 25.2926 -1.92236 0.0536855
16 275.198 -122.563 25.4446 -2.42336 0.0898838
17 226.865 -108.201 25.7378 -2.89561 0.128159
18 352.867 -154.098 27.9428 -2.2084 0.0656692
19 211.69 -112.904 28.8998 -3.35916 0.148311
20 359.128 -155.877 27.5387 -2.10365 0.0594059
21 386.762 -163.329 27.2143 -1.89336 0.047094
22 331.49 -145.754 27.2351 -2.23622 0.0691484
23 323.768 -145.23 27.4248 -2.22232 0.0640431
24 535.346 -206.651 26.6073 -0.706741 -0.0425297
25 391.696 -162.04 26.6273 -1.85108 0.0470832
26 461.331 -187.567 28.032 -1.42585 0.00547286
27 478.994 -192.209 27.6885 -1.35972 0.00557736
28 472.875 -191.458 27.9096 -1.34287 0.000974177
29 462.981 -191.258 28.1029 -1.32016 -0.00306659
30 301.774 -137.069 28.1031 -2.68157 0.101024
31 306.017 -137.315 28.002 -2.68881 0.104416
32 383.14 -162.985 27.7736 -2.04035 0.0562072
33 432.154 -177.955 27.5465 -1.62173 0.0246669
34 276.475 -132.187 28.8739 -2.98927 0.123831
35 259.845 -130.705 29.3743 -2.95326 0.110615
36 470.975 -188.702 28.0069 -1.58921 0.0250214
37 468.827 -188.28 28.1041 -1.58455 0.0217818
38 255.824 -127.245 29.2136 -3.13262 0.130728
39 396.69 -168.591 27.7953 -1.85088 0.0404938
40 439.935 -179.167 27.3083 -1.59962 0.0263271
41 346.038 -149.362 27.2403 -2.26605 0.0746804
42 365.071 -156.924 27.6518 -2.16459 0.0656386
43 474.564 -188.432 26.9274 -1.3406 0.00850346
44 362.998 -154.91 27.3693 -2.19091 0.070324
45 495.667 -197.284 26.8776 -0.997256 -0.0207045
46 459.6 -182.547 26.723 -1.47132 0.0209447
47 435.209 -177.32 27.052 -1.56376 0.0231097
48 434.709 -176.886 27.1102 -1.56726 0.0195419
49 274.921 -121.963 24.4973 -2.33536 0.0906316
50 233.589 -108.971 24.6845 -2.69561 0.118087
51 257.437 -111.213 24.0895 -2.73533 0.13057
52 744.307 -373.955 73.0466 -6.20311 0.193251
53 845.355 -405.066 73.5464 -5.70013 0.158315
54 615.136 -335.172 74.383 -7.51668 0.292
55 878.328 -415.492 74.0893 -5.61076 0.150555
56 754.546 -379.937 75.0848 -6.61419 0.221905
57 614.191 -334.4 74.703 -7.61464 0.297895
58 750.715 -379.881 75.3629 -6.63733 0.220863
59 749.112 -379.836 75.3867 -6.63554 0.220292
60 759.247 -380.397 75.0843 -6.67009 0.228829
61 696.532 -362.732 75.3388 -7.06077 0.252953
62 661.625 -359.269 76.2754 -7.00463 0.232468
63 876.837 -417.868 74.6683 -5.599 0.145303
64 980.887 -446.485 74.09 -4.93345 0.101959
65 657.903 -355.017 77.0491 -7.5493 0.282182
66 672.484 -359.764 77.0565 -7.39035 0.269811
67 660.548 -358.36 77.3247 -7.38655 0.261581
68 809.39 -401.862 76.7864 -6.35735 0.192807
69 769.931 -391.092 76.9533 -6.60523 0.208213
70 701.899 -367.107 76.8272 -7.25614 0.262581
71 732.485 -376.424 76.6995 -7.01378 0.245081
72 713.615 -371.491 76.8774 -7.17486 0.257086
73 798.469 -401.506 78.4865 -6.77208 0.21952
74 1279.09 -532.802 78.3791 -4.33621 0.0553913
75 895.894 -443.27 83.3359 -6.72976 0.196283
76 808.387 -419.077 84.2605 -7.433 0.243855
77 875.901 -435.983 83.6448 -7.02515 0.219304
78 828.804 -423.693 84.008 -7.31654 0.237463
79 838.324 -424.333 83.7575 -7.3403 0.242808
80 737.478 -397.221 84.7497 -8.04371 0.28636
81 805.928 -417.352 84.7016 -7.65972 0.262239
82 813.078 -417.728 84.5355 -7.67508 0.265679
83 778.524 -408.713 84.7205 -7.85497 0.275267
84 668.063 -376.008 85.5338 -8.79777 0.345571
85 657.525 -375.19 85.8348 -8.77199 0.338126
86 656.542 -375.316 85.8269 -8.7703 0.338881
87 771.367 -410.492 86.0252 -8.01246 0.281515
88 689.092 -384.593 86.4163 -8.7605 0.337387
89 708.368 -385.979 85.8555 -8.81149 0.352651
90 1045.71 -489.668 83.7635 -5.7892 0.126786
91 1012.67 -480.485 84.1088 -6.07117 0.146624
92 909.715 -445.27 83.0594 -6.71389 0.199284
93 799.785 -412.616 83.9372 -7.66036 0.267793
94 859 -435.265 84.3248 -7.02333 0.211457
