0 39.0132 110.997 -43.2588 5.45182 -0.222402
1 52.2153 110.283 -43.519 5.42969 -0.217641
2 75.0426 109.348 -44.0642 5.37113 -0.205087
3 53.8639 107.019 -44.1754 5.41238 -0.186107
4 5.70873 111.005 -42.4944 5.5764 -0.240936
5 1.7223 110.605 -42.5013 5.58794 -0.236483
6 91.0021 103.331 -44.0374 5.54602 -0.219453
7 43.8214 105.172 -43.0277 5.65643 -0.240647
8 -9.78671 108.071 -41.6535 5.79456 -0.273112
9 -5.34414 107.702 -41.817 5.77648 -0.268662
10 -2.5809 107.93 -41.8157 5.77098 -0.270435
11 -3.00384 107.864 -41.8261 5.76934 -0.270692
12 -1.1108 108.015 -41.8218 5.76759 -0.271253
13 -4.16785 107.801 -41.8182 5.77308 -0.269782
14 -26.7667 108.703 -41.1522 5.86422 -0.289314
15 -32.8557 108.25 -41.148 5.87559 -0.2861
16 -25.9169 108.55 -41.2212 5.85565 -0.285855
17 -26.6407 108.451 -41.2342 5.85401 -0.286047
18 -26.9116 108.476 -41.2204 5.85753 -0.285324
19 -25.7659 108.513 -41.2365 5.85185 -0.286644
20 -18.2823 108.035 -41.41 5.84205 -0.28116
21 -15.1541 108.244 -41.4222 5.83448 -0.282907
22 -17.963 108.027 -41.422 5.8395 -0.281436
23 -24.1682 107.519 -41.4281 5.84967 -0.278245
24 15.5947 105.814 -42.4209 5.74012 -0.254057
25 16.2857 105.933 -42.401 5.7434 -0.253525
26 16.0514 105.896 -42.4067 5.7425 -0.253667
27 -11.478 107.636 -41.6093 5.81991 -0.275867
28 -11.5674 107.622 -41.6115 5.81956 -0.275921
29 -11.7138 107.599 -41.6151 5.81899 -0.27601
30 -11.7138 107.599 -41.6151 5.81899 -0.27601
31 -10.7197 107.708 -41.61 5.81709 -0.276874
32 -0.491001 106.595 -41.8845 5.80635 -0.268748
33 -20.9523 107.776 -41.2836 5.87308 -0.284317
34 -19.5323 107.801 -41.3045 5.86815 -0.284878
35 -18.5518 107.902 -41.2988 5.8673 -0.285293
36 -24.227 108.43 -41.082 5.88934 -0.291745
37 -8.60505 107.001 -41.6156 5.83991 -0.277473
38 -40.7197 110.9 -40.6985 5.88376 -0.299559
39 -4.21252 108.14 -41.7749 5.79534 -0.269542
40 -10.4668 107.903 -41.7321 5.80586 -0.268828
41 -9.06371 107.989 -41.7484 5.79726 -0.271315
42 -5.90057 108.412 -41.7027 5.79948 -0.272035
43 -10.2992 107.91 -41.7338 5.80543 -0.268842
44 -6.26639 108.307 -41.7237 5.79651 -0.272182
45 -61.5093 122.232 -41.0893 5.36529 -0.242674
46 -75.6026 123.542 -40.6342 5.40272 -0.254603
47 -75.6537 123.499 -40.6482 5.39904 -0.255464
48 -77.6994 123.319 -40.6424 5.40752 -0.252575
49 -35.8491 120.04 -41.5297 5.35581 -0.234785
50 -40.7911 120.191 -41.4313 5.36624 -0.236922
51 -37.0445 119.675 -41.5362 5.35723 -0.236545
52 -42.5057 119.213 -41.5231 5.37618 -0.230492
53 -60.775 121.097 -40.9281 5.41734 -0.249992
54 -52.3981 121.052 -41.0089 5.40807 -0.249734
55 -50.593 121.277 -40.985 5.4098 -0.249797
56 -56.3526 120.543 -41.0503 5.4125 -0.246263
57 -54.465 120.803 -41.0193 5.41507 -0.246341
58 -82.6267 122.071 -40.2521 5.5027 -0.26787
59 -57.8491 119.505 -40.8449 5.47317 -0.255818
60 -60.7203 120.098 -40.7138 5.4793 -0.259727
61 -35.5658 118.113 -41.3571 5.43742 -0.24321
62 -38.0357 117.763 -41.3994 5.4343 -0.242835
63 -39.3713 117.619 -41.4058 5.43689 -0.241694
64 -37.7538 117.824 -41.3849 5.43786 -0.241972
65 -35.8426 117.983 -41.3833 5.43444 -0.243054
66 -50.0361 119.442 -41.0342 5.45147 -0.250927
67 -50.3332 119.385 -41.0448 5.44959 -0.251254
68 -50.7313 119.36 -41.0416 5.45137 -0.250763
69 -45.943 119.082 -41.1565 5.44111 -0.248286
70 -58.6484 119.445 -40.8545 5.47925 -0.25595
71 -71.8278 120.691 -40.4155 5.51646 -0.266942
72 -69.8944 120.902 -40.4072 5.51167 -0.269091
73 -51.7025 118.412 -40.8196 5.50355 -0.258654
74 -54.695 118.024 -40.8552 5.50478 -0.256751
75 -53.613 118.225 -40.818 5.51168 -0.255471
76 -34.1811 117.202 -41.3248 5.45825 -0.244598
77 -36.0036 116.976 -41.3479 5.45691 -0.244415
78 -35.357 117.096 -41.3257 5.46103 -0.24365
79 -35.3563 117.07 -41.3346 5.45875 -0.244154
80 -48.2397 117.635 -41.0101 5.49269 -0.252245
81 -54.5411 118.112 -40.8429 5.50104 -0.258876
82 -52.3654 118.384 -40.8168 5.50159 -0.259476
83 -47.8283 118.902 -40.7834 5.49625 -0.262453
84 -49.3804 118.806 -40.7721 5.50239 -0.260808
85 -50.3973 118.642 -40.7979 5.49847 -0.261388
86 -55.5342 118.125 -40.8168 5.50763 -0.257775
87 -52.0465 118.59 -40.7685 5.50885 -0.259069
88 -53.5094 118.446 -40.7702 5.51324 -0.257421
89 -52.0531 118.416 -40.8084 5.50462 -0.258711
90 -91.0585 115.365 -40.2226 5.66026 -0.242501
91 -60.6217 118.088 -40.2492 5.56476 -0.274432
92 -61.5838 117.987 -40.2527 5.56702 -0.27349
93 -62.5546 117.855 -40.2669 5.56646 -0.273184
94 -170.661 157.575 -40.4444 4.30143 -0.161062
