0 433.364 -200.364 37.4704 -3.0676 0.0943014
1 438.654 -200.817 37.2995 -3.08377 0.0977051
2 527.336 -228.457 38.4417 -2.79246 0.0751977
3 493.998 -221.052 38.9789 -2.94127 0.0807556
4 347.146 -177.823 40.1096 -4.16009 0.166517
5 496.065 -230.366 42.6487 -3.45081 0.104474
6 584.551 -254.198 41.6526 -2.72322 0.0550925
7 585.538 -254.707 41.5487 -2.73019 0.057213
8 468.074 -215.873 40.2028 -3.30698 0.102855
9 581.578 -250.647 39.4091 -2.29417 0.0286106
10 584.037 -250.748 39.3508 -2.29981 0.0305566
11 450.085 -209.486 39.4265 -3.25747 0.100754
12 375.425 -187.569 39.6353 -3.79533 0.139047
13 558.933 -239.622 38.5905 -2.49536 0.0510613
14 565.408 -240.293 38.377 -2.5116 0.0560271
15 651.462 -271.122 38.1936 -1.51599 -0.0269221
16 552.845 -240.709 39.1567 -2.4961 0.0456909
17 418.652 -202.621 40.3584 -3.58912 0.121163
18 410.389 -201.943 40.6162 -3.56597 0.114755
19 411.469 -202.118 40.5692 -3.56756 0.116987
20 423.659 -203.138 40.2341 -3.59564 0.12411
21 441.231 -204.559 39.6811 -3.64498 0.140621
22 446.023 -204.7 39.5844 -3.657 0.14183
23 426.731 -203.329 40.1505 -3.60365 0.12636
24 422.833 -202.646 40.3031 -3.59711 0.121799
25 210.762 -141.083 41.6292 -5.21982 0.236148
26 221.068 -142.479 41.351 -5.22999 0.242808
27 224.472 -142.503 41.2953 -5.23861 0.242825
28 273.195 -160.319 42.1095 -4.93263 0.214887
29 407.169 -200.805 40.9597 -3.70245 0.125956
30 548.007 -245.193 41.6754 -2.86564 0.0616958
31 399.147 -200.435 41.8984 -3.858 0.130535
32 416.379 -201.669 41.2527 -3.94054 0.150177
33 555.475 -240.819 40.7872 -3.03029 0.0862817
34 551.216 -241.178 40.7904 -3.01925 0.0897484
35 533.815 -238.888 41.2926 -3.00096 0.075806
36 529.623 -238.484 41.3955 -2.99716 0.0721249
37 297.023 -164.274 41.3544 -4.81256 0.214031
38 317.561 -165.963 40.7662 -4.85837 0.228941
39 586.271 -251.055 38.7926 -2.14875 0.0201097
40 607.633 -252.569 38.344 -2.18269 0.0279047
41 638.847 -263.175 38.1601 -1.90001 0.0100684
42 438.947 -200.394 37.1062 -3.06611 0.0973934
43 348.029 -173.239 38.0801 -3.96361 0.163413
44 481.025 -212.094 36.9609 -2.80469 0.0790414
45 481.299 -212.095 36.9539 -2.80681 0.0785643
46 542.085 -215.835 35.6057 -2.91999 0.107807
47 380.516 -182.464 37.7971 -3.69412 0.144552
48 356.45 -180.249 38.5328 -3.63622 0.127477
49 397.483 -184.181 37.4946 -3.70388 0.149856
50 368.114 -182.256 38.2639 -3.64022 0.131495
51 368.733 -182.408 38.2155 -3.64459 0.133713
52 365.263 -182.751 38.1971 -3.64133 0.135273
53 373.255 -182.601 38.1282 -3.64793 0.138173
54 390.415 -184.103 37.7121 -3.68046 0.144815
55 379.757 -183.237 38.0114 -3.65592 0.138111
56 389.266 -184.278 37.7398 -3.67151 0.145101
57 563.495 -236.813 37.2038 -2.34207 0.0480409
58 560.644 -236.335 37.2958 -2.3408 0.0445612
59 555.384 -236.149 37.4168 -2.32657 0.0420299
60 573.728 -237.189 36.9243 -2.37853 0.053684
61 570.26 -237.513 36.9226 -2.3691 0.0568175
62 584.814 -243.207 37.0842 -2.18956 0.0369561
63 216.578 -134.755 38.269 -4.76354 0.216935
64 440.549 -194.552 36.2422 -3.03826 0.0980254
65 528.534 -220.908 36.0248 -2.40662 0.0516108
66 147.363 -110.772 37.2848 -5.10437 0.247488
67 348.102 -167.491 35.6889 -3.49264 0.132626
68 358.142 -167.65 35.5521 -3.50547 0.134867
69 394.926 -179.469 35.3149 -3.13342 0.105732
70 394.358 -179.837 35.243 -3.13722 0.108691
71 326.675 -160.841 35.9172 -3.69976 0.147958
72 495.25 -209.349 35.0212 -2.47182 0.0618454
73 486.266 -208.722 35.2772 -2.44824 0.0555795
74 475.475 -208.371 35.5185 -2.42202 0.0493283
75 506.717 -213.509 35.0735 -2.34691 0.0509011
76 333.835 -158.515 34.1079 -3.43289 0.13603
77 847.503 -306.701 28.8179 1.03907 -0.175163
78 369.588 -163.409 30.9742 -2.61324 0.0830187
79 379.832 -164.525 30.6074 -2.64173 0.0928535
80 323.395 -145.253 30.3612 -2.98381 0.115664
81 326.939 -145.632 30.2453 -2.99276 0.118717
82 298.402 -137.371 30.5092 -3.19176 0.130817
83 275.804 -136.633 31.0138 -3.13609 0.117529
84 302.404 -138.586 30.2412 -3.20537 0.138348
85 413.046 -174.266 29.8394 -2.2012 0.060711
86 602.277 -232.134 29.2699 -0.698721 -0.0518487
87 242.225 -125.008 31.443 -3.61712 0.157684
88 238.423 -124.407 31.6216 -3.60278 0.153058
89 250.184 -125.591 31.2622 -3.6305 0.161295
90 240.479 -125.469 31.447 -3.60575 0.157968
91 679.224 -256.135 29.1885 -0.140012 -0.0921286
92 300.049 -125.347 23.7537 -2.0946 0.0738306
93 318.596 -126.542 23.221 -2.14596 0.0891649
94 34.6376 -47.6784 25.4165 -4.12402 0.215596
