0 907.771 -493.807 108.345 -10.8273 0.417912
1 1047.18 -541.676 108.082 -9.44574 0.306986
2 981.23 -525.296 108.655 -9.73669 0.315679
3 1016.06 -527.279 107.654 -9.8431 0.344676
4 991.168 -526.251 108.245 -9.78327 0.328807
5 1006.32 -526.384 107.944 -9.82339 0.337772
6 1130.58 -565.765 107.257 -8.72235 0.25502
7 1142.45 -566.548 106.903 -8.74162 0.263818
8 1106.74 -563.661 107.978 -8.65341 0.234793
9 1130.94 -564.927 107.277 -8.73012 0.25525
10 968.487 -517.024 107.97 -10.0034 0.348312
11 969.31 -516.531 108.054 -10.0001 0.345926
12 953.611 -516.251 108.393 -9.95441 0.33752
13 968.062 -517.314 108.089 -9.97467 0.343018
14 968.095 -516.987 108.154 -9.97011 0.34175
15 766.821 -452.252 107.384 -11.3682 0.45199
16 750.797 -452.013 107.69 -11.3329 0.44359
17 784.796 -454.088 106.741 -11.4226 0.469789
18 751.188 -451.927 107.763 -11.3143 0.442336
19 788.87 -453.862 106.622 -11.4567 0.473693
20 758.158 -452.097 107.444 -11.3789 0.452795
21 663.654 -423.387 108.242 -12.1693 0.50682
22 690.007 -425.324 107.424 -12.2472 0.52908
23 684.643 -424.637 107.63 -12.2321 0.523262
24 671.227 -422.624 108.15 -12.2012 0.509879
25 679.018 -424.521 107.717 -12.226 0.52089
26 681.644 -424.997 107.655 -12.2223 0.524108
27 687.661 -424.675 107.632 -12.231 0.523097
28 679.627 -424.576 107.798 -12.2085 0.51871
29 663.709 -422.995 108.345 -12.1652 0.503305
30 685.937 -424.694 107.72 -12.2183 0.519283
31 675.465 -424.349 107.93 -12.1958 0.515197
32 708.811 -428.322 106.79 -12.2808 0.543746
33 703.972 -427.168 107.017 -12.2739 0.535939
34 1163.54 -581.206 109.996 -9.0655 0.276043
35 1162.66 -581.265 110.002 -9.06186 0.27706
36 1153.22 -579.957 110.215 -9.06023 0.270721
37 1148.14 -579.778 110.335 -9.04481 0.26859
38 1154.64 -580.257 110.141 -9.06139 0.274995
39 1153.93 -580.37 110.123 -9.06417 0.274559
40 1152.23 -580.117 110.208 -9.0546 0.273279
41 1172.02 -581.621 109.734 -9.09031 0.281973
42 1175.19 -581.426 109.723 -9.09741 0.280217
43 1133.75 -579.704 110.821 -8.96325 0.254567
44 1023.24 -541.376 109.678 -9.69812 0.316591
45 738.107 -447.284 108.522 -11.8069 0.483319
46 754.418 -448.266 108.018 -11.8624 0.498089
47 753.492 -447.978 108.084 -11.861 0.494779
48 760.617 -448.928 107.823 -11.8763 0.502878
49 730.608 -446.104 108.671 -11.8196 0.483772
50 730.279 -446.166 108.66 -11.8217 0.483407
51 871.393 -488.761 108.103 -10.6688 0.396818
52 889.899 -490.529 107.651 -10.6984 0.405081
53 1253.45 -615.692 112.629 -8.76795 0.241979
54 1252.19 -615.821 112.626 -8.76491 0.243184
55 1225.05 -612.953 113.481 -8.70754 0.219655
56 1251.6 -615.651 112.689 -8.75654 0.240397
57 1231.5 -614.49 113.225 -8.70636 0.22768
58 1231.46 -614.47 113.235 -8.70343 0.228465
59 1226.77 -614.949 113.205 -8.69998 0.230411
60 1260.49 -616.483 112.547 -8.75942 0.242342
61 1226.64 -614.875 113.483 -8.65027 0.217502
62 1259.22 -617.159 112.808 -8.69906 0.23004
63 1240.39 -616.157 113.245 -8.65302 0.225034
64 1240.11 -616.293 113.205 -8.6623 0.223137
65 1231.24 -615.668 113.471 -8.63747 0.216117
66 956.441 -531.639 114.528 -10.8612 0.382593
67 974.791 -533.048 114.044 -10.8999 0.392639
68 968.267 -532.349 114.174 -10.8949 0.390103
69 971.154 -532.662 114.078 -10.8983 0.394826
70 942.927 -529.877 114.865 -10.8522 0.374198
71 980.415 -531.844 113.912 -10.9453 0.399153
72 974.877 -532.41 113.887 -10.9378 0.402046
73 981.417 -531.984 113.877 -10.9466 0.400497
74 966.369 -531.159 114.27 -10.9077 0.38995
75 968.339 -531.977 114.091 -10.9182 0.394646
76 971.256 -531.58 114.139 -10.9137 0.394805
77 979.321 -532.206 113.85 -10.9468 0.402733
78 976.025 -532.56 113.829 -10.9435 0.404439
79 1280.27 -622.809 111.613 -8.33122 0.21478
80 1302.89 -626.194 111.194 -8.3233 0.222021
81 1256.46 -622.595 112.572 -8.20569 0.184793
82 1253.36 -622.288 112.68 -8.19844 0.180749
83 1250.78 -622.438 112.692 -8.19348 0.181476
84 978.462 -535.679 113.752 -10.6867 0.375853
85 991.506 -536.34 113.433 -10.7187 0.383539
86 990.423 -536.476 113.416 -10.7207 0.383306
87 989.96 -536.397 113.456 -10.7099 0.385738
88 990.369 -536.408 113.44 -10.715 0.384521
89 966.879 -534.869 114.115 -10.6507 0.367482
90 980.912 -535.828 113.71 -10.6897 0.376401
91 1016.88 -538.469 112.722 -10.7672 0.403563
92 969.506 -535.277 114.041 -10.6484 0.368949
93 969.817 -535.219 114.044 -10.651 0.367754
94 958.178 -534.444 114.435 -10.6054 0.357206
