0 345.913 -106.01 6.82367 0.849572 -0.0807358
1 166.759 -53.7065 8.66635 -0.772237 0.0361366
2 153.502 -52.7368 9.00263 -0.749705 0.0272054
3 154.084 -52.6997 8.99894 -0.751929 0.0265768
4 938.976 -111.151 -7.94204 -1.95495 0.382803
5 371.357 -116.044 10.4252 0.145167 -0.0352819
6 382.391 -116.792 10.1945 0.128783 -0.0313504
7 212.54 -79.2197 12.5975 -0.814292 0.0187394
8 213.568 -79.1894 12.58 -0.820743 0.01713
9 28.1339 -10.8891 10.2394 -2.18863 0.137381
10 28.8236 -10.8488 10.2354 -2.19078 0.136836
11 300.734 -99.3935 11.5611 -0.363572 -0.00536264
12 302.552 -99.3108 11.5517 -0.367392 -0.00619142
13 65.068 -29.6305 9.64344 -1.21046 0.052414
14 131.754 -35.2368 7.81428 -1.35419 0.0968291
15 101.621 -32.1938 8.71235 -1.29164 0.0730862
16 384.61 -130.746 13.2914 0.0970142 -0.0488135
17 167.16 -63.368 13.5418 -1.53673 0.0737337
18 967.441 -458.144 81.8412 -6.29594 0.176916
19 946.518 -457.037 82.408 -6.23184 0.164048
20 948.465 -457.023 82.3685 -6.24212 0.162465
21 959.689 -457.935 81.9571 -6.26292 0.173984
22 961.003 -457.811 81.9585 -6.26632 0.172784
23 959.823 -457.923 81.9533 -6.26504 0.173326
24 960.412 -457.865 81.9533 -6.26732 0.172441
25 958.602 -458.022 81.9582 -6.2603 0.174769
26 965.65 -458.137 81.8155 -6.27951 0.177455
27 799.671 -408.161 82.6855 -7.59073 0.268879
28 794.122 -407.935 82.7893 -7.58093 0.267022
29 841.977 -410.651 81.8111 -7.66187 0.284467
30 782.394 -408.543 83.2355 -7.49738 0.253099
31 798.698 -409.404 82.7875 -7.54459 0.26494
32 798.9 -409.417 82.7778 -7.54738 0.264302
33 805.315 -409.003 82.7629 -7.56044 0.260816
34 812.766 -410.58 82.4116 -7.57329 0.27368
35 815.653 -410.354 82.4108 -7.579 0.271968
36 806.78 -410.071 82.5946 -7.55862 0.268058
37 806.78 -410.071 82.5946 -7.55862 0.268058
38 804.799 -410.228 82.5954 -7.55445 0.269327
39 811.155 -409.737 82.5974 -7.56472 0.266321
40 810.507 -409.825 82.5854 -7.56635 0.266099
41 817.789 -411.109 82.3913 -7.56696 0.272023
42 814.375 -411.335 82.3945 -7.56186 0.27333
43 821.23 -410.83 82.3938 -7.57255 0.270346
44 816.077 -411.235 82.3941 -7.56279 0.273277
45 810.218 -410.384 82.5285 -7.56195 0.269244
46 811.105 -410.565 82.4815 -7.56457 0.270979
47 780.97 -408.579 83.3616 -7.48118 0.247888
48 783.877 -408.365 83.3596 -7.48654 0.246346
49 785.905 -409.046 83.1727 -7.49935 0.254569
50 785.694 -409.067 83.1726 -7.49851 0.254911
51 789.479 -408.822 83.1594 -7.50782 0.252498
52 787.656 -408.991 83.1583 -7.50294 0.25419
53 789.477 -408.88 83.146 -7.5098 0.252323
54 787.987 -408.931 83.168 -7.50171 0.254276
55 787.902 -408.947 83.1651 -7.50224 0.254183
56 769.885 -400.255 82.7491 -7.71283 0.273987
57 767.563 -400.439 82.7475 -7.70915 0.275098
58 767.506 -400.448 82.746 -7.70938 0.275064
59 755.301 -399.896 83.0996 -7.66356 0.266254
60 754.678 -399.994 83.0842 -7.66597 0.265876
61 754.836 -399.969 83.0881 -7.66536 0.265971
62 754.005 -399.65 83.1689 -7.65835 0.264192
63 798.392 -402.898 81.8791 -7.77746 0.298013
64 354.049 -137.517 20.8686 -1.28339 0.026911
65 359.168 -137.863 20.7241 -1.29894 0.029103
66 356.721 -137.458 20.8075 -1.29604 0.026645
67 355.404 -137.028 20.8814 -1.29504 0.0239609
68 512.664 -182.008 19.0937 0.0329778 -0.0614225
69 658.933 -250.895 36.2896 -2.21063 0.0483978
70 377.896 -187.872 40.1491 -3.99468 0.155583
71 391.299 -188.739 39.7788 -4.02568 0.167732
72 -715.67 123.113 46.3609 -11.6641 0.676491
73 -532.535 106.313 41.7819 -11.9653 0.781207
74 -541.738 106.38 41.9402 -11.9422 0.779622
75 -549.548 107.033 42.1782 -11.9218 0.773346
76 -550.911 106.88 42.1708 -11.9188 0.77478
77 -563.184 108.622 42.5133 -11.9094 0.765125
78 456.642 -229.78 47.4346 -4.38511 0.153813
79 483.08 -231.329 46.7544 -4.45205 0.169508
80 483.04 -237.033 47.3201 -4.23701 0.144473
81 501.689 -238.444 46.8164 -4.27912 0.157137
82 506.894 -238.691 46.712 -4.28929 0.158953
83 496.726 -238.153 46.9841 -4.26008 0.152514
84 483.162 -237.078 47.2733 -4.24496 0.146215
85 482.743 -237.135 47.2655 -4.24602 0.146072
86 480.508 -236.572 47.4195 -4.23405 0.141596
87 448.778 -227.422 47.8188 -4.5901 0.170421
88 449.194 -227.361 47.8272 -4.58907 0.170524
89 455.717 -227.841 47.6644 -4.60101 0.174134
90 470.234 -228.995 47.2845 -4.62821 0.183162
91 469.133 -229.145 47.2642 -4.63098 0.182785
92 473.664 -229.303 47.2005 -4.63274 0.185426
93 466.592 -228.778 47.4162 -4.61399 0.17924
94 475.547 -235.624 47.7595 -4.36384 0.153863
