0 341.71 -147.014 25.8453 -1.93661 0.0535614
1 352.783 -147.72 25.595 -1.95682 0.0583494
2 318.289 -140.021 25.9991 -2.12944 0.0664774
3 323.868 -140.46 25.8036 -2.15095 0.071914
4 303.097 -137.954 26.3277 -2.14244 0.063866
5 298.174 -133.371 26.0789 -2.29578 0.0779527
6 301.782 -139.839 26.9442 -2.22892 0.0685435
7 364.431 -156.895 26.8365 -1.90366 0.047305
8 380.183 -157.784 26.3812 -1.95268 0.0609466
9 355.939 -151.406 26.7685 -2.09408 0.0628504
10 345.95 -150.68 27.0635 -2.06452 0.0558729
11 366.121 -154.563 26.6821 -1.98894 0.055678
12 350.409 -152.812 27.1374 -1.96307 0.0446729
13 332.66 -147.393 27.1582 -2.18261 0.0655534
14 336.284 -147.104 27.1506 -2.19308 0.0623974
15 121.544 -84.5463 28.2498 -3.80241 0.179876
16 130.574 -85.4278 27.9399 -3.82834 0.18896
17 325.42 -142.399 27.6463 -2.53989 0.0963116
18 314.741 -141.693 27.8717 -2.52485 0.0918591
19 247.517 -118.502 27.0722 -2.87276 0.117543
20 253.2 -119.436 26.8177 -2.89118 0.123857
21 290.764 -134.151 27.6625 -2.60125 0.0952067
22 279.055 -133.743 27.9495 -2.56905 0.0882729
23 279.725 -133.729 27.9318 -2.57583 0.0864599
24 280.669 -133.362 27.9892 -2.5723 0.0855397
25 280.565 -133.395 27.9812 -2.57407 0.0851831
26 277.583 -133.685 27.9771 -2.56594 0.0881649
27 279.376 -133.499 27.9839 -2.5696 0.0866722
28 525.677 -197.575 25.412 -0.861234 -0.0186878
29 520.735 -198.113 25.3849 -0.853103 -0.0149491
30 517.697 -198.423 25.3752 -0.846418 -0.0123078
31 523.084 -197.925 25.3787 -0.860337 -0.0170897
32 522.809 -198.05 25.3454 -0.867789 -0.0185956
33 625.907 -217.742 28.8547 -1.59979 0.0316583
34 623.02 -218.196 28.7836 -1.61095 0.0299075
35 623.367 -218.141 28.7922 -1.60961 0.0301181
36 622.887 -218.216 28.7804 -1.61146 0.029827
37 611.927 -218.857 28.825 -1.58609 0.0359663
38 533.274 -217.806 30.7477 -1.27307 -0.0181306
39 568.597 -221.355 29.8909 -1.3059 0.000750034
40 903.428 -321.965 28.2018 1.40293 -0.196841
41 854.993 -317.935 29.5325 1.50715 -0.233506
42 852.674 -318.136 29.5348 1.51391 -0.231324
43 850.342 -318.352 29.5368 1.52204 -0.228472
44 849.244 -318.524 29.5098 1.5178 -0.229138
45 877.992 -320.578 29.0511 1.49143 -0.222476
46 881.469 -320.422 29.0346 1.48468 -0.223927
47 881.469 -320.422 29.0346 1.48468 -0.223927
48 881.712 -320.383 29.0406 1.48562 -0.22378
49 877.717 -320.644 29.0527 1.49478 -0.221414
50 985.512 -311.083 29.9008 1.57 -0.214743
51 938.264 -318.497 28.7373 1.38742 -0.243394
52 844.039 -318.058 30.006 1.56406 -0.243457
53 843.046 -318.193 29.9876 1.56156 -0.243797
54 843.046 -318.193 29.9876 1.56156 -0.243797
55 842.991 -318.202 29.9862 1.56135 -0.24383
56 861.717 -319.454 29.4373 1.50755 -0.228898
57 901.203 -321.926 28.2349 1.37824 -0.192952
58 900.914 -321.971 28.2278 1.37712 -0.193127
59 901.001 -321.958 28.2299 1.37746 -0.193075
60 899.091 -322.119 28.2327 1.38314 -0.191279
61 899.24 -322.096 28.2364 1.38372 -0.191189
62 935.998 -325.894 27.1703 1.35219 -0.16792
63 966.831 -324.431 27.0469 1.29734 -0.17987
64 966.831 -324.431 27.0469 1.29734 -0.17987
65 966.831 -324.431 27.0469 1.29734 -0.17987
67 966.374 -324.494 27.0384 1.29619 -0.180027
68 966.374 -324.494 27.0384 1.29619 -0.180027
69 966.374 -324.494 27.0384 1.29619 -0.180027
70 966.374 -324.494 27.0384 1.29619 -0.180027
71 966.374 -324.494 27.0384 1.29619 -0.180027
73 877.387 -330.272 27.0094 1.37804 -0.160064
74 886.602 -329.019 27.1798 1.40122 -0.156912
76 874.844 -330.43 27.0105 1.38091 -0.15935
77 1386.21 -298.818 28.9647 1.50171 -0.151882
78 1386.21 -298.818 28.9647 1.50171 -0.151882
79 1211.18 -322.622 25.7274 1.06144 -0.211759
80 1210.41 -322.727 25.7131 1.05949 -0.212024
82 1237.5 -319.476 26.1032 1.10631 -0.206406
83 1237.5 -319.476 26.1032 1.10631 -0.206406
84 1237.5 -319.476 26.1032 1.10631 -0.206406
85 1216.24 -322.368 25.7099 1.05282 -0.21368
86 1216.3 -322.359 25.7111 1.05298 -0.213658
87 1216.3 -322.359 25.7111 1.05298 -0.213658
89 1243.9 -319.047 26.1085 1.10067 -0.207936
90 1335.06 -310.192 26.9687 1.18423 -0.199818
91 1422.11 -361.474 20.8097 1.07483 -0.0916119
92 1422.11 -361.474 20.8097 1.07483 -0.0916119
93 1422.11 -361.474 20.8097 1.07483 -0.0916119
94 1420.02 -361.66 20.7932 1.07337 -0.0917414
