0 1125.88 -577.195 112.604 -9.56235 0.29925
1 1212.23 -599.513 111.613 -8.99217 0.26635
2 1125.12 -575.288 112.027 -9.52493 0.300226
3 1111.7 -574.622 112.408 -9.48453 0.288524
4 786.063 -471.773 113.141 -12.1758 0.494613
5 974.518 -532.014 112.491 -10.4905 0.365683
6 976.023 -531.925 112.474 -10.4991 0.363256
7 977.117 -531.836 112.473 -10.5017 0.362476
8 968.534 -531.391 112.674 -10.4797 0.360218
9 981.712 -532.227 112.287 -10.5195 0.369651
10 1009.87 -534.274 111.452 -10.5964 0.392784
11 979.228 -531.719 112.336 -10.5292 0.369647
12 977.1 -531.861 112.349 -10.5211 0.371868
13 978.108 -531.781 112.343 -10.5263 0.370195
14 983.658 -532.062 112.235 -10.5362 0.371658
15 958.688 -527.726 112.559 -10.5475 0.365787
16 957.59 -527.844 112.555 -10.5447 0.366983
17 960.227 -527.617 112.553 -10.5519 0.364684
18 968.338 -528.785 112.226 -10.5723 0.374769
19 961.074 -527.725 112.486 -10.5568 0.36791
20 961.176 -527.734 112.479 -10.559 0.367334
21 962.833 -527.567 112.485 -10.5618 0.366206
22 984.786 -529.534 111.751 -10.622 0.388479
23 960.791 -526.802 112.538 -10.5724 0.367698
24 979.445 -529.091 111.909 -10.6052 0.38201
25 980.119 -529.019 111.915 -10.6053 0.381858
26 978.854 -529.142 111.913 -10.6018 0.383143
27 968.98 -528.172 112.088 -10.5969 0.379118
28 958.587 -526.823 112.435 -10.5775 0.370428
29 959.801 -526.729 112.43 -10.5824 0.368947
30 954.646 -526.175 112.537 -10.5781 0.366807
31 953.831 -526.295 112.52 -10.5801 0.366619
32 977.214 -529.017 112.082 -10.5844 0.378865
33 989.451 -529.662 111.781 -10.6143 0.386451
34 975.023 -528.632 112.057 -10.6018 0.379608
35 969.771 -528.302 112.227 -10.58 0.376398
36 973.045 -528.841 112.128 -10.5866 0.377307
37 952.27 -525.894 112.511 -10.5812 0.370763
38 981.37 -528.136 111.858 -10.6239 0.383916
39 979.673 -528.328 111.845 -10.6223 0.384848
40 957.744 -526.43 112.488 -10.5725 0.369561
41 995.164 -529.35 111.533 -10.6448 0.390671
42 981.196 -527.47 112.06 -10.6099 0.377154
43 975.161 -528.037 112.039 -10.6017 0.380224
44 975.246 -528.087 112.018 -10.6075 0.378858
45 975.471 -527.965 112.054 -10.5989 0.380717
46 968.431 -527.04 112.228 -10.5962 0.37534
47 967.963 -527.114 112.217 -10.5979 0.375091
48 966.289 -527.238 112.225 -10.5914 0.37699
49 932.882 -524.994 113.144 -10.5143 0.351834
50 935.881 -524.685 113.152 -10.5226 0.348492
51 936.869 -524.563 113.164 -10.5221 0.348308
52 1018.79 -531.708 111.019 -10.6549 0.401449
53 1012.5 -532.471 110.96 -10.6497 0.405483
54 1014.01 -532.268 110.983 -10.6484 0.405211
55 1011.58 -532.522 110.973 -10.6435 0.407237
56 1012.72 -532.435 110.964 -10.6497 0.405258
57 1015.3 -532.132 110.996 -10.6473 0.405271
58 1009.31 -532.746 110.97 -10.6375 0.409287
59 1015.06 -532.223 110.967 -10.6553 0.403233
60 1012.72 -532.369 110.996 -10.6395 0.408002
61 1017.37 -532.01 110.987 -10.6517 0.404423
62 1013.72 -532.468 110.944 -10.6516 0.405831
63 972.684 -530.136 112.209 -10.5037 0.368855
64 974.486 -529.96 112.212 -10.5086 0.367062
65 992.008 -531.137 111.732 -10.5532 0.37978
66 992.074 -531.084 111.749 -10.5489 0.380758
67 980.401 -529.923 112.064 -10.5374 0.373321
68 982.76 -529.646 112.084 -10.5396 0.371875
69 972.212 -529.343 112.291 -10.5187 0.367654
70 964.72 -528.578 112.462 -10.512 0.363338
71 964.142 -528.602 112.471 -10.5083 0.364283
72 996.24 -530.702 111.584 -10.5938 0.38753
73 991.999 -530.871 111.607 -10.5908 0.386004
74 966.36 -529.432 112.393 -10.4994 0.364832
75 969.536 -529.167 112.397 -10.5043 0.363239
76 971.896 -528.862 112.427 -10.504 0.362323
77 1015.93 -532.895 111.336 -10.573 0.387582
78 1012.29 -533.25 111.33 -10.5638 0.390992
79 1009.5 -533.555 111.307 -10.5631 0.391784
80 990.533 -531.746 111.985 -10.5021 0.371196
81 989.66 -531.784 111.993 -10.4988 0.371974
82 1015.44 -533.552 111.408 -10.5468 0.384126
83 1013.68 -533.878 111.348 -10.558 0.382047
84 1001.84 -532.472 111.664 -10.5307 0.380466
85 998.355 -532.852 111.635 -10.53 0.381409
86 998.302 -532.862 111.634 -10.5303 0.381346
87 998.414 -532.787 111.657 -10.5245 0.382618
88 1007.67 -532.831 111.518 -10.5443 0.382895
89 981.195 -530.425 112.215 -10.501 0.367069
90 980.641 -530.528 112.196 -10.5045 0.366414
91 980.366 -530.54 112.2 -10.5028 0.366882
92 973.973 -531.232 112.171 -10.4892 0.372874
93 974.815 -531.076 112.199 -10.4838 0.37387
94 972.05 -529.569 112.422 -10.4929 0.362158
